* Measurement data measured by REW V5.31.3
* Source: USB-C to 3.5mm Headphone Jack Adapter, USB-C to 3.5mm Headphone Jack Adapter, 0, volume: 0.138
* Format: 256k Log Swept Sine, 1 sweep at -12.0 dBFS with no timing reference
* Dated: Sep 27, 2024 11:55:31 PM
* REW Settings:
*  C-weighting compensation: Off
*  Target level: 75.0 dB
* Note: 
* Measurement: R
* Smoothing: None
* Frequency Step: 1/48 octave
* Start Frequency: 20.300 Hz
*
* Freq(Hz)	SPL(dB)	Phase(degrees)
20.299999	111.389	172.4031
20.600000	111.362	171.8427
20.900000	111.329	171.3411
21.200001	111.296	170.8458
21.400000	111.275	170.5162
21.799999	111.235	169.8569
22.000000	111.217	169.5284
22.400000	111.180	168.8802
22.700001	111.152	168.4080
23.000000	111.123	167.9510
23.299999	111.094	167.5088
23.600000	111.063	167.0778
24.000000	111.022	166.5109
24.299999	110.991	166.0857
24.700001	110.949	165.5161
25.000000	110.917	165.0910
25.400000	110.874	164.5369
25.799999	110.831	164.0073
26.200001	110.789	163.5046
26.500000	110.757	163.1409
26.900000	110.715	162.6643
27.200001	110.683	162.3083
27.600000	110.639	161.8332
28.000000	110.594	161.3596
28.500000	110.539	160.7746
29.000000	110.486	160.1969
29.500000	110.436	159.6243
30.000000	110.384	159.0661
30.400000	110.340	158.6423
30.700001	110.305	158.3430
31.100000	110.257	157.9687
31.500000	110.210	157.6144
32.000000	110.152	157.1793
32.500000	110.096	156.7357
33.000000	110.041	156.2804
33.500000	109.986	155.8210
34.000000	109.931	155.3670
34.500000	109.875	154.9250
35.000000	109.819	154.4991
35.500000	109.763	154.0900
36.000000	109.708	153.6947
36.500000	109.653	153.3093
37.000000	109.598	152.9310
37.500000	109.544	152.5590
38.200001	109.467	152.0483
38.700001	109.411	151.6933
39.500000	109.321	151.1511
40.000000	109.265	150.8268
40.599998	109.200	150.4430
41.200001	109.134	150.0636
41.799999	109.070	149.6944
42.500000	108.997	149.2713
43.099998	108.934	148.9060
43.700001	108.870	148.5534
44.400002	108.793	148.1874
45.000000	108.730	147.8951
45.500000	108.679	147.6386
46.200001	108.603	147.2557
46.799999	108.536	146.9353
47.500000	108.461	146.5873
48.200001	108.390	146.2493
48.700001	108.340	146.0137
49.400002	108.268	145.7036
50.000000	108.207	145.4466
50.799999	108.128	145.0887
51.500000	108.057	144.7833
52.200001	107.989	144.5254
53.000000	107.916	144.2439
53.799999	107.837	143.9075
54.500000	107.758	143.6418
55.200001	107.689	143.4394
56.000000	107.623	143.1529
57.000000	107.518	142.7729
58.000000	107.417	142.5575
59.000000	107.331	142.1752
60.000000	107.229	141.8446
60.799999	107.161	141.6669
61.500000	107.100	141.4592
62.200001	107.031	141.2679
63.000000	106.957	141.0844
64.000000	106.868	140.8064
65.000000	106.774	140.5624
66.000000	106.685	140.3240
67.000000	106.596	140.1067
68.000000	106.513	139.9105
69.000000	106.426	139.6927
70.000000	106.339	139.5154
71.000000	106.257	139.3267
72.000000	106.173	139.1346
73.000000	106.089	138.9750
74.000000	106.010	138.8170
75.000000	105.930	138.6353
76.199997	105.828	138.4435
77.500000	105.725	138.3127
78.800003	105.624	138.1103
80.000000	105.529	137.9421
81.199997	105.436	137.8173
82.500000	105.340	137.6908
83.800003	105.242	137.4916
85.000000	105.151	137.3942
86.199997	105.061	137.3073
87.500000	104.970	137.1808
88.500000	104.895	137.0705
90.000000	104.791	137.0196
91.199997	104.701	136.9043
92.500000	104.617	136.8850
93.800003	104.533	136.8039
95.000000	104.442	136.7566
96.199997	104.360	136.6711
97.500000	104.271	136.5919
98.800003	104.189	136.5487
100.000000	104.110	136.4888
101.500000	104.013	136.4491
103.000000	103.915	136.4267
104.400002	103.828	136.3452
106.000000	103.730	136.3601
107.500000	103.634	136.3314
109.000000	103.543	136.3377
110.599998	103.447	136.3238
112.000000	103.372	136.3240
113.800003	103.269	136.2825
115.000000	103.190	136.3576
117.199997	103.061	136.4037
118.000000	103.018	136.4636
120.599998	102.860	136.3315
122.000000	102.807	136.4947
124.099998	102.683	136.5037
125.000000	102.637	136.5482
126.500000	102.558	136.5841
128.000000	102.478	136.6444
131.500000	102.289	136.8401
132.000000	102.264	136.9003
134.000000	102.167	136.9186
136.000000	102.083	137.0872
138.000000	101.978	137.1198
140.000000	101.883	137.2662
143.000000	101.754	137.4399
145.000000	101.649	137.5717
147.500000	101.542	137.7130
150.000000	101.418	137.9508
152.500000	101.311	138.0646
155.000000	101.222	138.2369
157.500000	101.119	138.4658
160.000000	101.003	138.5776
162.500000	100.893	138.7838
165.000000	100.778	138.9765
167.500000	100.692	139.2866
170.000000	100.538	139.6527
172.500000	100.483	139.7534
175.000000	100.419	140.1169
177.500000	100.293	140.2919
180.000000	100.233	140.6422
182.500000	100.133	141.0261
185.000000	100.088	141.1996
187.500000	100.014	141.4794
190.000000	99.924	141.6703
192.500000	99.833	141.9921
195.000000	99.770	142.2133
197.500000	99.691	142.4694
200.000000	99.627	142.8625
203.000000	99.555	143.2291
206.000000	99.472	143.4891
209.000000	99.395	143.8672
212.000000	99.346	144.0999
214.000000	99.294	144.2502
218.000000	99.207	144.6077
220.000000	99.154	144.7505
224.000000	99.063	145.0793
227.000000	99.000	145.3053
230.000000	98.934	145.5336
233.000000	98.866	145.7110
236.000000	98.790	145.9250
240.000000	98.684	146.2121
243.000000	98.611	146.4899
247.000000	98.513	146.8340
250.000000	98.437	147.0992
254.000000	98.345	147.4806
258.000000	98.256	147.8893
262.000000	98.165	148.2762
265.000000	98.100	148.5768
269.000000	98.014	148.9757
272.000000	97.953	149.2959
276.000000	97.873	149.6852
280.000000	97.792	150.0788
285.000000	97.691	150.6099
290.000000	97.597	151.1471
295.000000	97.504	151.6499
300.000000	97.405	152.1782
304.000000	97.335	152.6189
307.000000	97.283	152.9489
311.000000	97.215	153.4099
315.000000	97.146	153.8708
320.000000	97.066	154.4506
325.000000	96.988	155.0270
330.000000	96.916	155.6128
335.000000	96.850	156.1763
340.000000	96.780	156.7502
345.000000	96.720	157.3164
350.000000	96.654	157.8666
355.000000	96.601	158.4083
360.000000	96.540	158.9814
365.000000	96.489	159.4664
370.000000	96.432	160.0339
375.000000	96.382	160.5346
382.000000	96.308	161.2902
387.000000	96.257	161.7924
395.000000	96.183	162.6098
400.000000	96.131	163.1467
406.000000	96.086	163.6766
412.000000	96.025	164.2985
418.000000	95.975	164.8716
425.000000	95.912	165.5392
431.000000	95.857	166.1610
437.000000	95.801	166.7834
444.000000	95.742	167.4733
450.000000	95.703	168.1313
455.000000	95.659	168.6237
462.000000	95.612	169.3510
468.000000	95.571	169.9653
475.000000	95.530	170.6799
482.000000	95.493	171.3502
487.000000	95.462	171.7978
494.000000	95.421	172.4847
500.000000	95.381	173.0499
508.000000	95.334	173.8058
515.000000	95.291	174.4712
522.000000	95.250	175.1673
530.000000	95.204	175.9514
538.000000	95.168	176.7411
545.000000	95.133	177.4438
552.000000	95.104	178.1246
560.000000	95.068	178.8997
570.000000	95.026	179.8951
580.000000	94.993	-179.1207
590.000000	94.956	-178.1524
600.000000	94.920	-177.1133
608.000000	94.901	-176.3817
615.000000	94.883	-175.7271
622.000000	94.867	-175.0412
630.000000	94.850	-174.2554
640.000000	94.827	-173.2952
650.000000	94.807	-172.3430
660.000000	94.790	-171.3712
670.000000	94.778	-170.3960
680.000000	94.769	-169.4444
690.000000	94.761	-168.4744
700.000000	94.750	-167.5364
710.000000	94.746	-166.5731
720.000000	94.742	-165.6061
730.000000	94.746	-164.6588
740.000000	94.750	-163.6873
750.000000	94.751	-162.7485
762.000000	94.762	-161.5995
775.000000	94.777	-160.3821
788.000000	94.796	-159.1475
800.000000	94.820	-157.9457
812.000000	94.838	-156.8434
825.000000	94.869	-155.6448
838.000000	94.905	-154.3844
850.000000	94.942	-153.2650
862.000000	94.980	-152.1457
875.000000	95.030	-150.9466
885.000000	95.072	-150.0248
900.000000	95.133	-148.6373
912.000000	95.193	-147.5533
925.000000	95.256	-146.3847
938.000000	95.329	-145.2248
950.000000	95.398	-144.1996
962.000000	95.470	-143.1530
975.000000	95.555	-142.0497
988.000000	95.642	-140.9736
1000.000000	95.725	-140.0560
1015.000000	95.832	-138.8030
1030.000000	95.946	-137.6203
1044.000000	96.056	-136.5493
1060.000000	96.181	-135.3739
1075.000000	96.303	-134.2755
1090.000000	96.425	-133.2300
1106.000000	96.559	-132.1110
1120.000000	96.681	-131.1507
1138.000000	96.838	-129.9561
1150.000000	96.945	-129.1689
1172.000000	97.146	-127.6832
1180.000000	97.224	-127.1458
1206.000000	97.481	-125.4352
1220.000000	97.628	-124.5152
1241.000000	97.873	-123.1973
1250.000000	97.981	-122.6490
1265.000000	98.178	-121.7980
1280.000000	98.384	-121.0442
1315.000000	98.881	-119.7210
1320.000000	98.951	-119.5714
1340.000000	99.226	-119.1660
1360.000000	99.483	-118.9379
1380.000000	99.716	-118.7795
1400.000000	99.930	-118.6911
1430.000000	100.216	-118.5496
1450.000000	100.391	-118.4125
1475.000000	100.600	-118.1807
1500.000000	100.807	-117.9024
1525.000000	101.004	-117.5714
1550.000000	101.206	-117.1815
1575.000000	101.411	-116.7981
1600.000000	101.627	-116.3822
1625.000000	101.843	-115.9988
1650.000000	102.069	-115.6067
1675.000000	102.298	-115.2518
1700.000000	102.537	-114.8911
1725.000000	102.786	-114.5839
1750.000000	103.041	-114.3302
1775.000000	103.304	-114.1403
1800.000000	103.576	-114.0223
1825.000000	103.853	-113.9849
1850.000000	104.135	-114.0346
1875.000000	104.420	-114.1870
1900.000000	104.706	-114.4162
1925.000000	104.994	-114.7185
1950.000000	105.290	-115.0977
1975.000000	105.595	-115.6108
2000.000000	105.902	-116.2173
2030.000000	106.265	-117.2825
2060.000000	106.623	-118.5182
2090.000000	106.970	-119.9728
2120.000000	107.300	-121.6735
2140.000000	107.510	-122.9221
2180.000000	107.891	-125.7387
2200.000000	108.059	-127.2805
2240.000000	108.344	-130.5905
2270.000000	108.505	-133.2253
2300.000000	108.619	-135.9485
2330.000000	108.682	-138.6870
2360.000000	108.693	-141.4074
2400.000000	108.630	-144.8654
2430.000000	108.543	-147.2500
2470.000000	108.370	-150.2255
2500.000000	108.204	-152.2181
2540.000000	107.947	-154.5138
2580.000000	107.663	-156.4070
2620.000000	107.363	-157.8983
2650.000000	107.134	-158.7699
2690.000000	106.833	-159.6179
2720.000000	106.613	-160.0286
2760.000000	106.336	-160.3405
2800.000000	106.073	-160.3914
2850.000000	105.778	-160.1371
2900.000000	105.522	-159.6172
2950.000000	105.310	-158.8920
3000.000000	105.149	-158.0502
3040.000000	105.057	-157.3119
3070.000000	105.006	-156.8380
3110.000000	104.947	-156.2870
3150.000000	104.889	-155.7782
3200.000000	104.825	-155.1083
3250.000000	104.777	-154.4146
3300.000000	104.738	-153.7161
3350.000000	104.714	-153.0027
3400.000000	104.707	-152.2887
3450.000000	104.710	-151.5608
3500.000000	104.728	-150.8333
3550.000000	104.762	-150.1326
3600.000000	104.806	-149.3977
3650.000000	104.868	-148.6895
3700.000000	104.945	-147.9641
3750.000000	105.044	-147.1957
3820.000000	105.242	-146.2098
3870.000000	105.426	-145.6469
3950.000000	105.772	-145.2769
4000.000000	106.017	-145.2928
4060.000000	106.268	-145.7841
4120.000000	106.536	-146.4412
4180.000000	106.800	-147.3604
4250.000000	107.104	-148.7640
4310.000000	107.360	-150.2882
4370.000000	107.602	-152.1491
4440.000000	107.857	-154.7639
4500.000000	108.038	-157.3962
4550.000000	108.152	-159.8596
4620.000000	108.237	-163.6682
4680.000000	108.227	-167.1683
4750.000000	108.104	-171.3871
4820.000000	107.850	-175.5072
4870.000000	107.592	-178.2675
4940.000000	107.123	178.4445
5000.000000	106.679	176.6938
5080.000000	106.338	174.3973
5150.000000	105.828	171.3523
5220.000000	105.207	169.4550
5300.000000	104.496	168.2081
5380.000000	103.802	167.6839
5450.000000	103.211	167.7328
5520.000000	102.650	168.2044
5600.000000	102.050	169.1862
5700.000000	101.381	170.9678
5800.000000	100.805	173.1212
5900.000000	100.312	175.4690
6000.000000	99.891	178.0106
6080.000000	99.600	179.9884
6150.000000	99.376	-178.1896
6220.000000	99.185	-176.3436
6300.000000	98.999	-174.2630
6400.000000	98.817	-171.6257
6500.000000	98.685	-169.0195
6600.000000	98.606	-166.4261
6700.000000	98.581	-163.8596
6800.000000	98.622	-161.3165
6900.000000	98.727	-158.8060
7000.000000	98.913	-156.3597
7100.000000	99.191	-154.1536
7200.000000	99.583	-152.2207
7300.000000	100.083	-150.8173
7400.000000	100.695	-150.1046
7500.000000	101.424	-150.2760
7620.000000	102.449	-152.3246
7750.000000	103.675	-157.8956
7880.000000	104.734	-168.2651
8000.000000	105.093	178.1163
8120.000000	104.533	163.8188
8250.000000	103.108	151.8323
8380.000000	101.407	144.4998
8500.000000	99.859	140.8125
8620.000000	98.410	139.0693
8750.000000	96.974	138.8440
8850.000000	95.964	139.5011
9000.000000	94.629	141.5278
9120.000000	93.672	143.6268
9250.000000	92.775	146.3941
9380.000000	91.980	149.3840
9500.000000	91.351	152.3234
9620.000000	90.796	155.2923
9750.000000	90.284	158.6124
9880.000000	89.846	161.9119
10000.000000	89.419	165.1838
10150.000000	89.175	168.6679
10300.000000	88.934	172.2504
10440.000000	88.781	175.4654
10600.000000	88.711	178.9643
10750.000000	88.716	-178.0323
10900.000000	88.813	-175.2477
11060.000000	89.011	-172.6088
11200.000000	89.277	-170.6621
11380.000000	89.749	-168.6150
11500.000000	90.145	-167.6911
11720.000000	91.095	-167.2992
11800.000000	91.519	-167.6052
12060.000000	93.163	-172.0600
12200.000000	94.111	-177.6147
12410.000000	95.191	169.4628
12500.000000	95.393	162.8140
12650.000000	95.378	151.7275
12800.000000	95.018	141.5800
13150.000000	93.610	123.3961
13200.000000	93.408	121.3219
13400.000000	92.668	114.2049
13600.000000	92.128	108.1899
13800.000000	91.839	102.4660
14000.000000	91.797	96.6272
14300.000000	92.428	87.0169
14500.000000	93.440	78.4295
14750.000000	95.485	61.7578
15000.000000	98.158	30.1768
15250.000000	98.249	-22.4930
15500.000000	93.594	-64.6470
15750.000000	89.886	-83.5181
16000.000000	86.980	-99.4007
16250.000000	84.660	-113.8966
16500.000000	82.843	-128.3742
16750.000000	81.365	-143.4425
17000.000000	80.255	-160.2993
17250.000000	79.374	-178.2213
17500.000000	78.745	161.1329
17750.000000	78.326	137.6326
18000.000000	78.184	109.3696
18250.000000	78.139	79.3866
18500.000000	78.433	42.4546
18750.000000	79.043	-3.4810
19000.000000	79.469	-61.1382
19250.000000	79.103	-135.6346
19500.000000	76.413	137.3421
19750.000000	71.544	45.7135
