* Measurement data measured by REW V5.31.3
* Source: USB-C to 3.5mm Headphone Jack Adapter, USB-C to 3.5mm Headphone Jack Adapter, 0, volume: 0.138
* Format: 256k Log Swept Sine, 1 sweep at -12.0 dBFS with no timing reference
* Dated: May 22, 2025 4:21:26 PM
* REW Settings:
*  C-weighting compensation: Off
*  Target level: 75.0 dB
* Note: ; 
* Measurement: R
* Smoothing: None
* Frequency Step: 1/48 octave
* Start Frequency: 20.300 Hz
*
* Freq(Hz)	SPL(dB)	Phase(degrees)
20.299999	102.873	29.0789
20.600000	102.898	28.3415
20.900000	102.920	27.7004
21.200001	102.942	27.0668
21.400000	102.956	26.6405
21.799999	102.979	25.7884
22.000000	102.986	25.3729
22.400000	102.993	24.5868
22.700001	102.996	24.0458
23.000000	103.000	23.5351
23.299999	103.007	23.0332
23.600000	103.016	22.5184
24.000000	103.028	21.7966
24.299999	103.036	21.2395
24.700001	103.042	20.5065
25.000000	103.046	19.9796
25.400000	103.053	19.3068
25.799999	103.060	18.6482
26.200001	103.065	17.9918
26.500000	103.064	17.5082
26.900000	103.058	16.8938
27.200001	103.053	16.4608
27.600000	103.051	15.9028
28.000000	103.056	15.3337
28.500000	103.065	14.5778
29.000000	103.067	13.8211
29.500000	103.061	13.1473
30.000000	103.058	12.5708
30.400000	103.061	12.1296
30.700001	103.064	11.7798
31.100000	103.067	11.2749
31.500000	103.063	10.7445
32.000000	103.050	10.0981
32.500000	103.035	9.5044
33.000000	103.025	8.9521
33.500000	103.017	8.4156
34.000000	103.009	7.8835
34.500000	103.001	7.3503
35.000000	102.993	6.8062
35.500000	102.981	6.2548
36.000000	102.965	5.7289
36.500000	102.949	5.2627
37.000000	102.938	4.8438
37.500000	102.932	4.4145
38.200001	102.921	3.7286
38.700001	102.904	3.2204
39.500000	102.874	2.4982
40.000000	102.864	2.0787
40.599998	102.853	1.5555
41.200001	102.832	1.0472
41.799999	102.807	0.5956
42.500000	102.784	0.0831
43.099998	102.765	-0.3850
43.700001	102.744	-0.8374
44.400002	102.723	-1.3416
45.000000	102.704	-1.8035
45.500000	102.681	-2.1867
46.200001	102.647	-2.6552
46.799999	102.627	-3.0313
47.500000	102.604	-3.5043
48.200001	102.572	-3.9507
48.700001	102.550	-4.2558
49.400002	102.523	-4.7474
50.000000	102.498	-5.1859
50.799999	102.476	-5.6853
51.500000	102.457	-6.1282
52.200001	102.405	-6.5076
53.000000	102.346	-6.7011
53.799999	102.342	-7.1232
54.500000	102.326	-7.8494
55.200001	102.275	-8.4062
56.000000	102.235	-8.6267
57.000000	102.221	-8.9431
58.000000	102.184	-9.4258
59.000000	102.142	-9.9672
60.000000	102.092	-10.4863
60.799999	102.055	-10.8613
61.500000	102.022	-11.2079
62.200001	101.986	-11.5443
63.000000	101.951	-11.8795
64.000000	101.922	-12.3268
65.000000	101.874	-12.8013
66.000000	101.820	-13.0896
67.000000	101.784	-13.5238
68.000000	101.728	-13.9846
69.000000	101.694	-14.2584
70.000000	101.656	-14.6437
71.000000	101.601	-14.9257
72.000000	101.565	-15.2890
73.000000	101.504	-15.6836
74.000000	101.448	-15.9176
75.000000	101.406	-16.2811
76.199997	101.349	-16.6798
77.500000	101.302	-17.0723
78.800003	101.236	-17.4178
80.000000	101.188	-17.7421
81.199997	101.127	-18.0856
82.500000	101.075	-18.3927
83.800003	101.017	-18.7569
85.000000	100.962	-19.0326
86.199997	100.909	-19.3177
87.500000	100.852	-19.6200
88.500000	100.805	-19.8622
90.000000	100.738	-20.1800
91.199997	100.686	-20.4158
92.500000	100.628	-20.6898
93.800003	100.571	-20.9322
95.000000	100.520	-21.1650
96.199997	100.465	-21.3893
97.500000	100.412	-21.6386
98.800003	100.354	-21.8286
100.000000	100.302	-22.0249
101.500000	100.233	-22.2827
103.000000	100.171	-22.4990
104.400002	100.111	-22.7148
106.000000	100.044	-22.9449
107.500000	99.980	-23.1480
109.000000	99.917	-23.3367
110.599998	99.852	-23.5451
112.000000	99.791	-23.7009
113.800003	99.718	-23.9108
115.000000	99.668	-24.0307
117.199997	99.581	-24.2539
118.000000	99.550	-24.3430
120.599998	99.447	-24.5472
122.000000	99.386	-24.7109
124.099998	99.304	-24.8632
125.000000	99.270	-24.9299
126.500000	99.212	-25.0628
128.000000	99.154	-25.1648
131.500000	99.019	-25.3914
132.000000	98.999	-25.4176
134.000000	98.924	-25.5528
136.000000	98.849	-25.6337
138.000000	98.773	-25.7302
140.000000	98.698	-25.8136
143.000000	98.586	-25.9317
145.000000	98.512	-26.0084
147.500000	98.421	-26.0661
150.000000	98.330	-26.1237
152.500000	98.236	-26.1411
155.000000	98.150	-26.1691
157.500000	98.062	-26.1512
160.000000	97.979	-26.1628
162.500000	97.889	-26.1291
165.000000	97.812	-26.1494
167.500000	97.725	-26.1315
170.000000	97.641	-26.1193
172.500000	97.547	-26.0863
175.000000	97.455	-26.0648
177.500000	97.356	-25.9861
180.000000	97.250	-25.8797
182.500000	97.144	-25.7006
185.000000	97.029	-25.4325
187.500000	96.913	-25.0169
190.000000	96.799	-24.3790
192.500000	96.708	-23.5019
195.000000	96.673	-22.3446
197.500000	96.737	-21.2876
200.000000	96.868	-20.7607
203.000000	97.013	-21.0028
206.000000	97.058	-21.7077
209.000000	97.031	-22.3429
212.000000	96.968	-22.7894
214.000000	96.918	-22.9961
218.000000	96.812	-23.2676
220.000000	96.760	-23.3033
224.000000	96.656	-23.3482
227.000000	96.578	-23.3543
230.000000	96.507	-23.2932
233.000000	96.436	-23.2330
236.000000	96.366	-23.1177
240.000000	96.278	-23.0319
243.000000	96.210	-22.8797
247.000000	96.125	-22.7195
250.000000	96.065	-22.5712
254.000000	95.987	-22.3878
258.000000	95.911	-22.1847
262.000000	95.837	-21.9889
265.000000	95.783	-21.8108
269.000000	95.711	-21.5886
272.000000	95.658	-21.4177
276.000000	95.589	-21.1709
280.000000	95.522	-20.9329
285.000000	95.442	-20.6161
290.000000	95.362	-20.3200
295.000000	95.288	-19.9738
300.000000	95.213	-19.6318
304.000000	95.161	-19.3860
307.000000	95.119	-19.1940
311.000000	95.064	-18.9289
315.000000	95.013	-18.6824
320.000000	94.945	-18.3543
325.000000	94.880	-18.0227
330.000000	94.816	-17.6950
335.000000	94.756	-17.3571
340.000000	94.695	-17.0076
345.000000	94.634	-16.6564
350.000000	94.579	-16.2810
355.000000	94.526	-15.9393
360.000000	94.470	-15.5671
365.000000	94.417	-15.2079
370.000000	94.370	-14.8167
375.000000	94.322	-14.4823
382.000000	94.259	-13.9639
387.000000	94.213	-13.5917
395.000000	94.148	-13.0059
400.000000	94.106	-12.6652
406.000000	94.055	-12.2366
412.000000	94.009	-11.8063
418.000000	93.962	-11.4025
425.000000	93.912	-10.9020
431.000000	93.868	-10.4425
437.000000	93.823	-10.0370
444.000000	93.776	-9.5217
450.000000	93.736	-9.1107
455.000000	93.705	-8.7317
462.000000	93.664	-8.2285
468.000000	93.627	-7.7750
475.000000	93.591	-7.3014
482.000000	93.552	-6.8015
487.000000	93.526	-6.4484
494.000000	93.490	-5.9546
500.000000	93.461	-5.5401
508.000000	93.421	-4.9876
515.000000	93.385	-4.4958
522.000000	93.358	-3.9830
530.000000	93.324	-3.4315
538.000000	93.287	-2.8634
545.000000	93.262	-2.3647
552.000000	93.237	-1.8463
560.000000	93.208	-1.3031
570.000000	93.172	-0.6017
580.000000	93.143	0.0877
590.000000	93.115	0.8007
600.000000	93.095	1.4943
608.000000	93.072	2.0622
615.000000	93.057	2.5369
622.000000	93.041	3.0180
630.000000	93.029	3.5860
640.000000	93.012	4.2183
650.000000	92.999	4.8677
660.000000	92.977	5.4794
670.000000	92.956	6.0706
680.000000	92.925	6.6709
690.000000	92.883	7.3692
700.000000	92.852	8.1875
710.000000	92.837	9.0141
720.000000	92.832	9.8494
730.000000	92.827	10.6436
740.000000	92.828	11.4271
750.000000	92.831	12.2332
762.000000	92.839	13.1573
775.000000	92.856	14.2345
788.000000	92.891	15.2233
800.000000	92.917	16.0612
812.000000	92.948	16.9105
825.000000	92.980	17.8144
838.000000	93.014	18.7281
850.000000	93.046	19.5805
862.000000	93.083	20.3926
875.000000	93.130	21.2979
885.000000	93.172	22.0086
900.000000	93.228	23.0055
912.000000	93.285	23.8436
925.000000	93.350	24.6974
938.000000	93.418	25.5338
950.000000	93.485	26.3030
962.000000	93.554	27.0652
975.000000	93.636	27.8389
988.000000	93.723	28.6254
1000.000000	93.805	29.2903
1015.000000	93.909	30.1150
1030.000000	94.021	30.8913
1044.000000	94.129	31.5703
1060.000000	94.260	32.3047
1075.000000	94.379	32.9412
1090.000000	94.499	33.5327
1106.000000	94.633	34.1173
1120.000000	94.751	34.5942
1138.000000	94.900	35.1527
1150.000000	95.003	35.4875
1172.000000	95.191	36.0237
1180.000000	95.263	36.1893
1206.000000	95.479	36.6081
1220.000000	95.588	36.7544
1241.000000	95.749	36.9840
1250.000000	95.815	37.0491
1265.000000	95.921	37.1602
1280.000000	96.022	37.2714
1315.000000	96.252	37.4237
1320.000000	96.286	37.4372
1340.000000	96.409	37.4913
1360.000000	96.527	37.5155
1380.000000	96.642	37.5134
1400.000000	96.750	37.4869
1430.000000	96.898	37.4635
1450.000000	96.992	37.4253
1475.000000	97.107	37.3673
1500.000000	97.215	37.3298
1525.000000	97.320	37.2824
1550.000000	97.417	37.2534
1575.000000	97.508	37.2219
1600.000000	97.603	37.1985
1625.000000	97.694	37.2236
1650.000000	97.786	37.2813
1675.000000	97.884	37.3501
1700.000000	97.994	37.3834
1725.000000	98.114	37.3532
1750.000000	98.231	37.1744
1775.000000	98.333	36.9163
1800.000000	98.423	36.6525
1825.000000	98.501	36.4202
1850.000000	98.579	36.1978
1875.000000	98.652	35.9971
1900.000000	98.729	35.8281
1925.000000	98.809	35.6059
1950.000000	98.883	35.3192
1975.000000	98.952	35.0351
2000.000000	99.009	34.7352
2030.000000	99.076	34.3947
2060.000000	99.137	34.0893
2090.000000	99.196	33.7844
2120.000000	99.250	33.4855
2140.000000	99.286	33.3015
2180.000000	99.352	32.9832
2200.000000	99.394	32.8325
2240.000000	99.474	32.5397
2270.000000	99.545	32.2344
2300.000000	99.611	31.8405
2330.000000	99.667	31.3668
2360.000000	99.706	30.8568
2400.000000	99.737	30.2529
2430.000000	99.753	29.8841
2470.000000	99.781	29.4691
2500.000000	99.809	29.1622
2540.000000	99.848	28.6743
2580.000000	99.879	28.0905
2620.000000	99.892	27.5026
2650.000000	99.892	27.0548
2690.000000	99.880	26.5052
2720.000000	99.866	26.1527
2760.000000	99.839	25.7146
2800.000000	99.811	25.3694
2850.000000	99.777	24.9991
2900.000000	99.743	24.7142
2950.000000	99.718	24.4669
3000.000000	99.695	24.2524
3040.000000	99.680	24.0958
3070.000000	99.670	23.9811
3110.000000	99.659	23.8337
3150.000000	99.649	23.6945
3200.000000	99.644	23.5301
3250.000000	99.650	23.3318
3300.000000	99.657	23.0930
3350.000000	99.666	22.7663
3400.000000	99.672	22.4094
3450.000000	99.675	22.0211
3500.000000	99.672	21.5670
3550.000000	99.662	21.0736
3600.000000	99.645	20.5725
3650.000000	99.624	20.0396
3700.000000	99.597	19.4984
3750.000000	99.560	18.9357
3820.000000	99.499	18.1138
3870.000000	99.444	17.5350
3950.000000	99.343	16.6005
4000.000000	99.266	16.0240
4060.000000	99.166	15.3438
4120.000000	99.057	14.6677
4180.000000	98.934	14.0480
4250.000000	98.780	13.3450
4310.000000	98.635	12.7858
4370.000000	98.482	12.2541
4440.000000	98.288	11.7223
4500.000000	98.114	11.3142
4550.000000	97.964	11.0429
4620.000000	97.739	10.7219
4680.000000	97.544	10.5381
4750.000000	97.310	10.4338
4820.000000	97.064	10.4344
4870.000000	96.888	10.5173
4940.000000	96.638	10.7110
5000.000000	96.425	11.0015
5080.000000	96.140	11.5426
5150.000000	95.894	12.1568
5220.000000	95.661	12.8532
5300.000000	95.388	13.8245
5380.000000	95.128	15.0599
5450.000000	94.922	16.3393
5520.000000	94.779	17.7261
5600.000000	94.613	18.8892
5700.000000	94.387	20.6676
5800.000000	94.183	22.6610
5900.000000	94.015	24.8218
6000.000000	93.893	27.1065
6080.000000	93.825	29.0461
6150.000000	93.787	30.7535
6220.000000	93.770	32.4403
6300.000000	93.781	34.4130
6400.000000	93.836	36.9117
6500.000000	93.945	39.3567
6600.000000	94.102	41.7668
6700.000000	94.317	44.0900
6800.000000	94.594	46.3582
6900.000000	94.926	48.4532
7000.000000	95.335	50.3217
7100.000000	95.820	51.9523
7200.000000	96.401	53.1945
7300.000000	97.070	53.8598
7400.000000	97.834	53.7847
7500.000000	98.694	52.6793
7620.000000	99.831	49.5427
7750.000000	101.094	42.8137
7880.000000	102.082	31.7397
8000.000000	102.326	18.5780
8120.000000	101.736	5.8409
8250.000000	100.476	-4.1708
8380.000000	99.061	-9.7123
8500.000000	97.868	-11.9669
8620.000000	96.868	-12.4611
8750.000000	96.040	-11.8938
8850.000000	95.575	-11.2350
9000.000000	95.104	-10.6016
9120.000000	94.873	-10.8227
9250.000000	94.633	-11.9172
9380.000000	94.362	-13.6564
9500.000000	94.061	-15.4791
9620.000000	93.714	-17.3262
9750.000000	93.303	-19.1287
9880.000000	92.885	-20.8421
10000.000000	92.497	-21.6975
10150.000000	92.045	-23.7578
10300.000000	91.626	-25.2996
10440.000000	91.252	-26.8271
10600.000000	90.839	-28.6953
10750.000000	90.446	-30.7293
10900.000000	89.982	-32.6479
11060.000000	89.426	-33.9647
11200.000000	88.993	-33.7916
11380.000000	88.831	-32.5744
11500.000000	89.007	-32.6306
11720.000000	89.548	-36.8961
11800.000000	89.691	-39.8091
12060.000000	89.497	-50.3991
12200.000000	89.124	-55.5937
12410.000000	88.458	-61.8135
12500.000000	88.185	-63.9435
12650.000000	87.747	-67.1809
12800.000000	87.382	-70.1378
13150.000000	86.814	-75.8187
13200.000000	86.775	-76.6119
13400.000000	86.729	-79.6349
13600.000000	86.902	-83.2019
13800.000000	87.333	-87.3643
14000.000000	88.021	-92.5625
14300.000000	89.667	-104.9802
14500.000000	91.106	-118.0176
14750.000000	92.895	-143.3368
15000.000000	93.355	-178.7552
15250.000000	91.797	147.8315
15500.000000	89.768	122.0856
15750.000000	88.142	99.8045
16000.000000	86.967	76.7104
16250.000000	86.090	50.2436
16500.000000	85.087	18.7647
16750.000000	83.457	-16.2338
17000.000000	81.203	-51.0647
17250.000000	78.694	-84.0629
17500.000000	76.215	-116.2598
17750.000000	73.938	-147.9370
18000.000000	71.810	179.4427
18250.000000	70.112	145.7362
18500.000000	68.522	109.3092
18750.000000	66.917	70.1492
19000.000000	65.749	23.2671
19250.000000	65.060	-28.2267
19500.000000	63.783	-91.2563
19750.000000	62.250	-164.9932
