* Measurement data measured by REW V5.31.3
* Source: USB-C to 3.5mm Headphone Jack Adapter, USB-C to 3.5mm Headphone Jack Adapter, 0, volume: 0.138
* Format: 256k Log Swept Sine, 1 sweep at -12.0 dBFS with no timing reference
* Dated: May 22, 2025 4:17:46 PM
* REW Settings:
*  C-weighting compensation: Off
*  Target level: 75.0 dB
* Note: ; 
* Measurement: L
* Smoothing: None
* Frequency Step: 1/48 octave
* Start Frequency: 20.300 Hz
*
* Freq(Hz)	SPL(dB)	Phase(degrees)
20.299999	103.758	27.0796
20.600000	103.764	26.3926
20.900000	103.767	25.8250
21.200001	103.774	25.2779
21.400000	103.783	24.9030
21.799999	103.805	24.1000
22.000000	103.816	23.6712
22.400000	103.834	22.7880
22.700001	103.840	22.1437
23.000000	103.843	21.5436
23.299999	103.845	20.9968
23.600000	103.850	20.4933
24.000000	103.860	19.8493
24.299999	103.870	19.3594
24.700001	103.881	18.6804
25.000000	103.886	18.1601
25.400000	103.886	17.4737
25.799999	103.885	16.8125
26.200001	103.884	16.1738
26.500000	103.885	15.7017
26.900000	103.887	15.0777
27.200001	103.887	14.6182
27.600000	103.887	14.0287
28.000000	103.888	13.4710
28.500000	103.891	12.8011
29.000000	103.894	12.1235
29.500000	103.893	11.4230
30.000000	103.885	10.7231
30.400000	103.874	10.1830
30.700001	103.865	9.7928
31.100000	103.855	9.2891
31.500000	103.846	8.7993
32.000000	103.834	8.2070
32.500000	103.824	7.6413
33.000000	103.815	7.0917
33.500000	103.807	6.5348
34.000000	103.798	5.9614
34.500000	103.785	5.3939
35.000000	103.769	4.8643
35.500000	103.756	4.3769
36.000000	103.747	3.9040
36.500000	103.737	3.4199
37.000000	103.723	2.9255
37.500000	103.706	2.4351
38.200001	103.680	1.7603
38.700001	103.663	1.2801
39.500000	103.635	0.5389
40.000000	103.619	0.1116
40.599998	103.599	-0.3762
41.200001	103.579	-0.8615
41.799999	103.555	-1.3510
42.500000	103.528	-1.9244
43.099998	103.505	-2.4185
43.700001	103.483	-2.9014
44.400002	103.457	-3.4265
45.000000	103.437	-3.8579
45.500000	103.423	-4.2266
46.200001	103.399	-4.7502
46.799999	103.372	-5.1599
47.500000	103.340	-5.5758
48.200001	103.309	-6.0089
48.700001	103.283	-6.3570
49.400002	103.248	-6.8347
50.000000	103.234	-7.2183
50.799999	103.220	-7.7988
51.500000	103.168	-8.2517
52.200001	103.093	-8.4054
53.000000	103.061	-8.5788
53.799999	103.054	-9.3035
54.500000	103.016	-9.9874
55.200001	102.983	-10.3413
56.000000	102.966	-10.6732
57.000000	102.903	-11.1864
58.000000	102.853	-11.6492
59.000000	102.821	-12.2391
60.000000	102.779	-12.6256
60.799999	102.748	-12.9833
61.500000	102.706	-13.3547
62.200001	102.664	-13.6698
63.000000	102.626	-14.0168
64.000000	102.573	-14.4501
65.000000	102.524	-14.8247
66.000000	102.486	-15.2532
67.000000	102.438	-15.6892
68.000000	102.386	-16.0415
69.000000	102.341	-16.4441
70.000000	102.287	-16.8307
71.000000	102.238	-17.1365
72.000000	102.183	-17.4736
73.000000	102.140	-17.8068
74.000000	102.096	-18.2673
75.000000	102.037	-18.3574
76.199997	102.022	-18.4501
77.500000	101.941	-19.0861
78.800003	101.875	-19.5921
80.000000	101.817	-19.9999
81.199997	101.745	-20.2690
82.500000	101.688	-20.6422
83.800003	101.630	-20.9898
85.000000	101.570	-21.2526
86.199997	101.512	-21.5410
87.500000	101.454	-21.8468
88.500000	101.403	-22.0668
90.000000	101.333	-22.4075
91.199997	101.279	-22.6695
92.500000	101.217	-22.9251
93.800003	101.155	-23.1601
95.000000	101.100	-23.3985
96.199997	101.046	-23.6393
97.500000	100.987	-23.8750
98.800003	100.925	-24.0829
100.000000	100.872	-24.2801
101.500000	100.801	-24.5256
103.000000	100.736	-24.7507
104.400002	100.674	-24.9775
106.000000	100.603	-25.1948
107.500000	100.536	-25.3999
109.000000	100.470	-25.5989
110.599998	100.401	-25.7877
112.000000	100.340	-25.9605
113.800003	100.262	-26.1689
115.000000	100.209	-26.3017
117.199997	100.117	-26.5282
118.000000	100.081	-26.6145
120.599998	99.973	-26.8344
122.000000	99.912	-26.9811
124.099998	99.826	-27.1543
125.000000	99.790	-27.2209
126.500000	99.726	-27.3335
128.000000	99.664	-27.4386
131.500000	99.521	-27.6571
132.000000	99.500	-27.6839
134.000000	99.417	-27.8015
136.000000	99.339	-27.8754
138.000000	99.258	-27.9436
140.000000	99.180	-28.0016
143.000000	99.068	-28.0803
145.000000	98.992	-28.1114
147.500000	98.902	-28.1727
150.000000	98.806	-28.2216
152.500000	98.716	-28.2483
155.000000	98.622	-28.2685
157.500000	98.529	-28.2812
160.000000	98.432	-28.2374
162.500000	98.338	-28.2200
165.000000	98.239	-28.0661
167.500000	98.145	-27.8913
170.000000	98.052	-27.6423
172.500000	97.971	-27.2982
175.000000	97.919	-26.8791
177.500000	97.891	-26.5144
180.000000	97.878	-26.2613
182.500000	97.875	-26.3278
185.000000	97.845	-26.4451
187.500000	97.806	-26.5967
190.000000	97.752	-26.7314
192.500000	97.691	-26.8134
195.000000	97.629	-26.8853
197.500000	97.565	-26.9053
200.000000	97.499	-26.9084
203.000000	97.421	-26.8752
206.000000	97.346	-26.8360
209.000000	97.272	-26.7823
212.000000	97.196	-26.7039
214.000000	97.147	-26.6684
218.000000	97.051	-26.5723
220.000000	97.006	-26.5129
224.000000	96.911	-26.3675
227.000000	96.844	-26.2547
230.000000	96.775	-26.1311
233.000000	96.705	-26.0204
236.000000	96.639	-25.8950
240.000000	96.550	-25.6994
243.000000	96.490	-25.5519
247.000000	96.407	-25.3423
250.000000	96.344	-25.1877
254.000000	96.268	-24.9500
258.000000	96.188	-24.7282
262.000000	96.109	-24.4934
265.000000	96.054	-24.3149
269.000000	95.982	-24.0494
272.000000	95.930	-23.8823
276.000000	95.859	-23.6090
280.000000	95.793	-23.3404
285.000000	95.713	-23.0190
290.000000	95.635	-22.7174
295.000000	95.558	-22.4012
300.000000	95.476	-22.0627
304.000000	95.419	-21.8154
307.000000	95.376	-21.6130
311.000000	95.315	-21.3567
315.000000	95.255	-21.0819
320.000000	95.186	-20.7140
325.000000	95.118	-20.3420
330.000000	95.050	-19.9775
335.000000	94.986	-19.5978
340.000000	94.925	-19.2092
345.000000	94.867	-18.8309
350.000000	94.814	-18.4322
355.000000	94.764	-18.0648
360.000000	94.711	-17.6966
365.000000	94.663	-17.3491
370.000000	94.614	-17.0172
375.000000	94.564	-16.6621
382.000000	94.495	-16.1799
387.000000	94.449	-15.8321
395.000000	94.374	-15.2482
400.000000	94.327	-14.8795
406.000000	94.274	-14.4353
412.000000	94.223	-13.9827
418.000000	94.175	-13.5338
425.000000	94.122	-13.0334
431.000000	94.078	-12.5594
437.000000	94.036	-12.1315
444.000000	93.992	-11.6395
450.000000	93.957	-11.1951
455.000000	93.925	-10.8735
462.000000	93.878	-10.3998
468.000000	93.846	-9.9751
475.000000	93.801	-9.5001
482.000000	93.759	-9.0181
487.000000	93.729	-8.6762
494.000000	93.687	-8.1910
500.000000	93.654	-7.7730
508.000000	93.611	-7.1821
515.000000	93.574	-6.7279
522.000000	93.540	-6.2298
530.000000	93.503	-5.6698
538.000000	93.465	-5.0997
545.000000	93.436	-4.5940
552.000000	93.409	-4.1257
560.000000	93.374	-3.5594
570.000000	93.338	-2.8701
580.000000	93.303	-2.1689
590.000000	93.266	-1.4728
600.000000	93.238	-0.8055
608.000000	93.216	-0.2634
615.000000	93.196	0.1991
622.000000	93.175	0.6558
630.000000	93.150	1.1597
640.000000	93.110	1.7672
650.000000	93.060	2.4514
660.000000	93.016	3.2692
670.000000	92.983	4.1074
680.000000	92.961	5.0096
690.000000	92.955	5.8841
700.000000	92.954	6.7182
710.000000	92.959	7.4805
720.000000	92.964	8.2440
730.000000	92.968	8.9375
740.000000	92.972	9.6803
750.000000	92.980	10.3948
762.000000	92.992	11.2562
775.000000	92.999	12.1771
788.000000	93.011	13.1304
800.000000	93.029	14.0112
812.000000	93.048	14.8853
825.000000	93.076	15.7853
838.000000	93.106	16.7331
850.000000	93.137	17.5918
862.000000	93.172	18.4238
875.000000	93.218	19.3741
885.000000	93.254	20.0660
900.000000	93.314	21.1313
912.000000	93.366	21.9158
925.000000	93.425	22.8044
938.000000	93.490	23.6759
950.000000	93.560	24.4526
962.000000	93.630	25.2057
975.000000	93.710	26.0112
988.000000	93.792	26.7673
1000.000000	93.872	27.4928
1015.000000	93.979	28.3056
1030.000000	94.090	29.1020
1044.000000	94.197	29.8158
1060.000000	94.327	30.5749
1075.000000	94.450	31.2333
1090.000000	94.577	31.8379
1106.000000	94.718	32.4005
1120.000000	94.839	32.8173
1138.000000	94.993	33.3227
1150.000000	95.095	33.6234
1172.000000	95.279	34.1045
1180.000000	95.347	34.2565
1206.000000	95.552	34.6445
1220.000000	95.661	34.8185
1241.000000	95.817	35.0284
1250.000000	95.879	35.1040
1265.000000	95.986	35.1990
1280.000000	96.090	35.2723
1315.000000	96.314	35.3792
1320.000000	96.343	35.4056
1340.000000	96.463	35.4070
1360.000000	96.575	35.4197
1380.000000	96.683	35.3950
1400.000000	96.784	35.3783
1430.000000	96.924	35.3309
1450.000000	97.013	35.2755
1475.000000	97.117	35.2319
1500.000000	97.212	35.1680
1525.000000	97.303	35.1438
1550.000000	97.385	35.1434
1575.000000	97.465	35.2001
1600.000000	97.542	35.3143
1625.000000	97.626	35.5339
1650.000000	97.727	35.8217
1675.000000	97.854	36.1152
1700.000000	98.018	36.2547
1725.000000	98.186	36.1008
1750.000000	98.335	35.7049
1775.000000	98.457	35.1849
1800.000000	98.549	34.6564
1825.000000	98.623	34.1573
1850.000000	98.685	33.7003
1875.000000	98.738	33.2907
1900.000000	98.786	32.9130
1925.000000	98.826	32.5476
1950.000000	98.858	32.2212
1975.000000	98.885	31.9379
2000.000000	98.905	31.6687
2030.000000	98.925	31.4969
2060.000000	98.948	31.3950
2090.000000	98.977	31.4177
2120.000000	99.026	31.4547
2140.000000	99.068	31.4724
2180.000000	99.160	31.3776
2200.000000	99.203	31.3018
2240.000000	99.288	31.1576
2270.000000	99.356	31.1231
2300.000000	99.444	31.0807
2330.000000	99.554	30.8859
2360.000000	99.669	30.5291
2400.000000	99.809	29.7341
2430.000000	99.881	28.9581
2470.000000	99.931	27.9067
2500.000000	99.943	27.1884
2540.000000	99.936	26.3806
2580.000000	99.922	25.7487
2620.000000	99.913	25.2356
2650.000000	99.913	24.8837
2690.000000	99.914	24.3597
2720.000000	99.914	23.9778
2760.000000	99.909	23.4367
2800.000000	99.893	22.9029
2850.000000	99.868	22.2914
2900.000000	99.835	21.7358
2950.000000	99.806	21.2446
3000.000000	99.775	20.7890
3040.000000	99.754	20.4053
3070.000000	99.738	20.1244
3110.000000	99.719	19.7287
3150.000000	99.696	19.3393
3200.000000	99.667	18.8049
3250.000000	99.635	18.2521
3300.000000	99.599	17.6541
3350.000000	99.555	17.0229
3400.000000	99.499	16.3603
3450.000000	99.433	15.6820
3500.000000	99.354	14.9709
3550.000000	99.263	14.2758
3600.000000	99.153	13.5764
3650.000000	99.029	12.9208
3700.000000	98.887	12.3161
3750.000000	98.731	11.7901
3820.000000	98.485	11.2330
3870.000000	98.298	10.9613
3950.000000	97.983	10.8740
4000.000000	97.783	11.0195
4060.000000	97.556	11.4365
4120.000000	97.347	12.0446
4180.000000	97.159	12.8055
4250.000000	96.986	13.8572
4310.000000	96.869	14.7960
4370.000000	96.786	15.6738
4440.000000	96.720	16.6034
4500.000000	96.681	17.2538
4550.000000	96.657	17.7187
4620.000000	96.628	18.1975
4680.000000	96.607	18.4681
4750.000000	96.571	18.6532
4820.000000	96.518	18.7359
4870.000000	96.472	18.7088
4940.000000	96.387	18.7035
5000.000000	96.306	18.6887
5080.000000	96.178	18.6659
5150.000000	96.051	18.7188
5220.000000	95.901	18.8394
5300.000000	95.724	19.0757
5380.000000	95.529	19.5128
5450.000000	95.360	20.0917
5520.000000	95.231	20.7547
5600.000000	95.073	21.4192
5700.000000	94.852	22.3875
5800.000000	94.643	23.6484
5900.000000	94.458	25.1292
6000.000000	94.290	26.8154
6080.000000	94.184	28.2641
6150.000000	94.101	29.6454
6220.000000	94.047	31.0526
6300.000000	94.012	32.7760
6400.000000	94.003	34.9726
6500.000000	94.047	37.1761
6600.000000	94.147	39.4199
6700.000000	94.301	41.5852
6800.000000	94.511	43.7076
6900.000000	94.790	45.7203
7000.000000	95.141	47.6199
7100.000000	95.577	49.2907
7200.000000	96.104	50.5885
7300.000000	96.732	51.3854
7400.000000	97.465	51.4333
7500.000000	98.308	50.5125
7620.000000	99.459	47.4665
7750.000000	100.776	40.4916
7880.000000	101.816	28.3458
8000.000000	101.963	13.4007
8120.000000	101.053	-0.7133
8250.000000	99.336	-10.7483
8380.000000	97.502	-15.0988
8500.000000	95.990	-15.3815
8620.000000	94.768	-13.2703
8750.000000	93.851	-9.3926
8850.000000	93.458	-6.2463
9000.000000	93.279	-2.6721
9120.000000	93.314	-1.7483
9250.000000	93.291	-2.5263
9380.000000	93.082	-4.0710
9500.000000	92.711	-5.2256
9620.000000	92.263	-5.3512
9750.000000	91.792	-3.9532
9880.000000	91.524	-0.9433
10000.000000	91.625	2.5543
10150.000000	92.369	5.6285
10300.000000	93.405	4.4456
10440.000000	94.296	-0.9024
10600.000000	94.852	-9.6889
10750.000000	94.940	-18.4824
10900.000000	94.745	-26.9605
11060.000000	94.327	-35.5322
11200.000000	93.816	-42.6679
11380.000000	92.962	-50.9370
11500.000000	92.287	-55.8307
11720.000000	90.953	-62.8198
11800.000000	90.477	-64.7712
12060.000000	89.020	-69.4967
12200.000000	88.340	-71.2681
12410.000000	87.506	-73.1480
12500.000000	87.182	-73.9015
12650.000000	86.766	-75.0143
12800.000000	86.433	-75.9765
13150.000000	86.087	-79.0226
13200.000000	86.077	-79.6977
13400.000000	86.209	-82.1211
13600.000000	86.489	-85.2872
13800.000000	87.032	-89.5176
14000.000000	87.802	-95.2895
14300.000000	89.541	-107.7117
14500.000000	91.063	-120.9614
14750.000000	93.015	-146.8493
15000.000000	93.534	176.4445
15250.000000	91.896	141.6496
15500.000000	89.808	115.4697
15750.000000	88.101	92.5536
16000.000000	86.801	69.3545
16250.000000	85.748	43.2711
16500.000000	84.668	12.7328
16750.000000	82.963	-21.2849
17000.000000	80.467	-55.0925
17250.000000	77.762	-85.8917
17500.000000	75.335	-114.1012
17750.000000	73.178	-144.6688
18000.000000	71.380	-175.7668
18250.000000	69.497	150.6578
18500.000000	68.078	112.3038
18750.000000	67.025	71.8268
19000.000000	65.540	23.7981
19250.000000	64.466	-29.3839
19500.000000	63.148	-94.4587
19750.000000	61.354	-171.7778
