* Measurement data measured by REW V5.20
* Source: USB-C to 3.5mm Headphone Jack Adapter, USB-C to 3.5mm Headphone Jack Adapter, 0, volume: 0.138
* Format: 256k Log Swept Sine, 1 sweep at -12.0 dBFS with no timing reference
* Dated: Aug 24, 2024 3:33:04 PM
* REW Settings:
*  C-weighting compensation: Off
*  Target level: 75.0 dB
* Note: 
* Measurement: R
* Smoothing: None
* Frequency Step: 1/48 octave
* Start Frequency: 20.300 Hz
*
* Freq(Hz)	SPL(dB)	Phase(degrees)
20.299999	104.595795	28.4844
20.600000	104.621315	27.6708
20.900000	104.643990	26.9071
21.200001	104.667564	26.1151
21.400000	104.683502	25.5718
21.799999	104.713409	24.4797
22.000000	104.726547	23.9500
22.400000	104.749390	22.9606
22.700001	104.765381	22.2991
23.000000	104.782593	21.6989
23.299999	104.802170	21.1350
23.600000	104.823662	20.5740
24.000000	104.851501	19.7800
24.299999	104.868141	19.1352
24.700001	104.881165	18.2221
25.000000	104.883926	17.5249
25.400000	104.883820	16.6203
25.799999	104.884247	15.7745
26.200001	104.890915	14.9886
26.500000	104.900536	14.4247
26.900000	104.916344	13.6839
27.200001	104.927216	13.1267
27.600000	104.936035	12.3814
28.000000	104.936829	11.6443
28.500000	104.930489	10.7523
29.000000	104.925751	9.8857
29.500000	104.928619	9.0121
30.000000	104.935814	8.1139
30.400000	104.939316	7.3975
30.700001	104.938698	6.8815
31.100000	104.933609	6.2412
31.500000	104.925789	5.6565
32.000000	104.915558	4.9679
32.500000	104.905609	4.2700
33.000000	104.894287	3.5305
33.500000	104.881546	2.7616
34.000000	104.869965	1.9960
34.500000	104.861534	1.2593
35.000000	104.855415	0.5659
35.500000	104.849426	-0.0802
36.000000	104.842224	-0.6924
36.500000	104.832985	-1.2994
37.000000	104.820404	-1.9260
37.500000	104.803574	-2.5722
38.200001	104.776154	-3.4671
38.700001	104.758217	-4.0793
39.500000	104.734352	-5.0293
40.000000	104.718796	-5.6151
40.599998	104.697220	-6.3030
41.200001	104.673965	-6.9737
41.799999	104.649033	-7.6356
42.500000	104.615143	-8.3857
43.099998	104.584091	-8.9880
43.700001	104.557556	-9.5688
44.400002	104.533684	-10.2806
45.000000	104.512199	-10.9265
45.500000	104.490334	-11.4533
46.200001	104.457268	-12.1379
46.799999	104.430115	-12.7062
47.500000	104.395645	-13.3885
48.200001	104.356964	-14.0466
48.700001	104.333061	-14.4809
49.400002	104.308304	-15.0965
50.000000	104.284233	-15.6664
50.799999	104.236946	-16.3941
51.500000	104.198067	-16.9388
52.200001	104.171967	-17.4883
53.000000	104.138680	-18.1741
53.799999	104.092407	-18.8311
54.500000	104.051056	-19.3779
55.200001	104.013336	-19.9209
56.000000	103.974579	-20.5303
57.000000	103.912659	-21.2743
58.000000	103.838776	-21.8842
59.000000	103.802032	-22.6316
60.000000	103.749283	-23.5434
60.799999	103.699326	-24.0063
61.500000	103.672760	-24.3809
62.200001	103.638275	-24.8877
63.000000	103.579315	-25.4525
64.000000	103.522118	-26.0447
65.000000	103.470657	-26.6959
66.000000	103.410095	-27.2810
67.000000	103.360802	-27.8639
68.000000	103.304359	-28.4623
69.000000	103.243713	-28.9947
70.000000	103.191223	-29.5593
71.000000	103.137794	-30.1584
72.000000	103.079643	-30.6860
73.000000	103.022507	-31.1691
74.000000	102.967178	-31.6867
75.000000	102.912460	-32.2227
76.199997	102.848244	-32.8404
77.500000	102.774559	-33.4693
78.800003	102.698944	-34.0767
80.000000	102.631561	-34.6178
81.199997	102.569611	-35.1844
82.500000	102.494026	-35.7689
83.800003	102.425293	-36.3315
85.000000	102.361328	-36.8512
86.199997	102.297623	-37.3478
87.500000	102.223831	-37.8623
88.500000	102.171806	-38.2566
90.000000	102.092636	-38.8307
91.199997	102.020775	-39.3035
92.500000	101.954224	-39.7643
93.800003	101.888329	-40.2771
95.000000	101.827606	-40.6826
96.199997	101.766914	-41.1116
97.500000	101.698990	-41.5276
98.800003	101.616714	-41.9153
100.000000	101.568588	-42.3585
101.500000	101.485855	-42.8635
103.000000	101.417458	-43.3685
104.400002	101.340714	-43.7453
106.000000	101.266693	-44.2857
107.500000	101.191223	-44.6731
109.000000	101.116760	-45.1546
110.599998	101.043503	-45.5675
112.000000	100.973770	-45.9958
113.800003	100.891174	-46.4105
115.000000	100.828171	-46.7812
117.199997	100.724571	-47.3049
118.000000	100.679863	-47.5194
120.599998	100.564476	-48.3522
122.000000	100.513306	-48.4218
124.099998	100.405098	-48.9398
125.000000	100.362793	-49.1655
126.500000	100.300362	-49.5185
128.000000	100.243301	-49.8307
131.500000	100.082542	-50.5608
132.000000	100.065216	-50.6819
134.000000	99.984955	-51.0234
136.000000	99.883827	-51.4304
138.000000	99.819649	-51.9092
140.000000	99.722961	-52.1467
143.000000	99.622757	-52.7574
145.000000	99.515099	-53.1361
147.500000	99.433372	-53.4640
150.000000	99.333916	-53.9624
152.500000	99.229057	-54.2888
155.000000	99.138206	-54.7102
157.500000	99.030312	-55.1108
160.000000	98.961685	-55.5552
162.500000	98.878563	-55.8280
165.000000	98.782257	-56.2182
167.500000	98.695793	-56.5441
170.000000	98.604469	-56.8078
172.500000	98.517166	-57.2255
175.000000	98.427986	-57.4883
177.500000	98.342148	-57.6984
180.000000	98.192734	-58.8591
182.500000	98.205597	-58.3111
185.000000	98.112976	-58.5693
187.500000	98.025284	-58.7890
190.000000	97.950943	-58.9604
192.500000	97.871544	-59.1765
195.000000	97.795502	-59.3462
197.500000	97.725471	-59.4776
200.000000	97.660866	-59.6105
203.000000	97.587547	-59.7213
206.000000	97.522026	-59.8316
209.000000	97.473381	-59.9460
212.000000	97.437912	-60.1508
214.000000	97.413124	-60.3386
218.000000	97.363220	-60.7826
220.000000	97.330910	-60.9989
224.000000	97.260841	-61.4512
227.000000	97.210724	-61.8832
230.000000	97.156601	-62.2320
233.000000	97.095116	-62.6198
236.000000	97.039780	-62.9756
240.000000	96.947403	-63.4360
243.000000	96.897476	-63.7283
247.000000	96.817909	-64.1360
250.000000	96.755615	-64.4232
254.000000	96.677765	-64.8001
258.000000	96.597115	-65.1451
262.000000	96.523514	-65.4838
265.000000	96.467651	-65.7163
269.000000	96.394478	-66.0504
272.000000	96.341324	-66.2589
276.000000	96.275986	-66.5788
280.000000	96.206970	-66.8532
285.000000	96.125671	-67.2115
290.000000	96.049591	-67.5301
295.000000	95.976112	-67.8791
300.000000	95.907303	-68.1840
304.000000	95.849258	-68.4473
307.000000	95.807144	-68.6315
311.000000	95.754387	-68.8686
315.000000	95.703438	-69.1286
320.000000	95.643799	-69.4163
325.000000	95.580742	-69.7026
330.000000	95.528915	-69.9856
335.000000	95.477470	-70.2726
340.000000	95.430161	-70.5446
345.000000	95.380219	-70.7890
350.000000	95.337128	-71.0672
355.000000	95.301201	-71.3322
360.000000	95.261391	-71.5788
365.000000	95.224281	-71.9055
370.000000	95.190170	-72.2080
375.000000	95.156822	-72.5158
382.000000	95.110390	-72.9569
387.000000	95.077827	-73.2656
395.000000	95.025215	-73.7634
400.000000	94.993111	-74.0352
406.000000	94.960754	-74.3644
412.000000	94.925446	-74.7141
418.000000	94.894455	-75.0526
425.000000	94.862190	-75.4448
431.000000	94.835190	-75.7923
437.000000	94.807854	-76.1130
444.000000	94.785629	-76.4908
450.000000	94.765121	-76.8243
455.000000	94.749847	-77.0870
462.000000	94.731003	-77.5152
468.000000	94.717812	-77.8348
475.000000	94.700470	-78.2809
482.000000	94.687820	-78.6655
487.000000	94.681122	-78.9637
494.000000	94.657295	-79.3611
500.000000	94.652794	-79.7234
508.000000	94.641060	-80.1606
515.000000	94.635605	-80.5418
522.000000	94.629608	-80.9772
530.000000	94.623108	-81.4290
538.000000	94.618324	-81.9112
545.000000	94.621284	-82.3198
552.000000	94.621094	-82.7546
560.000000	94.620178	-83.2235
570.000000	94.622086	-83.8504
580.000000	94.626228	-84.4893
590.000000	94.633629	-85.1156
600.000000	94.636353	-85.8213
608.000000	94.642197	-86.3214
615.000000	94.645782	-86.8279
622.000000	94.650604	-87.3018
630.000000	94.649414	-87.8921
640.000000	94.647675	-88.6152
650.000000	94.637039	-89.3094
660.000000	94.631607	-90.0110
670.000000	94.603745	-90.6540
680.000000	94.582756	-91.2591
690.000000	94.556244	-91.8034
700.000000	94.539993	-92.2741
710.000000	94.528366	-92.7486
720.000000	94.520187	-93.1776
730.000000	94.515022	-93.6048
740.000000	94.512848	-94.0478
750.000000	94.516312	-94.4693
762.000000	94.523407	-94.9787
775.000000	94.527359	-95.5162
788.000000	94.541435	-96.0467
800.000000	94.552696	-96.5100
812.000000	94.568413	-96.9703
825.000000	94.583916	-97.4698
838.000000	94.606415	-97.9318
850.000000	94.625702	-98.3619
862.000000	94.650330	-98.8244
875.000000	94.675728	-99.2517
885.000000	94.699127	-99.6081
900.000000	94.734932	-100.1308
912.000000	94.766708	-100.5039
925.000000	94.802933	-100.9352
938.000000	94.841927	-101.3575
950.000000	94.879333	-101.7596
962.000000	94.922150	-102.1457
975.000000	94.973885	-102.5614
988.000000	95.020012	-102.9898
1000.000000	95.070038	-103.3835
1015.000000	95.139061	-103.8685
1030.000000	95.200623	-104.4137
1044.000000	95.260880	-104.8739
1060.000000	95.338646	-105.4711
1075.000000	95.409508	-106.0463
1090.000000	95.480286	-106.6177
1106.000000	95.558868	-107.2874
1120.000000	95.627342	-107.8857
1138.000000	95.712402	-108.6795
1150.000000	95.765991	-109.2245
1172.000000	95.862198	-110.2368
1180.000000	95.892662	-110.6045
1206.000000	95.996048	-111.8624
1220.000000	96.049042	-112.5444
1241.000000	96.112061	-113.6017
1250.000000	96.142235	-114.0139
1265.000000	96.183937	-114.7448
1280.000000	96.220062	-115.4663
1315.000000	96.291458	-117.1047
1320.000000	96.299995	-117.3310
1340.000000	96.332458	-118.2098
1360.000000	96.361252	-119.0989
1380.000000	96.379349	-119.9082
1400.000000	96.399200	-120.6896
1430.000000	96.421967	-121.7831
1450.000000	96.433228	-122.4591
1475.000000	96.447861	-123.2341
1500.000000	96.458534	-123.9539
1525.000000	96.473389	-124.6241
1550.000000	96.488068	-125.2322
1575.000000	96.501869	-125.7652
1600.000000	96.519424	-126.2439
1625.000000	96.540703	-126.6954
1650.000000	96.570663	-127.0932
1675.000000	96.602509	-127.4441
1700.000000	96.637169	-127.7790
1725.000000	96.682205	-128.0726
1750.000000	96.727158	-128.3372
1775.000000	96.777901	-128.5880
1800.000000	96.833725	-128.8360
1825.000000	96.898193	-129.0217
1850.000000	96.964310	-129.2456
1875.000000	97.040962	-129.4294
1900.000000	97.120995	-129.6269
1925.000000	97.206711	-129.8381
1950.000000	97.299149	-130.0496
1975.000000	97.396477	-130.2644
2000.000000	97.500992	-130.5063
2030.000000	97.631332	-130.7995
2060.000000	97.767792	-131.1189
2090.000000	97.911476	-131.5048
2120.000000	98.063637	-131.9201
2140.000000	98.163589	-132.2249
2180.000000	98.377350	-132.9070
2200.000000	98.485641	-133.2882
2240.000000	98.707932	-134.1521
2270.000000	98.877907	-134.8788
2300.000000	99.050400	-135.6949
2330.000000	99.218956	-136.5871
2360.000000	99.386589	-137.5815
2400.000000	99.601952	-139.0212
2430.000000	99.757889	-140.2427
2470.000000	99.954140	-141.9855
2500.000000	100.086685	-143.4077
2540.000000	100.243195	-145.4036
2580.000000	100.373314	-147.5430
2620.000000	100.474686	-149.7893
2650.000000	100.529732	-151.5214
2690.000000	100.567879	-153.8773
2720.000000	100.573654	-155.6523
2760.000000	100.547287	-157.9916
2800.000000	100.485107	-160.2791
2850.000000	100.362625	-163.0026
2900.000000	100.190674	-165.5354
2950.000000	99.978729	-167.8000
3000.000000	99.740372	-169.7885
3040.000000	99.532928	-171.1742
3070.000000	99.371727	-172.1015
3110.000000	99.152367	-173.1700
3150.000000	98.927055	-174.0751
3200.000000	98.643784	-174.9524
3250.000000	98.364746	-175.6277
3300.000000	98.092728	-176.0807
3350.000000	97.830460	-176.3545
3400.000000	97.573898	-176.4614
3450.000000	97.332008	-176.4065
3500.000000	97.100906	-176.2266
3550.000000	96.881142	-175.9053
3600.000000	96.672340	-175.4791
3650.000000	96.477203	-174.9443
3700.000000	96.300934	-174.3174
3750.000000	96.133850	-173.5774
3820.000000	95.923424	-172.4132
3870.000000	95.791245	-171.4585
3950.000000	95.627014	-169.7318
4000.000000	95.549576	-168.5219
4060.000000	95.512344	-166.9525
4120.000000	95.522888	-165.3288
4180.000000	95.601410	-163.7248
4250.000000	95.784492	-162.0689
4310.000000	96.025078	-161.0389
4370.000000	96.329071	-160.5544
4440.000000	96.710052	-161.0403
4500.000000	97.006340	-162.3627
4550.000000	97.193893	-164.0239
4620.000000	97.326759	-166.9489
4680.000000	97.305237	-169.6673
4750.000000	97.123878	-172.7401
4820.000000	96.780388	-175.3804
4870.000000	96.458008	-176.7684
4940.000000	95.926498	-177.8464
5000.000000	95.440216	-177.6838
5080.000000	94.864082	-175.8616
5150.000000	94.545273	-173.0739
5220.000000	94.466568	-169.9039
5300.000000	94.645325	-166.8901
5380.000000	94.995689	-165.3192
5450.000000	95.338783	-165.1409
5520.000000	95.640144	-166.0285
5600.000000	95.884796	-167.8581
5700.000000	96.013733	-170.8702
5800.000000	95.945679	-174.0782
5900.000000	95.717598	-176.9385
6000.000000	95.375664	-179.2820
6080.000000	95.046341	179.3122
6150.000000	94.737762	178.4512
6220.000000	94.423050	177.9151
6300.000000	94.048729	177.7008
6400.000000	93.610863	177.9868
6500.000000	93.217422	178.7620
6600.000000	92.854660	179.8752
6700.000000	92.549683	-178.8060
6800.000000	92.251701	-177.2555
6900.000000	92.013885	-175.1195
7000.000000	91.858505	-172.7262
7100.000000	91.848038	-170.4924
7200.000000	91.857803	-168.5444
7300.000000	91.902870	-166.6874
7400.000000	92.015190	-165.0408
7500.000000	92.170204	-163.6292
7620.000000	92.410736	-162.4778
7750.000000	92.703705	-161.8652
7880.000000	92.976662	-162.2275
8000.000000	93.158356	-163.2060
8120.000000	93.231651	-164.5300
8250.000000	93.179939	-165.9376
8380.000000	93.021446	-166.7022
8500.000000	92.868683	-166.6413
8620.000000	92.778481	-166.1976
8750.000000	92.765289	-165.5779
8850.000000	92.807602	-165.3820
9000.000000	92.911491	-165.5060
9120.000000	92.990250	-166.1539
9250.000000	93.061630	-167.2220
9380.000000	93.051605	-168.6212
9500.000000	93.022522	-169.9813
9620.000000	92.967461	-171.3521
9750.000000	92.897621	-172.9162
9880.000000	92.814774	-174.6599
10000.000000	92.726067	-176.4334
10150.000000	92.624672	-179.0777
10300.000000	92.491920	177.8610
10440.000000	92.317604	174.3739
10600.000000	91.997429	169.7515
10750.000000	91.591507	165.0330
10900.000000	90.999557	160.1811
11060.000000	90.159958	155.2735
11200.000000	89.331924	152.3881
11380.000000	88.458755	148.6858
11500.000000	87.739265	146.0368
11720.000000	86.394585	142.3566
11800.000000	85.912125	141.3464
12060.000000	84.422348	138.8220
12200.000000	83.682205	137.8030
12410.000000	82.652802	136.8014
12500.000000	82.287872	136.2257
12650.000000	81.703560	135.7611
12800.000000	81.208054	135.2706
13150.000000	80.332428	133.7488
13200.000000	80.275810	133.1517
13400.000000	80.036621	132.0445
13600.000000	80.026016	130.7615
13800.000000	80.177773	128.4627
14000.000000	80.488449	125.8627
14300.000000	81.221436	120.1188
14500.000000	81.865631	114.9822
14750.000000	82.725739	107.5463
15000.000000	83.813736	98.2368
15250.000000	85.161346	87.3571
15500.000000	86.762215	73.3474
15750.000000	88.610870	53.6089
16000.000000	90.221558	24.6708
16250.000000	90.252396	-12.9147
16500.000000	88.079193	-46.4119
16750.000000	85.439713	-68.1316
17000.000000	83.724472	-83.1481
17250.000000	83.177330	-99.5042
17500.000000	83.356277	-123.0577
17750.000000	83.426216	-154.1268
18000.000000	82.996109	169.5764
18250.000000	82.156540	129.0409
18500.000000	80.959747	84.7307
18750.000000	79.522873	37.9333
19000.000000	78.306122	-12.7417
19250.000000	77.714790	-71.3168
19500.000000	77.640732	-143.4937
19750.000000	77.525940	126.6774
