* Measurement data measured by REW V5.31.3
* Source: USB-C to 3.5mm Headphone Jack Adapter, USB-C to 3.5mm Headphone Jack Adapter, 0, volume: 0.138
* Format: 256k Log Swept Sine, 4 sweeps at -12.0 dBFS with no timing reference
* Dated: Sep 22, 2024 1:53:47 PM
* REW Settings:
*  C-weighting compensation: Off
*  Target level: 75.0 dB
* Note: 
* Measurement: R
* Smoothing: None
* Frequency Step: 1/48 octave
* Start Frequency: 20.300 Hz
*
* Freq(Hz)	SPL(dB)	Phase(degrees)
20.299999	109.133	-161.2612
20.600000	109.149	-161.8724
20.900000	109.156	-162.4732
21.200001	109.156	-163.1134
21.400000	109.152	-163.5544
21.799999	109.134	-164.4257
22.000000	109.121	-164.8369
22.400000	109.097	-165.5897
22.700001	109.084	-166.1020
23.000000	109.078	-166.5988
23.299999	109.077	-167.1089
23.600000	109.076	-167.6468
24.000000	109.069	-168.3868
24.299999	109.058	-168.9189
24.700001	109.042	-169.5474
25.000000	109.035	-169.9579
25.400000	109.040	-170.4723
25.799999	109.053	-171.0250
26.200001	109.060	-171.6407
26.500000	109.053	-172.1109
26.900000	109.025	-172.6752
27.200001	108.998	-173.0215
27.600000	108.967	-173.4084
28.000000	108.951	-173.8038
28.500000	108.946	-174.4573
29.000000	108.935	-175.2761
29.500000	108.906	-176.0666
30.000000	108.876	-176.6573
30.400000	108.867	-177.0074
30.700001	108.869	-177.2573
31.100000	108.875	-177.6375
31.500000	108.874	-178.0867
32.000000	108.851	-178.6794
32.500000	108.813	-179.2198
33.000000	108.780	-179.7100
33.500000	108.759	179.7795
34.000000	108.741	179.2321
34.500000	108.718	178.7208
35.000000	108.696	178.3053
35.500000	108.684	177.9326
36.000000	108.675	177.4913
36.500000	108.651	176.9674
37.000000	108.605	176.4892
37.500000	108.553	176.1783
38.200001	108.520	175.8925
38.700001	108.522	175.5554
39.500000	108.502	174.7060
40.000000	108.462	174.2013
40.599998	108.412	173.7540
41.200001	108.380	173.3613
41.799999	108.355	172.9107
42.500000	108.319	172.3543
43.099998	108.285	171.9145
43.700001	108.253	171.5050
44.400002	108.218	171.0609
45.000000	108.185	170.7233
45.500000	108.157	170.4678
46.200001	108.119	170.1162
46.799999	108.093	169.7676
47.500000	108.068	169.2582
48.200001	108.028	168.7507
48.700001	107.992	168.5167
49.400002	107.954	168.3698
50.000000	107.938	168.2096
50.799999	107.908	167.7684
51.500000	107.867	167.3178
52.200001	107.825	166.8633
53.000000	107.748	166.3662
53.799999	107.649	166.2209
54.500000	107.618	166.2250
55.200001	107.631	165.8572
56.000000	107.614	165.1247
57.000000	107.531	164.5486
58.000000	107.435	164.3254
59.000000	107.398	163.8987
60.000000	107.334	162.8768
60.799999	107.207	162.7738
61.500000	107.172	163.3122
62.200001	107.213	163.3978
63.000000	107.204	162.7498
64.000000	107.128	162.2855
65.000000	107.135	161.8941
66.000000	107.038	161.1892
67.000000	106.905	161.2177
68.000000	106.886	161.0978
69.000000	106.847	160.4758
70.000000	106.755	159.9144
71.000000	106.685	159.8123
72.000000	106.698	159.7494
73.000000	106.666	159.3231
74.000000	106.572	159.1124
75.000000	106.541	159.2597
76.199997	106.600	158.7910
77.500000	106.474	158.1082
78.800003	106.459	158.0327
80.000000	106.326	157.2099
81.199997	106.175	157.3999
82.500000	106.073	158.1019
83.800003	106.111	158.1292
85.000000	105.950	156.7568
86.199997	105.891	156.9094
87.500000	105.848	156.7744
88.500000	105.774	156.8510
90.000000	105.716	156.4900
91.199997	105.653	156.2507
92.500000	105.588	156.3569
93.800003	105.587	155.7645
95.000000	105.475	155.8511
96.199997	105.436	155.7780
97.500000	105.372	155.8405
98.800003	105.292	155.6146
100.000000	105.228	155.5087
101.500000	105.216	154.9558
103.000000	105.137	155.1096
104.400002	105.004	155.0934
106.000000	104.902	154.7642
107.500000	104.965	155.1136
109.000000	104.820	154.3416
110.599998	104.780	154.8289
112.000000	104.693	154.6567
113.800003	104.608	154.6373
115.000000	104.621	154.4824
117.199997	104.476	154.7188
118.000000	104.462	154.4453
120.599998	104.317	154.8741
122.000000	104.277	153.8916
124.099998	104.271	153.7672
125.000000	104.184	153.6841
126.500000	104.072	153.9344
128.000000	104.046	154.4898
131.500000	103.926	153.8370
132.000000	103.880	153.6756
134.000000	103.803	154.4879
136.000000	103.795	153.9921
138.000000	103.693	154.3115
140.000000	103.716	154.5284
143.000000	103.494	154.6336
145.000000	103.432	154.2467
147.500000	103.458	154.5244
150.000000	103.307	153.8816
152.500000	103.096	154.4124
155.000000	103.087	155.0955
157.500000	103.016	154.3828
160.000000	102.904	154.6504
162.500000	102.861	154.5175
165.000000	102.755	155.5276
167.500000	102.543	156.5334
170.000000	102.627	157.1811
172.500000	102.600	157.5464
175.000000	102.686	158.0256
177.500000	102.534	157.1612
180.000000	102.451	157.3911
182.500000	102.383	156.5728
185.000000	102.385	156.8483
187.500000	102.322	156.6739
190.000000	102.243	157.2595
192.500000	102.210	157.2021
195.000000	102.185	157.7404
197.500000	102.040	158.2520
200.000000	102.019	157.3804
203.000000	101.979	157.7403
206.000000	101.879	158.2018
209.000000	101.851	158.3480
212.000000	101.752	158.5663
214.000000	101.664	158.5351
218.000000	101.610	158.7585
220.000000	101.582	158.9114
224.000000	101.563	159.3774
227.000000	101.484	159.9123
230.000000	101.451	159.9739
233.000000	101.409	159.8582
236.000000	101.362	160.0969
240.000000	101.285	160.6670
243.000000	101.242	161.1125
247.000000	101.223	161.1386
250.000000	101.129	160.9596
254.000000	101.039	161.4594
258.000000	100.962	161.4041
262.000000	100.937	162.2384
265.000000	100.926	162.5055
269.000000	100.813	162.6754
272.000000	100.840	162.9450
276.000000	100.719	163.2083
280.000000	100.711	163.5109
285.000000	100.622	164.0065
290.000000	100.561	164.3531
295.000000	100.500	164.8243
300.000000	100.414	165.2165
304.000000	100.405	165.9062
307.000000	100.349	165.7792
311.000000	100.306	166.3384
315.000000	100.274	166.5547
320.000000	100.231	166.9627
325.000000	100.178	167.4376
330.000000	100.126	167.8837
335.000000	100.145	168.2283
340.000000	100.094	168.9950
345.000000	100.085	169.2504
350.000000	100.059	169.6619
355.000000	100.041	170.5580
360.000000	99.950	170.4761
365.000000	99.927	170.9201
370.000000	99.885	171.0974
375.000000	99.881	171.7016
382.000000	99.830	172.0308
387.000000	99.812	172.4637
395.000000	99.746	172.8784
400.000000	99.697	173.2038
406.000000	99.675	173.9247
412.000000	99.663	174.5133
418.000000	99.594	174.7057
425.000000	99.604	175.3410
431.000000	99.519	175.8023
437.000000	99.520	176.0524
444.000000	99.486	176.8939
450.000000	99.504	177.2549
455.000000	99.456	177.4016
462.000000	99.380	178.2569
468.000000	99.418	178.2791
475.000000	99.430	178.7790
482.000000	99.340	179.9120
487.000000	99.300	179.5691
494.000000	99.333	-179.3549
500.000000	99.340	-179.0246
508.000000	99.317	-178.5318
515.000000	99.238	-177.8925
522.000000	99.300	-177.3579
530.000000	99.296	-176.5764
538.000000	99.304	-176.1073
545.000000	99.270	-176.1186
552.000000	99.256	-175.2552
560.000000	99.244	-174.6175
570.000000	99.240	-173.8633
580.000000	99.211	-173.1552
590.000000	99.192	-172.4953
600.000000	99.209	-171.8322
608.000000	99.224	-171.3392
615.000000	99.191	-170.5123
622.000000	99.182	-170.1551
630.000000	99.206	-169.5815
640.000000	99.208	-168.9167
650.000000	99.213	-168.1817
660.000000	99.190	-167.5687
670.000000	99.238	-166.8053
680.000000	99.226	-166.1036
690.000000	99.250	-165.2766
700.000000	99.277	-164.6118
710.000000	99.304	-163.9771
720.000000	99.320	-163.1753
730.000000	99.346	-162.5020
740.000000	99.355	-161.7312
750.000000	99.399	-161.2482
762.000000	99.449	-160.2799
775.000000	99.461	-159.3845
788.000000	99.532	-158.5935
800.000000	99.591	-157.7698
812.000000	99.653	-156.9150
825.000000	99.703	-156.2304
838.000000	99.764	-155.5506
850.000000	99.835	-154.7103
862.000000	99.917	-153.8419
875.000000	100.002	-153.2520
885.000000	100.075	-152.3829
900.000000	100.198	-151.6334
912.000000	100.264	-151.0423
925.000000	100.388	-150.3812
938.000000	100.495	-149.8356
950.000000	100.606	-149.3325
962.000000	100.739	-148.7694
975.000000	100.863	-148.5422
988.000000	100.988	-148.1238
1000.000000	101.140	-148.0832
1015.000000	101.282	-148.0414
1030.000000	101.428	-148.3446
1044.000000	101.518	-148.8255
1060.000000	101.566	-149.5041
1075.000000	101.529	-150.0142
1090.000000	101.477	-150.1957
1106.000000	101.403	-150.1928
1120.000000	101.390	-149.9860
1138.000000	101.339	-149.6634
1150.000000	101.298	-149.4595
1172.000000	101.160	-148.7051
1180.000000	101.086	-148.2328
1206.000000	100.990	-145.8633
1220.000000	100.992	-144.4138
1241.000000	101.069	-142.4125
1250.000000	101.131	-141.6868
1265.000000	101.229	-140.3618
1280.000000	101.356	-139.1116
1315.000000	101.709	-136.8992
1320.000000	101.762	-136.7732
1340.000000	101.955	-135.8553
1360.000000	102.154	-135.1110
1380.000000	102.367	-134.4037
1400.000000	102.558	-133.7667
1430.000000	102.846	-132.9936
1450.000000	103.040	-132.5495
1475.000000	103.268	-132.0216
1500.000000	103.505	-131.5873
1525.000000	103.745	-131.2294
1550.000000	103.967	-130.9001
1575.000000	104.207	-130.6220
1600.000000	104.445	-130.4596
1625.000000	104.693	-130.3278
1650.000000	104.934	-130.2378
1675.000000	105.181	-130.2992
1700.000000	105.438	-130.4085
1725.000000	105.680	-130.7901
1750.000000	105.923	-131.2301
1775.000000	106.152	-131.8800
1800.000000	106.348	-132.5804
1825.000000	106.517	-133.3749
1850.000000	106.677	-134.0109
1875.000000	106.836	-134.6167
1900.000000	106.988	-135.1812
1925.000000	107.154	-135.7070
1950.000000	107.322	-136.3364
1975.000000	107.493	-137.0222
2000.000000	107.662	-137.8015
2030.000000	107.855	-138.8417
2060.000000	108.016	-140.0592
2090.000000	108.168	-141.3328
2120.000000	108.285	-142.6427
2140.000000	108.353	-143.4473
2180.000000	108.443	-144.9142
2200.000000	108.492	-145.4560
2240.000000	108.653	-146.2708
2270.000000	108.864	-147.1633
2300.000000	109.091	-148.7267
2330.000000	109.268	-150.8136
2360.000000	109.371	-153.2099
2400.000000	109.408	-156.3896
2430.000000	109.376	-158.6516
2470.000000	109.275	-161.5343
2500.000000	109.163	-163.5394
2540.000000	108.997	-165.9220
2580.000000	108.813	-168.3892
2620.000000	108.584	-170.9990
2650.000000	108.354	-173.1339
2690.000000	107.910	-175.9430
2720.000000	107.436	-177.6303
2760.000000	106.671	-178.3556
2800.000000	105.954	-176.8147
2850.000000	105.427	-173.2938
2900.000000	105.241	-170.2302
2950.000000	105.181	-168.2505
3000.000000	105.123	-167.0819
3040.000000	105.040	-166.3583
3070.000000	104.961	-165.7214
3110.000000	104.855	-164.7478
3150.000000	104.779	-163.5265
3200.000000	104.744	-161.9999
3250.000000	104.768	-160.6847
3300.000000	104.827	-159.6451
3350.000000	104.907	-158.9696
3400.000000	104.991	-158.7227
3450.000000	105.050	-159.0157
3500.000000	105.003	-159.7827
3550.000000	104.793	-160.3436
3600.000000	104.500	-159.7754
3650.000000	104.277	-158.1734
3700.000000	104.172	-156.1758
3750.000000	104.185	-154.1886
3820.000000	104.339	-152.0737
3870.000000	104.483	-151.1839
3950.000000	104.674	-150.7167
4000.000000	104.734	-150.7202
4060.000000	104.744	-150.7956
4120.000000	104.684	-150.7252
4180.000000	104.579	-150.1260
4250.000000	104.515	-148.7430
4310.000000	104.552	-147.5500
4370.000000	104.601	-146.7859
4440.000000	104.599	-145.8686
4500.000000	104.598	-144.5563
4550.000000	104.658	-143.2730
4620.000000	104.829	-141.6654
4680.000000	105.020	-140.5483
4750.000000	105.293	-139.5272
4820.000000	105.607	-138.9900
4870.000000	105.849	-138.9140
4940.000000	106.190	-139.3260
5000.000000	106.486	-140.1581
5080.000000	106.862	-142.2782
5150.000000	107.078	-145.4273
5220.000000	106.993	-149.3916
5300.000000	106.481	-152.1181
5380.000000	106.021	-152.3410
5450.000000	105.645	-151.9611
5520.000000	105.307	-150.0631
5600.000000	105.273	-146.8293
5700.000000	105.653	-144.7213
5800.000000	106.023	-145.3802
5900.000000	106.167	-147.1104
6000.000000	106.132	-148.7782
6080.000000	106.022	-149.6821
6150.000000	105.922	-150.0633
6220.000000	105.845	-150.3568
6300.000000	105.740	-150.6231
6400.000000	105.620	-150.5607
6500.000000	105.567	-150.5394
6600.000000	105.516	-150.8104
6700.000000	105.413	-151.2495
6800.000000	105.235	-151.4937
6900.000000	104.981	-151.0612
7000.000000	104.715	-149.2053
7100.000000	104.694	-145.6744
7200.000000	105.060	-142.5543
7300.000000	105.603	-141.0284
7400.000000	106.188	-140.7230
7500.000000	106.807	-141.2385
7620.000000	107.633	-143.0932
7750.000000	108.610	-147.2560
7880.000000	109.558	-154.5443
8000.000000	110.168	-164.4928
8120.000000	110.211	-176.6040
8250.000000	109.499	170.9204
8380.000000	108.311	161.5930
8500.000000	107.109	155.4700
8620.000000	105.889	151.0832
8750.000000	104.556	147.7914
8850.000000	103.537	146.4069
9000.000000	102.131	145.9257
9120.000000	101.150	146.2503
9250.000000	100.169	146.5856
9380.000000	99.120	147.0921
9500.000000	98.091	148.6973
9620.000000	97.130	151.6809
9750.000000	96.239	156.0405
9880.000000	95.519	161.3822
10000.000000	95.057	167.2864
10150.000000	94.985	175.4907
10300.000000	95.625	-179.2052
10440.000000	96.051	179.8575
10600.000000	95.714	179.6205
10750.000000	95.396	-177.4908
10900.000000	95.326	-173.3140
11060.000000	95.588	-168.6039
11200.000000	96.075	-165.2428
11380.000000	96.893	-162.5434
11500.000000	97.513	-161.7091
11720.000000	98.791	-161.9391
11800.000000	99.312	-162.7660
12060.000000	101.007	-169.1760
12200.000000	101.787	-174.9609
12410.000000	102.545	174.5289
12500.000000	102.722	169.8685
12650.000000	102.865	162.4588
12800.000000	102.904	155.6334
13150.000000	102.926	141.5855
13200.000000	102.944	139.7299
13400.000000	103.110	132.2886
13600.000000	103.453	124.1544
13800.000000	103.900	114.4028
14000.000000	104.325	102.8700
14300.000000	104.771	83.1220
14500.000000	104.951	68.9369
14750.000000	105.156	50.0500
15000.000000	105.309	29.1279
15250.000000	105.320	6.0222
15500.000000	105.092	-18.9365
15750.000000	104.592	-44.9731
16000.000000	103.884	-71.2562
16250.000000	103.195	-97.4409
16500.000000	102.704	-125.9186
16750.000000	101.921	-158.5824
17000.000000	100.498	167.6435
17250.000000	98.734	135.3534
17500.000000	96.980	104.2576
17750.000000	95.454	72.9203
18000.000000	94.236	39.6229
18250.000000	93.361	1.9390
18500.000000	92.651	-43.6159
18750.000000	91.325	-101.4333
19000.000000	87.361	-168.9847
19250.000000	80.013	140.8246
19500.000000	77.148	114.9639
19750.000000	77.076	54.4198
