* Measurement data measured by REW V5.20
* Source: USB-C to 3.5mm Headphone Jack Adapter, USB-C to 3.5mm Headphone Jack Adapter, 0, volume: 0.138
* Format: 256k Log Swept Sine, 1 sweep at -12.0 dBFS with no timing reference
* Dated: Apr 3, 2024 3:19:33 PM
* REW Settings:
*  C-weighting compensation: Off
*  Target level: 75.0 dB
* Note: 
* Measurement: R
* Smoothing: None
* Frequency Step: 1/48 octave
* Start Frequency: 20.300 Hz
*
* Freq(Hz)	SPL(dB)	Phase(degrees)
20.299999	103.708183	-175.7330
20.600000	103.669449	-176.5711
20.900000	103.624870	-177.0801
21.200001	103.594910	-177.3623
21.400000	103.589775	-177.4633
21.799999	103.615776	-177.6082
22.000000	103.642288	-177.7124
22.400000	103.704193	-178.0548
22.700001	103.740448	-178.4362
23.000000	103.757797	-178.8879
23.299999	103.753342	-179.3673
23.600000	103.729660	-179.8434
24.000000	103.678452	179.5405
24.299999	103.633362	179.0768
24.700001	103.572990	178.4268
25.000000	103.531219	177.9095
25.400000	103.483498	177.1979
25.799999	103.447311	176.5060
26.200001	103.423325	175.8809
26.500000	103.412186	175.4724
26.900000	103.402824	175.0056
27.200001	103.396889	174.6989
27.600000	103.385559	174.3066
28.000000	103.365623	173.8848
28.500000	103.323334	173.2628
29.000000	103.263382	172.5496
29.500000	103.197906	171.8240
30.000000	103.144592	171.1639
30.400000	103.116531	170.6945
30.700001	103.102249	170.3681
31.100000	103.086212	169.9540
31.500000	103.066231	169.5552
32.000000	103.029190	169.0669
32.500000	102.979736	168.5713
33.000000	102.924698	168.0499
33.500000	102.871292	167.5087
34.000000	102.824959	166.9775
34.500000	102.786942	166.4799
35.000000	102.752663	166.0188
35.500000	102.714966	165.5880
36.000000	102.669785	165.1822
36.500000	102.618744	164.7914
37.000000	102.566521	164.4005
37.500000	102.516815	164.0011
38.200001	102.454102	163.4406
38.700001	102.413429	163.0483
39.500000	102.347672	162.4284
40.000000	102.301598	162.0489
40.599998	102.242188	161.6178
41.200001	102.184219	161.2171
41.799999	102.131836	160.8347
42.500000	102.076370	160.3965
43.099998	102.028946	160.0255
43.700001	101.977707	159.6617
44.400002	101.912666	159.2517
45.000000	101.855759	158.9096
45.500000	101.810043	158.6248
46.200001	101.749496	158.2234
46.799999	101.698975	157.8858
47.500000	101.638870	157.5179
48.200001	101.577545	157.1794
48.700001	101.533997	156.9402
49.400002	101.473007	156.5904
50.000000	101.420303	156.2905
50.799999	101.352036	155.9238
51.500000	101.294601	155.6284
52.200001	101.236237	155.3455
53.000000	101.169662	155.0241
53.799999	101.102600	154.6778
54.500000	101.040276	154.3985
55.200001	100.981697	154.1812
56.000000	100.922531	153.9247
57.000000	100.836662	153.5615
58.000000	100.753372	153.2577
59.000000	100.676575	152.8347
60.000000	100.581665	152.5035
60.799999	100.521393	152.3430
61.500000	100.472404	152.1292
62.200001	100.412666	151.9123
63.000000	100.350273	151.7456
64.000000	100.290306	151.4859
65.000000	100.214142	151.2328
66.000000	100.136696	151.0605
67.000000	100.057510	150.7910
68.000000	99.978249	150.5456
69.000000	99.911308	150.3361
70.000000	99.837845	150.1658
71.000000	99.765800	150.0095
72.000000	99.693199	149.7518
73.000000	99.616302	149.5486
74.000000	99.552246	149.4157
75.000000	99.485390	149.2354
76.199997	99.399963	149.0600
77.500000	99.314850	148.8632
78.800003	99.217720	148.7136
80.000000	99.132812	148.5492
81.199997	99.056740	148.4238
82.500000	98.985535	148.2869
83.800003	98.893898	148.1680
85.000000	98.812202	148.0010
86.199997	98.735992	147.8807
87.500000	98.663246	147.7954
88.500000	98.601570	147.7965
90.000000	98.510750	147.6221
91.199997	98.430847	147.5820
92.500000	98.367134	147.5010
93.800003	98.285278	147.4191
95.000000	98.217354	147.3776
96.199997	98.148979	147.3393
97.500000	98.075607	147.2766
98.800003	98.000092	147.2476
100.000000	97.936768	147.2212
101.500000	97.852814	147.1515
103.000000	97.778275	147.1275
104.400002	97.703850	147.1098
106.000000	97.618584	147.0811
107.500000	97.538338	147.0730
109.000000	97.468414	147.0726
110.599998	97.385956	147.0747
112.000000	97.316284	147.0698
113.800003	97.227783	147.1132
115.000000	97.169128	147.1329
117.199997	97.068100	147.1451
118.000000	97.029541	147.1866
120.599998	96.900818	147.2216
122.000000	96.855316	147.3320
124.099998	96.753410	147.3391
125.000000	96.714462	147.3586
126.500000	96.652290	147.4290
128.000000	96.591133	147.4608
131.500000	96.438179	147.6257
132.000000	96.419121	147.6530
134.000000	96.341034	147.7313
136.000000	96.259918	147.8067
138.000000	96.181549	147.9404
140.000000	96.106659	147.9926
143.000000	95.989571	148.2250
145.000000	95.917397	148.3927
147.500000	95.829231	148.5260
150.000000	95.745361	148.6959
152.500000	95.663132	148.8243
155.000000	95.578491	148.9962
157.500000	95.485313	149.1895
160.000000	95.399269	149.3423
162.500000	95.318062	149.5352
165.000000	95.231857	149.6864
167.500000	95.162193	149.8776
170.000000	95.079971	150.1384
172.500000	95.004265	150.3481
175.000000	94.913391	150.5607
177.500000	94.840408	150.8209
180.000000	94.755310	151.0378
182.500000	94.682869	151.3589
185.000000	94.600464	151.6582
187.500000	94.528023	152.0655
190.000000	94.459129	152.4509
192.500000	94.400467	152.8656
195.000000	94.360573	153.3719
197.500000	94.332703	153.8430
200.000000	94.338287	154.1177
203.000000	94.313484	154.4891
206.000000	94.301743	154.7075
209.000000	94.268944	154.6656
212.000000	94.212036	154.7602
214.000000	94.179634	154.9548
218.000000	94.119286	155.0638
220.000000	94.081482	155.1553
224.000000	94.005951	155.3544
227.000000	93.948708	155.5329
230.000000	93.893417	155.7251
233.000000	93.833069	155.9482
236.000000	93.779465	156.1576
240.000000	93.700195	156.4386
243.000000	93.656418	156.7055
247.000000	93.589691	157.0717
250.000000	93.539909	157.2690
254.000000	93.476624	157.6055
258.000000	93.409790	157.9325
262.000000	93.357262	158.2573
265.000000	93.308411	158.5304
269.000000	93.258072	158.8786
272.000000	93.213051	159.1739
276.000000	93.168793	159.4673
280.000000	93.111671	159.8113
285.000000	93.056221	160.2610
290.000000	93.000839	160.6839
295.000000	92.947083	161.0813
300.000000	92.893044	161.5227
304.000000	92.852600	161.8241
307.000000	92.822952	162.0344
311.000000	92.784653	162.3433
315.000000	92.747208	162.6547
320.000000	92.693176	163.0168
325.000000	92.649506	163.3972
330.000000	92.599998	163.7689
335.000000	92.553627	164.1590
340.000000	92.506226	164.5168
345.000000	92.462616	164.9045
350.000000	92.417473	165.2908
355.000000	92.375404	165.6859
360.000000	92.339539	166.0879
365.000000	92.295532	166.4564
370.000000	92.258392	166.8278
375.000000	92.220551	167.2191
382.000000	92.168152	167.7310
387.000000	92.136620	168.1216
395.000000	92.081665	168.7415
400.000000	92.052765	169.1130
406.000000	92.014938	169.5323
412.000000	91.980621	170.0059
418.000000	91.950783	170.4230
425.000000	91.912155	170.9286
431.000000	91.880943	171.3656
437.000000	91.845978	171.8053
444.000000	91.812599	172.3001
450.000000	91.783401	172.7410
455.000000	91.759979	173.0891
462.000000	91.729111	173.6005
468.000000	91.704964	174.0182
475.000000	91.673485	174.4922
482.000000	91.643127	174.9957
487.000000	91.622612	175.3216
494.000000	91.595230	175.8101
500.000000	91.578117	176.2178
508.000000	91.548828	176.7737
515.000000	91.522720	177.2406
522.000000	91.500816	177.7263
530.000000	91.476204	178.2648
538.000000	91.449921	178.8276
545.000000	91.427315	179.3048
552.000000	91.409531	179.7722
560.000000	91.388878	-179.7144
570.000000	91.363945	-178.9988
580.000000	91.345261	-178.3338
590.000000	91.325478	-177.6651
600.000000	91.298477	-176.9909
608.000000	91.287247	-176.4470
615.000000	91.278442	-176.0017
622.000000	91.270020	-175.5372
630.000000	91.256973	-174.9824
640.000000	91.241913	-174.3177
650.000000	91.228142	-173.6835
660.000000	91.216614	-172.9556
670.000000	91.208115	-172.3127
680.000000	91.198982	-171.6494
690.000000	91.194740	-170.9721
700.000000	91.193016	-170.3028
710.000000	91.193771	-169.6268
720.000000	91.189842	-168.9604
730.000000	91.190147	-168.2932
740.000000	91.192909	-167.6167
750.000000	91.202698	-166.9316
762.000000	91.211411	-166.1038
775.000000	91.220032	-165.2511
788.000000	91.240059	-164.3367
800.000000	91.260803	-163.5294
812.000000	91.285004	-162.7477
825.000000	91.313042	-161.8864
838.000000	91.344284	-160.9935
850.000000	91.373756	-160.2089
862.000000	91.412697	-159.4185
875.000000	91.452957	-158.5739
885.000000	91.492821	-157.9293
900.000000	91.556870	-156.9605
912.000000	91.594696	-156.2302
925.000000	91.656677	-155.4147
938.000000	91.716331	-154.6368
950.000000	91.775803	-153.9231
962.000000	91.839897	-153.2193
975.000000	91.913849	-152.4786
988.000000	91.987350	-151.7567
1000.000000	92.062325	-151.1347
1015.000000	92.156448	-150.3563
1030.000000	92.255875	-149.6248
1044.000000	92.352242	-148.9714
1060.000000	92.463539	-148.2748
1075.000000	92.572556	-147.6771
1090.000000	92.678284	-147.1180
1106.000000	92.799339	-146.5716
1120.000000	92.899460	-146.1037
1138.000000	93.031563	-145.6006
1150.000000	93.118568	-145.2991
1172.000000	93.277908	-144.7777
1180.000000	93.332397	-144.5987
1206.000000	93.514587	-144.0838
1220.000000	93.606796	-143.8853
1241.000000	93.738617	-143.5708
1250.000000	93.794388	-143.4589
1265.000000	93.885567	-143.2730
1280.000000	93.974167	-143.0967
1315.000000	94.170517	-142.7968
1320.000000	94.194893	-142.7268
1340.000000	94.297577	-142.5658
1360.000000	94.393684	-142.4200
1380.000000	94.492386	-142.2459
1400.000000	94.580620	-142.1196
1430.000000	94.711617	-141.9338
1450.000000	94.797409	-141.7764
1475.000000	94.896790	-141.6165
1500.000000	94.993141	-141.4490
1525.000000	95.094513	-141.2714
1550.000000	95.184883	-141.1022
1575.000000	95.282036	-140.9402
1600.000000	95.374672	-140.7737
1625.000000	95.462921	-140.6099
1650.000000	95.559067	-140.4441
1675.000000	95.646683	-140.2999
1700.000000	95.741028	-140.1495
1725.000000	95.831314	-139.9986
1750.000000	95.920410	-139.8723
1775.000000	96.011948	-139.7512
1800.000000	96.102448	-139.6450
1825.000000	96.191772	-139.5385
1850.000000	96.282608	-139.4494
1875.000000	96.372536	-139.3727
1900.000000	96.462402	-139.3135
1925.000000	96.551956	-139.2688
1950.000000	96.641541	-139.2255
1975.000000	96.728905	-139.2185
2000.000000	96.814232	-139.2057
2030.000000	96.919525	-139.2131
2060.000000	97.023544	-139.2401
2090.000000	97.126907	-139.2806
2120.000000	97.227150	-139.3765
2140.000000	97.294739	-139.4602
2180.000000	97.422203	-139.6302
2200.000000	97.487022	-139.7168
2240.000000	97.606895	-139.9451
2270.000000	97.698143	-140.1405
2300.000000	97.778709	-140.3511
2330.000000	97.864861	-140.5838
2360.000000	97.943924	-140.8081
2400.000000	98.043808	-141.1467
2430.000000	98.114517	-141.3983
2470.000000	98.205925	-141.7880
2500.000000	98.268372	-142.0686
2540.000000	98.349640	-142.4673
2580.000000	98.423584	-142.8465
2620.000000	98.497185	-143.2544
2650.000000	98.547562	-143.5655
2690.000000	98.609238	-143.9760
2720.000000	98.653793	-144.2846
2760.000000	98.708336	-144.7005
2800.000000	98.760910	-145.1226
2850.000000	98.822105	-145.6337
2900.000000	98.875076	-146.1552
2950.000000	98.928619	-146.7051
3000.000000	98.972809	-147.2390
3040.000000	99.009407	-147.6785
3070.000000	99.033569	-148.0027
3110.000000	99.061623	-148.4598
3150.000000	99.086639	-148.9209
3200.000000	99.112259	-149.5117
3250.000000	99.133972	-150.1272
3300.000000	99.148666	-150.7488
3350.000000	99.153488	-151.3751
3400.000000	99.144913	-151.9788
3450.000000	99.131615	-152.5666
3500.000000	99.111763	-153.0913
3550.000000	99.089676	-153.5501
3600.000000	99.073883	-153.9426
3650.000000	99.077744	-154.3366
3700.000000	99.089470	-154.8613
3750.000000	99.095718	-155.5317
3820.000000	99.073677	-156.6593
3870.000000	99.033295	-157.4817
3950.000000	98.928276	-158.7409
4000.000000	98.841919	-159.4645
4060.000000	98.719124	-160.2432
4120.000000	98.589539	-160.8633
4180.000000	98.454361	-161.4032
4250.000000	98.297249	-161.9072
4310.000000	98.158081	-162.2724
4370.000000	98.018570	-162.6013
4440.000000	97.850143	-162.8888
4500.000000	97.709923	-163.0626
4550.000000	97.589287	-163.1880
4620.000000	97.427094	-163.2621
4680.000000	97.290382	-163.3329
4750.000000	97.125732	-163.3522
4820.000000	96.962181	-163.3745
4870.000000	96.835365	-163.3663
4940.000000	96.648224	-163.2501
5000.000000	96.493217	-163.0884
5080.000000	96.270340	-162.6646
5150.000000	96.084946	-162.1548
5220.000000	95.919662	-161.5036
5300.000000	95.755302	-160.6426
5380.000000	95.610451	-159.7310
5450.000000	95.502304	-158.9600
5520.000000	95.400368	-158.2160
5600.000000	95.294762	-157.3907
5700.000000	95.181778	-156.3165
5800.000000	95.075836	-155.2327
5900.000000	94.987686	-154.1369
6000.000000	94.921509	-153.0294
6080.000000	94.870621	-152.1141
6150.000000	94.837456	-151.3172
6220.000000	94.813393	-150.4751
6300.000000	94.790077	-149.4865
6400.000000	94.793358	-148.1766
6500.000000	94.832077	-146.7831
6600.000000	94.918472	-145.4487
6700.000000	95.049347	-144.0870
6800.000000	95.227600	-142.8716
6900.000000	95.468056	-141.8022
7000.000000	95.756477	-140.9415
7100.000000	96.104584	-140.3998
7200.000000	96.515732	-140.2321
7300.000000	96.970039	-140.6072
7400.000000	97.481766	-141.5966
7500.000000	98.031868	-143.3435
7620.000000	98.713371	-146.7011
7750.000000	99.412842	-152.1687
7880.000000	99.946434	-159.7610
8000.000000	100.152039	-168.3196
8120.000000	99.976112	-177.4349
8250.000000	99.376518	173.4179
8380.000000	98.496620	165.9618
8500.000000	97.555862	160.6872
8620.000000	96.575974	156.7364
8750.000000	95.501648	153.8378
8850.000000	94.704453	152.4398
9000.000000	93.596939	151.4607
9120.000000	92.768166	151.4036
9250.000000	91.978149	151.8445
9380.000000	91.273346	152.5892
9500.000000	90.698212	153.4518
9620.000000	90.170586	154.4982
9750.000000	89.671234	155.5800
9880.000000	89.217941	156.7263
10000.000000	88.826675	157.7959
10150.000000	88.386215	159.2611
10300.000000	87.976158	160.9517
10440.000000	87.663849	162.6720
10600.000000	87.369530	165.2214
10750.000000	87.244392	168.3273
10900.000000	87.380951	171.6232
11060.000000	87.852409	174.3637
11200.000000	88.506447	174.9963
11380.000000	89.402100	173.0809
11500.000000	89.974327	170.2036
11720.000000	90.794136	162.6528
11800.000000	91.015007	159.1571
12060.000000	91.451851	146.5362
12200.000000	91.479675	139.1230
12410.000000	91.232811	127.8815
12500.000000	91.054214	123.0822
12650.000000	90.646095	115.4803
12800.000000	90.167343	108.2275
13150.000000	88.941467	92.7027
13200.000000	88.759888	90.4958
13400.000000	88.060982	82.3090
13600.000000	87.399139	73.8728
13800.000000	86.748985	65.4879
14000.000000	86.132996	57.1266
14300.000000	85.290039	44.4123
14500.000000	84.914276	35.6384
14750.000000	84.570175	23.3677
15000.000000	84.440041	10.3507
15250.000000	84.360123	-6.2113
15500.000000	84.402496	-25.3785
15750.000000	84.212280	-47.5491
16000.000000	83.672974	-72.2171
16250.000000	82.625793	-97.6514
16500.000000	81.237274	-121.5474
16750.000000	79.974892	-144.8777
17000.000000	78.682892	-168.3869
17250.000000	77.538498	167.2354
17500.000000	76.255402	141.0703
17750.000000	74.922112	115.0337
18000.000000	73.999870	89.7813
18250.000000	73.496170	59.3934
18500.000000	73.206253	23.0373
18750.000000	72.918488	-19.7008
19000.000000	72.552673	-70.2772
19250.000000	71.563942	-129.3091
19500.000000	70.141533	163.7993
19750.000000	68.413750	82.7639
