* Measurement data measured by REW V5.31.3
* Source: USB-C to 3.5mm Headphone Jack Adapter, , 0, volume: 0.343
* Format: 256k Log Swept Sine, 1 sweep at -12.0 dBFS with no timing reference
* Dated: Dec 8, 2025 5:57:26 PM
* REW Settings:
*  C-weighting compensation: Off
*  Target level: 75.0 dB
* Note: ; 
* Measurement: L
* Smoothing: None
* Frequency Step: 1/48 octave
* Start Frequency: 20.000 Hz
*
* Freq(Hz)	SPL(dB)	Phase(degrees)
20.000000	107.826	-153.7826
20.299999	107.839	-154.4504
20.600000	107.855	-155.1088
20.900000	107.874	-155.7701
21.200001	107.894	-156.4397
21.400000	107.907	-156.8917
21.799999	107.931	-157.8103
22.000000	107.942	-158.2767
22.400000	107.958	-159.2177
22.700001	107.964	-159.9189
23.000000	107.966	-160.6029
23.299999	107.963	-161.2598
23.600000	107.959	-161.8857
24.000000	107.952	-162.6799
24.299999	107.947	-163.2554
24.700001	107.939	-164.0023
25.000000	107.931	-164.5402
25.400000	107.919	-165.2121
25.799999	107.911	-165.8297
26.200001	107.912	-166.4246
26.500000	107.917	-166.8872
26.900000	107.925	-167.5531
27.200001	107.927	-168.0864
27.600000	107.921	-168.8035
28.000000	107.906	-169.4794
28.500000	107.884	-170.2356
29.000000	107.871	-170.9495
29.500000	107.859	-171.6900
30.000000	107.840	-172.4411
30.400000	107.819	-173.0001
30.700001	107.804	-173.3821
31.100000	107.788	-173.8604
31.500000	107.780	-174.3498
32.000000	107.771	-175.0254
32.500000	107.750	-175.7394
33.000000	107.716	-176.3917
33.500000	107.682	-176.9353
34.000000	107.660	-177.4308
34.500000	107.647	-177.9706
35.000000	107.631	-178.5746
35.500000	107.603	-179.1794
36.000000	107.569	-179.7182
36.500000	107.540	179.8037
37.000000	107.518	179.3236
37.500000	107.498	178.8026
38.200001	107.458	178.0645
38.700001	107.426	177.5884
39.500000	107.383	176.8773
40.000000	107.360	176.4148
40.599998	107.328	175.8574
41.200001	107.293	175.3289
41.799999	107.259	174.8189
42.500000	107.215	174.2573
43.099998	107.179	173.8455
43.700001	107.154	173.4515
44.400002	107.129	172.8968
45.000000	107.092	172.3894
45.500000	107.055	172.0308
46.200001	107.014	171.5991
46.799999	106.986	171.1656
47.500000	106.938	170.5934
48.200001	106.876	170.1245
48.700001	106.838	169.8582
49.400002	106.799	169.4548
50.000000	106.765	169.0565
50.799999	106.714	168.5403
51.500000	106.672	168.1044
52.200001	106.626	167.6733
53.000000	106.576	167.2780
53.799999	106.549	166.8853
54.500000	106.524	166.3671
55.200001	106.464	165.8297
56.000000	106.376	165.5151
57.000000	106.317	165.3447
58.000000	106.277	164.9042
59.000000	106.204	164.4476
60.000000	106.141	164.1519
60.799999	106.106	163.8191
61.500000	106.065	163.4477
62.200001	106.013	163.1315
63.000000	105.963	162.8285
64.000000	105.903	162.4121
65.000000	105.844	162.0659
66.000000	105.796	161.6794
67.000000	105.732	161.2915
68.000000	105.674	161.0181
69.000000	105.619	160.6525
70.000000	105.541	160.3530
71.000000	105.482	160.1725
72.000000	105.426	159.8531
73.000000	105.362	159.6271
74.000000	105.321	159.3033
75.000000	105.244	158.8984
76.199997	105.167	158.7560
77.500000	105.101	158.3886
78.800003	105.029	158.1859
80.000000	104.970	157.8755
81.199997	104.902	157.6318
82.500000	104.832	157.3356
83.800003	104.756	157.0963
85.000000	104.695	156.9126
86.199997	104.631	156.6985
87.500000	104.561	156.5431
88.500000	104.514	156.4187
90.000000	104.441	156.1415
91.199997	104.368	155.9314
92.500000	104.290	155.7834
93.800003	104.228	155.7079
95.000000	104.182	155.5116
96.199997	104.118	155.3384
97.500000	104.057	155.2193
98.800003	103.995	155.0933
100.000000	103.942	154.9688
101.500000	103.864	154.8099
103.000000	103.794	154.7220
104.400002	103.737	154.6082
106.000000	103.655	154.4106
107.500000	103.589	154.3935
109.000000	103.520	154.2311
110.599998	103.444	154.1545
112.000000	103.377	154.0936
113.800003	103.311	154.0083
115.000000	103.262	153.9060
117.199997	103.172	153.8670
118.000000	103.135	153.8057
120.599998	103.054	153.7317
122.000000	102.967	153.7315
124.099998	102.874	153.6726
125.000000	102.845	153.6838
126.500000	102.785	153.5990
128.000000	102.730	153.5925
131.500000	102.601	153.5406
132.000000	102.580	153.5268
134.000000	102.507	153.5628
136.000000	102.437	153.5378
138.000000	102.364	153.5430
140.000000	102.296	153.6001
143.000000	102.194	153.6284
145.000000	102.122	153.6253
147.500000	102.044	153.7381
150.000000	101.962	153.7714
152.500000	101.880	153.8235
155.000000	101.794	153.8792
157.500000	101.717	153.9579
160.000000	101.643	154.0441
162.500000	101.563	154.1753
165.000000	101.491	154.2335
167.500000	101.414	154.3456
170.000000	101.349	154.4955
172.500000	101.281	154.6481
175.000000	101.205	154.7183
177.500000	101.140	154.8282
180.000000	101.117	154.6707
182.500000	101.022	155.2510
185.000000	100.953	155.4243
187.500000	100.885	155.6671
190.000000	100.840	155.8524
192.500000	100.788	156.0309
195.000000	100.741	156.2693
197.500000	100.707	156.5044
200.000000	100.665	156.6338
203.000000	100.623	156.7932
206.000000	100.581	156.8911
209.000000	100.536	156.9760
212.000000	100.481	157.0573
214.000000	100.443	157.1205
218.000000	100.363	157.2037
220.000000	100.321	157.3020
224.000000	100.249	157.4860
227.000000	100.201	157.6030
230.000000	100.137	157.8089
233.000000	100.083	157.9805
236.000000	100.027	158.0881
240.000000	99.976	158.4663
243.000000	99.902	158.4794
247.000000	99.829	158.7428
250.000000	99.778	158.8940
254.000000	99.713	159.2010
258.000000	99.650	159.4429
262.000000	99.592	159.6590
265.000000	99.545	159.8942
269.000000	99.484	160.1527
272.000000	99.440	160.3656
276.000000	99.384	160.6585
280.000000	99.333	160.9114
285.000000	99.258	161.2556
290.000000	99.184	161.6142
295.000000	99.130	161.9576
300.000000	99.054	162.2798
304.000000	99.014	162.5918
307.000000	98.981	162.8363
311.000000	98.931	163.1290
315.000000	98.892	163.4294
320.000000	98.830	163.7898
325.000000	98.785	164.1815
330.000000	98.731	164.5627
335.000000	98.695	164.9495
340.000000	98.655	165.3214
345.000000	98.609	165.6528
350.000000	98.572	165.9392
355.000000	98.533	166.2306
360.000000	98.485	166.5282
365.000000	98.443	166.8381
370.000000	98.399	167.1495
375.000000	98.352	167.4917
382.000000	98.302	167.9702
387.000000	98.259	168.3077
395.000000	98.180	168.8247
400.000000	98.159	169.1862
406.000000	98.109	169.6268
412.000000	98.071	170.0544
418.000000	98.026	170.4936
425.000000	97.981	170.9673
431.000000	97.949	171.3784
437.000000	97.915	171.7716
444.000000	97.879	172.2544
450.000000	97.842	172.6003
455.000000	97.815	172.9829
462.000000	97.782	173.3738
468.000000	97.745	173.8084
475.000000	97.705	174.2869
482.000000	97.671	174.7382
487.000000	97.648	175.0801
494.000000	97.612	175.5315
500.000000	97.581	175.9498
508.000000	97.548	176.4644
515.000000	97.516	176.9745
522.000000	97.488	177.4183
530.000000	97.455	177.9421
538.000000	97.423	178.4986
545.000000	97.396	178.9516
552.000000	97.372	179.4252
560.000000	97.348	179.9513
570.000000	97.313	-179.3592
580.000000	97.283	-178.6945
590.000000	97.260	-178.0181
600.000000	97.232	-177.4306
608.000000	97.206	-176.8154
615.000000	97.189	-176.3164
622.000000	97.171	-175.8671
630.000000	97.157	-175.3154
640.000000	97.140	-174.6128
650.000000	97.114	-173.9961
660.000000	97.106	-173.2649
670.000000	97.086	-172.5857
680.000000	97.070	-171.9249
690.000000	97.062	-171.2305
700.000000	97.052	-170.5395
710.000000	97.044	-169.8611
720.000000	97.032	-169.1513
730.000000	97.029	-168.4898
740.000000	97.029	-167.7827
750.000000	97.029	-167.0719
762.000000	97.028	-166.2788
775.000000	97.033	-165.3484
788.000000	97.047	-164.4335
800.000000	97.057	-163.5922
812.000000	97.073	-162.7319
825.000000	97.089	-161.8237
838.000000	97.116	-160.8836
850.000000	97.143	-160.0601
862.000000	97.172	-159.2384
875.000000	97.207	-158.3293
885.000000	97.242	-157.6586
900.000000	97.293	-156.5366
912.000000	97.336	-155.7829
925.000000	97.392	-154.9042
938.000000	97.450	-154.0318
950.000000	97.512	-153.2747
962.000000	97.572	-152.5099
975.000000	97.646	-151.6938
988.000000	97.722	-150.8999
1000.000000	97.794	-150.2310
1015.000000	97.888	-149.3858
1030.000000	97.997	-148.5735
1044.000000	98.089	-147.8483
1060.000000	98.207	-147.0929
1075.000000	98.319	-146.4016
1090.000000	98.429	-145.7646
1106.000000	98.549	-145.1730
1120.000000	98.656	-144.6589
1138.000000	98.794	-144.0831
1150.000000	98.887	-143.7176
1172.000000	99.047	-143.1010
1180.000000	99.106	-142.8974
1206.000000	99.291	-142.3217
1220.000000	99.391	-142.0285
1241.000000	99.533	-141.6647
1250.000000	99.595	-141.5013
1265.000000	99.691	-141.2735
1280.000000	99.782	-141.0737
1315.000000	99.992	-140.5923
1320.000000	100.016	-140.5677
1340.000000	100.132	-140.3201
1360.000000	100.243	-140.0965
1380.000000	100.344	-139.8985
1400.000000	100.450	-139.6650
1430.000000	100.605	-139.3277
1450.000000	100.701	-139.1344
1475.000000	100.826	-138.8787
1500.000000	100.944	-138.5997
1525.000000	101.075	-138.3507
1550.000000	101.202	-138.1092
1575.000000	101.336	-137.8648
1600.000000	101.472	-137.6871
1625.000000	101.619	-137.5368
1650.000000	101.762	-137.4993
1675.000000	101.908	-137.5302
1700.000000	102.054	-137.6732
1725.000000	102.186	-137.9006
1750.000000	102.311	-138.1973
1775.000000	102.421	-138.5757
1800.000000	102.516	-138.9905
1825.000000	102.601	-139.4252
1850.000000	102.664	-139.8850
1875.000000	102.711	-140.3438
1900.000000	102.742	-140.7537
1925.000000	102.755	-141.0989
1950.000000	102.757	-141.3642
1975.000000	102.747	-141.4921
2000.000000	102.738	-141.5358
2030.000000	102.728	-141.4183
2060.000000	102.727	-141.1572
2090.000000	102.738	-140.8527
2120.000000	102.769	-140.4325
2140.000000	102.794	-140.1604
2180.000000	102.866	-139.6144
2200.000000	102.910	-139.3426
2240.000000	103.007	-138.8532
2270.000000	103.091	-138.5147
2300.000000	103.178	-138.2030
2330.000000	103.271	-137.9498
2360.000000	103.365	-137.7285
2400.000000	103.498	-137.4915
2430.000000	103.597	-137.3190
2470.000000	103.732	-137.1703
2500.000000	103.834	-137.0928
2540.000000	103.969	-137.0481
2580.000000	104.111	-137.0334
2620.000000	104.246	-137.0972
2650.000000	104.347	-137.1588
2690.000000	104.484	-137.2747
2720.000000	104.587	-137.3819
2760.000000	104.723	-137.5655
2800.000000	104.859	-137.7623
2850.000000	105.037	-138.0932
2900.000000	105.214	-138.4743
2950.000000	105.404	-138.9875
3000.000000	105.600	-139.6209
3040.000000	105.760	-140.2603
3070.000000	105.881	-140.8163
3110.000000	106.041	-141.6798
3150.000000	106.200	-142.7336
3200.000000	106.389	-144.3501
3250.000000	106.557	-146.3522
3300.000000	106.681	-148.7894
3350.000000	106.720	-151.7387
3400.000000	106.630	-155.0812
3450.000000	106.337	-158.5190
3500.000000	105.788	-161.1664
3550.000000	105.053	-161.7428
3600.000000	104.410	-159.4311
3650.000000	104.168	-155.5926
3700.000000	104.303	-152.5595
3750.000000	104.571	-151.3517
3820.000000	104.833	-151.6578
3870.000000	104.888	-152.3444
3950.000000	104.829	-153.0278
4000.000000	104.760	-153.0146
4060.000000	104.703	-152.6284
4120.000000	104.695	-152.0661
4180.000000	104.739	-151.5196
4250.000000	104.845	-151.0695
4310.000000	104.966	-150.9444
4370.000000	105.098	-151.0948
4440.000000	105.259	-151.5260
4500.000000	105.393	-152.2172
4550.000000	105.492	-152.9828
4620.000000	105.600	-154.2244
4680.000000	105.671	-155.4409
4750.000000	105.731	-156.9973
4820.000000	105.756	-158.7099
4870.000000	105.753	-160.0124
4940.000000	105.711	-161.9481
5000.000000	105.645	-163.6425
5080.000000	105.507	-165.8999
5150.000000	105.337	-167.8916
5220.000000	105.125	-169.8119
5300.000000	104.830	-171.9337
5380.000000	104.473	-173.8929
5450.000000	104.112	-175.3929
5520.000000	103.713	-176.6415
5600.000000	103.207	-177.6880
5700.000000	102.536	-178.2727
5800.000000	101.856	-178.1380
5900.000000	101.153	-177.4722
6000.000000	100.398	-175.8517
6080.000000	99.801	-173.4549
6150.000000	99.347	-170.4586
6220.000000	99.003	-166.9481
6300.000000	98.780	-162.4281
6400.000000	98.808	-156.9657
6500.000000	99.083	-152.7215
6600.000000	99.458	-150.3158
6700.000000	99.740	-149.4999
6800.000000	99.836	-149.1028
6900.000000	99.790	-148.1069
7000.000000	99.751	-146.1078
7100.000000	99.833	-143.3109
7200.000000	100.093	-140.3407
7300.000000	100.529	-137.7479
7400.000000	101.100	-135.8242
7500.000000	101.802	-134.8211
7620.000000	102.813	-135.3986
7750.000000	103.925	-139.2899
7880.000000	104.720	-146.2564
8000.000000	105.063	-153.4818
8120.000000	105.153	-160.7913
8250.000000	104.955	-168.7444
8380.000000	104.426	-175.6798
8500.000000	103.778	179.6375
8620.000000	103.125	176.5226
8750.000000	102.531	174.4662
8850.000000	102.202	173.1651
9000.000000	101.854	170.7594
9120.000000	101.604	168.0170
9250.000000	101.252	164.5563
9380.000000	100.820	160.9774
9500.000000	100.370	157.5902
9620.000000	99.811	153.9630
9750.000000	99.053	150.4751
9880.000000	98.170	147.8332
10000.000000	97.310	146.4560
10150.000000	96.199	146.0576
10300.000000	95.192	147.7667
10440.000000	94.398	149.7236
10600.000000	93.735	153.1621
10750.000000	93.354	156.6140
10900.000000	93.199	159.5808
11060.000000	93.189	161.9980
11200.000000	93.234	163.1594
11380.000000	93.331	164.2481
11500.000000	93.473	164.7211
11720.000000	93.873	164.7614
11800.000000	94.067	164.3708
12060.000000	94.875	160.7231
12200.000000	95.315	157.0273
12410.000000	95.788	149.1144
12500.000000	95.897	145.1278
12650.000000	95.899	137.9695
12800.000000	95.679	131.0109
13150.000000	94.745	117.7811
13200.000000	94.584	116.1950
13400.000000	94.045	111.2996
13600.000000	93.791	107.5606
13800.000000	93.924	103.4333
14000.000000	94.358	97.3328
14300.000000	95.174	83.6712
14500.000000	95.665	71.9755
14750.000000	96.177	55.6274
15000.000000	96.829	37.1526
15250.000000	97.497	15.0688
15500.000000	98.005	-12.8676
15750.000000	97.667	-45.6417
16000.000000	96.296	-78.5256
16250.000000	94.321	-108.4879
16500.000000	92.109	-135.8394
16750.000000	89.869	-161.4237
17000.000000	87.597	174.3052
17250.000000	85.482	152.8320
17500.000000	83.823	131.9120
17750.000000	82.589	109.1074
18000.000000	81.757	82.6906
18250.000000	80.479	46.4705
18500.000000	77.698	4.9877
18750.000000	73.275	-34.4444
19000.000000	67.359	-87.5287
19250.000000	60.086	-145.9012
19500.000000	50.087	158.0679
19750.000000	40.040	88.2290
