* Measurement data measured by REW V5.20
* Source: USB-C to 3.5mm Headphone Jack Adapter, USB-C to 3.5mm Headphone Jack Adapter, 0, volume: 0.138
* Format: 256k Log Swept Sine, 1 sweep at -12.0 dBFS with no timing reference
* Dated: Apr 3, 2024 3:18:25 PM
* REW Settings:
*  C-weighting compensation: Off
*  Target level: 75.0 dB
* Note: 
* Measurement: L
* Smoothing: None
* Frequency Step: 1/48 octave
* Start Frequency: 20.300 Hz
*
* Freq(Hz)	SPL(dB)	Phase(degrees)
20.299999	104.045097	-173.6376
20.600000	104.039497	-174.2027
20.900000	104.027580	-174.7408
21.200001	104.012917	-175.3110
21.400000	104.002029	-175.7120
21.799999	103.977066	-176.5519
22.000000	103.962723	-176.9803
22.400000	103.930290	-177.8230
22.700001	103.903702	-178.4130
23.000000	103.877060	-178.9501
23.299999	103.852364	-179.4310
23.600000	103.831146	-179.8648
24.000000	103.808823	179.5984
24.299999	103.795090	179.2028
24.700001	103.777351	178.6628
25.000000	103.762665	178.2463
25.400000	103.740707	177.6807
25.799999	103.717285	177.1068
26.200001	103.693077	176.5198
26.500000	103.673370	176.0690
26.900000	103.642570	175.4666
27.200001	103.615234	175.0306
27.600000	103.575203	174.4985
28.000000	103.536285	174.0321
28.500000	103.497139	173.5042
29.000000	103.467972	172.9573
29.500000	103.438751	172.3582
30.000000	103.401520	171.7516
30.400000	103.367523	171.2969
30.700001	103.342110	170.9768
31.100000	103.310120	170.5641
31.500000	103.279495	170.1502
32.000000	103.239906	169.6293
32.500000	103.198135	169.1266
33.000000	103.157608	168.6509
33.500000	103.119888	168.1798
34.000000	103.081284	167.6943
34.500000	103.037964	167.2083
35.000000	102.991257	166.7507
35.500000	102.946091	166.3282
36.000000	102.905411	165.9216
36.500000	102.867859	165.5120
37.000000	102.829926	165.0972
37.500000	102.788849	164.6857
38.200001	102.725266	164.1325
38.700001	102.677925	163.7583
39.500000	102.606316	163.1784
40.000000	102.565216	162.8141
40.599998	102.517120	162.3816
41.200001	102.468811	161.9706
41.799999	102.419838	161.5764
42.500000	102.359497	161.1176
43.099998	102.304543	160.7335
43.700001	102.250954	160.3723
44.400002	102.194077	159.9648
45.000000	102.146469	159.6176
45.500000	102.104851	159.3409
46.200001	102.045097	158.9801
46.799999	101.994797	158.6719
47.500000	101.935966	158.2923
48.200001	101.876137	157.9144
48.700001	101.834320	157.6580
49.400002	101.777367	157.3108
50.000000	101.728027	157.0204
50.799999	101.661140	156.6523
51.500000	101.603485	156.3421
52.200001	101.545662	156.0355
53.000000	101.478073	155.7028
53.799999	101.412064	155.3887
54.500000	101.356377	155.1088
55.200001	101.300148	154.8291
56.000000	101.235062	154.5365
57.000000	101.154251	154.1902
58.000000	101.070984	153.8454
59.000000	100.994560	153.5232
60.000000	100.918907	153.1879
60.799999	100.850487	152.9749
61.500000	100.793991	152.8199
62.200001	100.741096	152.6288
63.000000	100.678345	152.3951
64.000000	100.605301	152.1675
65.000000	100.538063	151.9371
66.000000	100.465668	151.7008
67.000000	100.395317	151.4513
68.000000	100.324692	151.1941
69.000000	100.255844	150.9734
70.000000	100.188377	150.7672
71.000000	100.117714	150.5647
72.000000	100.044739	150.3770
73.000000	99.975876	150.1931
74.000000	99.908707	149.9968
75.000000	99.840378	149.8227
76.199997	99.759575	149.6427
77.500000	99.674660	149.4630
78.800003	99.587601	149.2501
80.000000	99.508507	149.0732
81.199997	99.432648	148.9343
82.500000	99.352211	148.7954
83.800003	99.263840	148.6102
85.000000	99.187645	148.4938
86.199997	99.114899	148.3765
87.500000	99.035637	148.2500
88.500000	98.976318	148.1761
90.000000	98.887009	148.0616
91.199997	98.812447	147.9717
92.500000	98.737167	147.8687
93.800003	98.660225	147.7962
95.000000	98.591995	147.7354
96.199997	98.526161	147.6678
97.500000	98.452370	147.6182
98.800003	98.378128	147.5621
100.000000	98.313690	147.5097
101.500000	98.230560	147.4562
103.000000	98.152191	147.4263
104.400002	98.078300	147.3901
106.000000	97.993423	147.3835
107.500000	97.920586	147.3651
109.000000	97.843079	147.3376
110.599998	97.766525	147.3407
112.000000	97.697174	147.3261
113.800003	97.607956	147.3536
115.000000	97.552452	147.3344
117.199997	97.450531	147.3751
118.000000	97.410515	147.3669
120.599998	97.294624	147.4222
122.000000	97.224609	147.4730
124.099998	97.131706	147.5058
125.000000	97.091721	147.5590
126.500000	97.027016	147.6172
128.000000	96.962219	147.6824
131.500000	96.815727	147.8203
132.000000	96.796478	147.8458
134.000000	96.715385	147.9405
136.000000	96.636597	148.0603
138.000000	96.562531	148.1931
140.000000	96.485947	148.2934
143.000000	96.383163	148.4628
145.000000	96.314461	148.5434
147.500000	96.229385	148.6771
150.000000	96.139030	148.8150
152.500000	96.052208	148.9387
155.000000	95.968651	149.0958
157.500000	95.884567	149.2491
160.000000	95.802643	149.4305
162.500000	95.720108	149.5796
165.000000	95.642349	149.7952
167.500000	95.562027	149.9708
170.000000	95.485489	150.1568
172.500000	95.413223	150.3859
175.000000	95.341599	150.5754
177.500000	95.268112	150.8177
180.000000	95.203506	151.0497
182.500000	95.136383	151.2574
185.000000	95.074425	151.4962
187.500000	95.015053	151.7055
190.000000	94.954170	151.9070
192.500000	94.895813	152.0963
195.000000	94.836487	152.2684
197.500000	94.773880	152.4724
200.000000	94.714981	152.6698
203.000000	94.639915	152.9410
206.000000	94.566574	153.1740
209.000000	94.498100	153.4821
212.000000	94.428162	153.7723
214.000000	94.385559	153.9752
218.000000	94.300949	154.3681
220.000000	94.257607	154.5557
224.000000	94.174377	154.9733
227.000000	94.117981	155.2756
230.000000	94.058914	155.5924
233.000000	94.002701	155.9180
236.000000	93.947388	156.2416
240.000000	93.878769	156.6929
243.000000	93.829842	157.0248
247.000000	93.767754	157.5325
250.000000	93.720787	157.8782
254.000000	93.674843	158.3672
258.000000	93.638748	158.8209
262.000000	93.607979	159.2006
265.000000	93.583794	159.4955
269.000000	93.546867	159.8212
272.000000	93.524040	160.0365
276.000000	93.485565	160.2622
280.000000	93.438431	160.5295
285.000000	93.377678	160.8361
290.000000	93.314545	161.1901
295.000000	93.249840	161.5726
300.000000	93.189354	161.9371
304.000000	93.133728	162.3095
307.000000	93.100830	162.5751
311.000000	93.050636	162.9460
315.000000	93.007401	163.3052
320.000000	92.949493	163.8020
325.000000	92.901260	164.3060
330.000000	92.856361	164.8713
335.000000	92.824966	165.4016
340.000000	92.804146	165.9068
345.000000	92.789757	166.3288
350.000000	92.769318	166.6876
355.000000	92.744263	167.0002
360.000000	92.717094	167.3107
365.000000	92.680695	167.6338
370.000000	92.641129	167.9966
375.000000	92.609528	168.3200
382.000000	92.569031	168.8415
387.000000	92.531929	169.1885
395.000000	92.482834	169.7775
400.000000	92.453011	170.1657
406.000000	92.418289	170.6085
412.000000	92.383759	171.0395
418.000000	92.357094	171.5057
425.000000	92.318657	172.0049
431.000000	92.292999	172.4584
437.000000	92.264938	172.8941
444.000000	92.234108	173.4011
450.000000	92.214401	173.8290
455.000000	92.192947	174.1945
462.000000	92.167244	174.6853
468.000000	92.147194	175.1002
475.000000	92.121490	175.5918
482.000000	92.098862	176.0706
487.000000	92.083282	176.4103
494.000000	92.060265	176.8903
500.000000	92.046341	177.3211
508.000000	92.023056	177.8599
515.000000	92.007355	178.2946
522.000000	91.989868	178.7939
530.000000	91.969643	179.2880
538.000000	91.950462	179.8054
545.000000	91.936501	-179.7257
552.000000	91.922806	-179.2771
560.000000	91.909264	-178.7779
570.000000	91.887398	-178.0988
580.000000	91.871689	-177.4838
590.000000	91.851418	-176.8170
600.000000	91.838448	-176.2193
608.000000	91.824142	-175.7175
615.000000	91.815590	-175.2539
622.000000	91.804489	-174.8169
630.000000	91.795128	-174.2971
640.000000	91.785408	-173.6906
650.000000	91.774773	-173.0285
660.000000	91.771080	-172.4364
670.000000	91.757942	-171.7526
680.000000	91.754044	-171.1173
690.000000	91.753677	-170.4582
700.000000	91.749489	-169.8033
710.000000	91.750916	-169.1824
720.000000	91.752350	-168.5086
730.000000	91.755219	-167.8645
740.000000	91.763275	-167.2304
750.000000	91.772087	-166.5829
762.000000	91.779076	-165.8135
775.000000	91.795792	-164.9907
788.000000	91.809036	-164.1611
800.000000	91.830078	-163.3952
812.000000	91.846848	-162.6009
825.000000	91.874496	-161.7742
838.000000	91.898369	-160.9524
850.000000	91.930817	-160.1610
862.000000	91.964066	-159.3925
875.000000	92.000740	-158.5782
885.000000	92.034615	-157.9296
900.000000	92.091415	-156.9055
912.000000	92.134048	-156.2078
925.000000	92.191536	-155.3888
938.000000	92.251778	-154.5925
950.000000	92.308792	-153.8796
962.000000	92.375198	-153.1917
975.000000	92.444435	-152.4365
988.000000	92.521729	-151.6932
1000.000000	92.594269	-151.0645
1015.000000	92.689148	-150.2729
1030.000000	92.790710	-149.5279
1044.000000	92.891235	-148.8541
1060.000000	93.002838	-148.1617
1075.000000	93.113914	-147.5803
1090.000000	93.226395	-146.9905
1106.000000	93.346359	-146.4263
1120.000000	93.451225	-145.9530
1138.000000	93.590652	-145.4374
1150.000000	93.677521	-145.1015
1172.000000	93.840744	-144.5949
1180.000000	93.899658	-144.4175
1206.000000	94.083900	-143.9087
1220.000000	94.179817	-143.6834
1241.000000	94.323120	-143.3742
1250.000000	94.380386	-143.2588
1265.000000	94.479370	-143.0858
1280.000000	94.570312	-142.9104
1315.000000	94.775337	-142.5998
1320.000000	94.805496	-142.5390
1340.000000	94.913712	-142.3859
1360.000000	95.022560	-142.2569
1380.000000	95.122025	-142.1022
1400.000000	95.224991	-141.9931
1430.000000	95.366554	-141.7971
1450.000000	95.459396	-141.6971
1475.000000	95.571877	-141.5543
1500.000000	95.684837	-141.4068
1525.000000	95.792236	-141.2804
1550.000000	95.897095	-141.1454
1575.000000	96.002060	-141.0375
1600.000000	96.103043	-140.9297
1625.000000	96.208488	-140.8104
1650.000000	96.313576	-140.7146
1675.000000	96.416313	-140.6338
1700.000000	96.513870	-140.5728
1725.000000	96.617119	-140.4887
1750.000000	96.717216	-140.4546
1775.000000	96.818329	-140.4187
1800.000000	96.918083	-140.4187
1825.000000	97.016319	-140.4112
1850.000000	97.116501	-140.4187
1875.000000	97.212570	-140.4647
1900.000000	97.309395	-140.5107
1925.000000	97.402771	-140.5757
1950.000000	97.497658	-140.6750
1975.000000	97.588066	-140.7624
2000.000000	97.680862	-140.8942
2030.000000	97.791122	-141.0571
2060.000000	97.896805	-141.2475
2090.000000	98.003616	-141.4603
2120.000000	98.106346	-141.7338
2140.000000	98.172783	-141.9156
2180.000000	98.296814	-142.3526
2200.000000	98.356613	-142.5833
2240.000000	98.469452	-143.0752
2270.000000	98.547417	-143.4303
2300.000000	98.622040	-143.8266
2330.000000	98.689178	-144.2386
2360.000000	98.754379	-144.6338
2400.000000	98.829979	-145.1896
2430.000000	98.884338	-145.6063
2470.000000	98.946922	-146.1783
2500.000000	98.990997	-146.5894
2540.000000	99.041992	-147.1545
2580.000000	99.084763	-147.7063
2620.000000	99.123100	-148.2435
2650.000000	99.145645	-148.6253
2690.000000	99.173325	-149.1566
2720.000000	99.193497	-149.5217
2760.000000	99.210197	-150.0273
2800.000000	99.226135	-150.5058
2850.000000	99.241623	-151.0585
2900.000000	99.252396	-151.6061
2950.000000	99.258766	-152.1427
3000.000000	99.262238	-152.6580
3040.000000	99.264359	-153.0601
3070.000000	99.260727	-153.3716
3110.000000	99.257904	-153.7802
3150.000000	99.251358	-154.1767
3200.000000	99.239601	-154.6677
3250.000000	99.224007	-155.1576
3300.000000	99.198013	-155.6277
3350.000000	99.170876	-156.0630
3400.000000	99.138092	-156.4448
3450.000000	99.108063	-156.7719
3500.000000	99.083755	-157.0523
3550.000000	99.078255	-157.3280
3600.000000	99.083466	-157.7486
3650.000000	99.079643	-158.3154
3700.000000	99.056549	-158.9499
3750.000000	99.012535	-159.5864
3820.000000	98.937164	-160.3796
3870.000000	98.878677	-160.9465
3950.000000	98.762085	-161.7957
4000.000000	98.681961	-162.2888
4060.000000	98.578026	-162.9156
4120.000000	98.464355	-163.4487
4180.000000	98.341690	-163.9631
4250.000000	98.180740	-164.4960
4310.000000	98.032120	-164.8858
4370.000000	97.882126	-165.1696
4440.000000	97.702866	-165.3568
4500.000000	97.556870	-165.4801
4550.000000	97.436302	-165.5540
4620.000000	97.263725	-165.6455
4680.000000	97.110100	-165.7324
4750.000000	96.919289	-165.7339
4820.000000	96.710846	-165.6572
4870.000000	96.555428	-165.4416
4940.000000	96.354362	-164.9743
5000.000000	96.200325	-164.4401
5080.000000	96.024002	-163.7047
5150.000000	95.887085	-163.0690
5220.000000	95.759048	-162.4858
5300.000000	95.612854	-161.8459
5380.000000	95.470268	-161.1924
5450.000000	95.348358	-160.6399
5520.000000	95.224464	-159.9995
5600.000000	95.089912	-159.2761
5700.000000	94.920067	-158.2863
5800.000000	94.760651	-157.1553
5900.000000	94.613144	-155.9221
6000.000000	94.475784	-154.5136
6080.000000	94.390930	-153.2887
6150.000000	94.330681	-152.0779
6220.000000	94.300346	-150.8832
6300.000000	94.285721	-149.5286
6400.000000	94.309616	-147.8270
6500.000000	94.379089	-146.1894
6600.000000	94.482811	-144.6309
6700.000000	94.633698	-143.2004
6800.000000	94.823639	-141.8426
6900.000000	95.057243	-140.6857
7000.000000	95.348404	-139.7569
7100.000000	95.688583	-139.0541
7200.000000	96.084122	-138.6801
7300.000000	96.545052	-138.7994
7400.000000	97.054565	-139.5169
7500.000000	97.595718	-140.9915
7620.000000	98.281174	-143.9303
7750.000000	98.995567	-148.8687
7880.000000	99.566360	-155.8658
8000.000000	99.835068	-163.9086
8120.000000	99.746887	-172.6174
8250.000000	99.260590	178.4282
8380.000000	98.469231	170.9382
8500.000000	97.606796	165.4567
8620.000000	96.670898	161.2178
8750.000000	95.626213	157.9986
8850.000000	94.847290	156.2673
9000.000000	93.692902	154.9808
9120.000000	92.822784	154.7325
9250.000000	91.957222	155.1801
9380.000000	91.152557	156.3039
9500.000000	90.495560	157.8306
9620.000000	89.926865	159.8630
9750.000000	89.438278	162.4190
9880.000000	89.111900	165.1853
10000.000000	88.933487	167.5489
10150.000000	88.826591	169.7907
10300.000000	88.822144	171.5818
10440.000000	88.901405	172.7453
10600.000000	89.049881	173.3027
10750.000000	89.246414	173.2532
10900.000000	89.490112	172.5229
11060.000000	89.783356	170.8698
11200.000000	90.064110	168.7526
11380.000000	90.371628	164.9199
11500.000000	90.558701	161.7361
11720.000000	90.786087	155.0856
11800.000000	90.838562	152.3258
12060.000000	90.862114	142.9965
12200.000000	90.841263	137.6288
12410.000000	90.718407	129.0873
12500.000000	90.642380	125.2703
12650.000000	90.475281	118.6018
12800.000000	90.241570	111.6982
13150.000000	89.459023	94.6909
13200.000000	89.304344	92.3702
13400.000000	88.658813	82.3770
13600.000000	87.912048	73.1611
13800.000000	87.128281	64.4776
14000.000000	86.394958	56.2076
14300.000000	85.492722	44.4497
14500.000000	85.059380	36.1632
14750.000000	84.718681	25.3972
15000.000000	84.688278	12.6767
15250.000000	84.701035	-2.0388
15500.000000	84.907784	-20.2565
15750.000000	85.059006	-42.1788
16000.000000	84.724808	-68.1680
16250.000000	83.800812	-95.5585
16500.000000	82.429214	-122.0662
16750.000000	80.804749	-147.7432
17000.000000	78.987862	-172.5730
17250.000000	77.165916	164.1494
17500.000000	75.718376	142.0410
17750.000000	74.615303	117.8747
18000.000000	73.968376	91.5627
18250.000000	73.407204	60.0239
18500.000000	73.075111	24.3850
18750.000000	72.871025	-17.5527
19000.000000	72.578285	-67.3239
19250.000000	72.223999	-127.3655
19500.000000	71.564522	162.1104
19750.000000	69.947556	77.6040
