* Measurement data measured by REW V5.31.3
* Source: USB-C to 3.5mm Headphone Jack Adapter, , 0, volume: 0.343
* Format: 256k Log Swept Sine, 1 sweep at -12.0 dBFS with no timing reference
* Dated: Dec 8, 2025 6:08:25 PM
* REW Settings:
*  C-weighting compensation: Off
*  Target level: 75.0 dB
* Note: ; 
* Measurement: R
* Smoothing: None
* Frequency Step: 1/48 octave
* Start Frequency: 20.000 Hz
*
* Freq(Hz)	SPL(dB)	Phase(degrees)
20.000000	108.795	-156.0266
20.299999	108.803	-156.7245
20.600000	108.813	-157.4051
20.900000	108.823	-158.0799
21.200001	108.833	-158.7567
21.400000	108.839	-159.2097
21.799999	108.846	-160.1113
22.000000	108.848	-160.5545
22.400000	108.849	-161.4169
22.700001	108.848	-162.0405
23.000000	108.847	-162.6485
23.299999	108.846	-163.2470
23.600000	108.845	-163.8400
24.000000	108.842	-164.6207
24.299999	108.838	-165.1933
24.700001	108.833	-165.9341
25.000000	108.829	-166.4754
25.400000	108.825	-167.1893
25.799999	108.821	-167.9046
26.200001	108.813	-168.6175
26.500000	108.805	-169.1403
26.900000	108.792	-169.8079
27.200001	108.782	-170.2842
27.600000	108.770	-170.8967
28.000000	108.759	-171.4991
28.500000	108.746	-172.2513
29.000000	108.729	-172.9904
29.500000	108.709	-173.6985
30.000000	108.689	-174.3796
30.400000	108.674	-174.9169
30.700001	108.662	-175.3190
31.100000	108.644	-175.8516
31.500000	108.625	-176.3736
32.000000	108.599	-177.0043
32.500000	108.573	-177.6112
33.000000	108.547	-178.1998
33.500000	108.522	-178.7768
34.000000	108.498	-179.3507
34.500000	108.473	-179.9254
35.000000	108.445	179.5097
35.500000	108.415	178.9730
36.000000	108.385	178.4695
36.500000	108.360	177.9808
37.000000	108.335	177.4841
37.500000	108.309	176.9793
38.200001	108.266	176.3022
38.700001	108.235	175.8566
39.500000	108.191	175.1603
40.000000	108.163	174.7058
40.599998	108.124	174.1587
41.200001	108.080	173.6518
41.799999	108.038	173.1923
42.500000	107.995	172.6624
43.099998	107.959	172.1803
43.700001	107.916	171.7026
44.400002	107.864	171.2098
45.000000	107.828	170.8190
45.500000	107.802	170.4625
46.200001	107.759	169.9013
46.799999	107.709	169.4485
47.500000	107.651	169.0377
48.200001	107.610	168.6494
48.700001	107.582	168.3154
49.400002	107.532	167.8464
50.000000	107.489	167.5290
50.799999	107.454	167.0620
51.500000	107.409	166.4786
52.200001	107.326	166.0258
53.000000	107.254	165.8903
53.799999	107.240	165.6275
54.500000	107.211	165.1259
55.200001	107.150	164.7219
56.000000	107.094	164.4310
57.000000	107.033	163.9720
58.000000	106.967	163.5958
59.000000	106.911	163.1018
60.000000	106.822	162.6847
60.799999	106.772	162.5036
61.500000	106.739	162.2363
62.200001	106.695	161.9324
63.000000	106.642	161.6609
64.000000	106.584	161.2944
65.000000	106.518	160.9466
66.000000	106.458	160.6252
67.000000	106.393	160.2821
68.000000	106.327	160.0051
69.000000	106.266	159.7308
70.000000	106.208	159.4427
71.000000	106.145	159.1376
72.000000	106.077	158.8942
73.000000	106.018	158.6737
74.000000	105.959	158.4279
75.000000	105.899	158.2048
76.199997	105.827	157.9128
77.500000	105.741	157.6566
78.800003	105.669	157.4307
80.000000	105.601	157.1981
81.199997	105.532	156.9758
82.500000	105.460	156.7769
83.800003	105.389	156.5389
85.000000	105.318	156.3674
86.199997	105.252	156.1931
87.500000	105.179	156.0233
88.500000	105.125	155.8890
90.000000	105.044	155.7014
91.199997	104.980	155.5708
92.500000	104.913	155.4232
93.800003	104.846	155.2944
95.000000	104.784	155.1727
96.199997	104.723	155.0838
97.500000	104.659	154.9529
98.800003	104.594	154.8684
100.000000	104.536	154.7640
101.500000	104.462	154.6694
103.000000	104.388	154.5740
104.400002	104.324	154.5052
106.000000	104.249	154.4175
107.500000	104.179	154.3553
109.000000	104.112	154.2927
110.599998	104.040	154.2259
112.000000	103.976	154.1890
113.800003	103.900	154.1226
115.000000	103.848	154.1114
117.199997	103.757	154.1107
118.000000	103.722	154.0822
120.599998	103.631	154.0908
122.000000	103.556	154.0580
124.099998	103.473	154.0450
125.000000	103.438	154.0620
126.500000	103.381	154.0452
128.000000	103.323	154.0605
131.500000	103.192	154.0959
132.000000	103.174	154.1069
134.000000	103.099	154.1388
136.000000	103.029	154.1887
138.000000	102.960	154.2476
140.000000	102.891	154.2915
143.000000	102.787	154.3728
145.000000	102.724	154.4417
147.500000	102.640	154.5457
150.000000	102.560	154.6332
152.500000	102.479	154.7270
155.000000	102.406	154.8427
157.500000	102.331	154.9713
160.000000	102.256	155.1060
162.500000	102.183	155.2021
165.000000	102.110	155.3635
167.500000	102.038	155.4721
170.000000	101.972	155.6060
172.500000	101.905	155.7820
175.000000	101.834	155.9704
177.500000	101.767	156.1415
180.000000	101.663	156.2943
182.500000	101.637	156.4261
185.000000	101.582	156.6199
187.500000	101.522	156.8303
190.000000	101.458	157.0441
192.500000	101.397	157.2360
195.000000	101.341	157.4427
197.500000	101.285	157.7018
200.000000	101.229	157.9546
203.000000	101.169	158.2861
206.000000	101.118	158.6433
209.000000	101.078	158.9957
212.000000	101.046	159.2612
214.000000	101.027	159.4122
218.000000	100.979	159.6444
220.000000	100.952	159.7482
224.000000	100.893	159.9487
227.000000	100.849	160.1183
230.000000	100.798	160.3052
233.000000	100.757	160.4853
236.000000	100.717	160.6579
240.000000	100.662	161.0969
243.000000	100.619	161.1237
247.000000	100.558	161.3044
250.000000	100.516	161.5015
254.000000	100.455	161.7425
258.000000	100.400	161.9992
262.000000	100.341	162.2720
265.000000	100.301	162.4778
269.000000	100.245	162.7703
272.000000	100.206	162.9932
276.000000	100.154	163.2792
280.000000	100.102	163.5759
285.000000	100.044	163.9418
290.000000	99.986	164.3098
295.000000	99.931	164.6979
300.000000	99.875	165.0948
304.000000	99.837	165.3709
307.000000	99.805	165.6169
311.000000	99.765	165.9119
315.000000	99.726	166.2131
320.000000	99.683	166.5786
325.000000	99.635	166.9852
330.000000	99.595	167.3629
335.000000	99.554	167.7649
340.000000	99.517	168.1169
345.000000	99.484	168.4866
350.000000	99.451	168.8251
355.000000	99.415	169.1714
360.000000	99.385	169.4865
365.000000	99.348	169.8343
370.000000	99.312	170.1456
375.000000	99.280	170.4743
382.000000	99.233	170.9525
387.000000	99.202	171.2894
395.000000	99.152	171.8276
400.000000	99.120	172.1617
406.000000	99.084	172.5585
412.000000	99.049	172.9593
418.000000	99.016	173.3757
425.000000	98.976	173.8206
431.000000	98.946	174.2500
437.000000	98.914	174.6468
444.000000	98.881	175.0954
450.000000	98.854	175.5151
455.000000	98.833	175.8434
462.000000	98.802	176.3065
468.000000	98.780	176.6891
475.000000	98.750	177.1348
482.000000	98.723	177.6038
487.000000	98.701	177.8998
494.000000	98.675	178.3509
500.000000	98.651	178.7499
508.000000	98.623	179.2651
515.000000	98.595	179.7210
522.000000	98.576	-179.8121
530.000000	98.547	-179.2901
538.000000	98.525	-178.7821
545.000000	98.502	-178.3383
552.000000	98.484	-177.9044
560.000000	98.461	-177.3856
570.000000	98.432	-176.7307
580.000000	98.410	-176.0980
590.000000	98.390	-175.4637
600.000000	98.365	-174.7520
608.000000	98.352	-174.2956
615.000000	98.338	-173.8352
622.000000	98.326	-173.3743
630.000000	98.312	-172.8818
640.000000	98.294	-172.2082
650.000000	98.283	-171.5751
660.000000	98.272	-170.8764
670.000000	98.256	-170.2623
680.000000	98.249	-169.6178
690.000000	98.242	-168.9558
700.000000	98.236	-168.2953
710.000000	98.230	-167.6544
720.000000	98.231	-166.9593
730.000000	98.226	-166.3049
740.000000	98.226	-165.6385
750.000000	98.225	-164.9512
762.000000	98.232	-164.1647
775.000000	98.241	-163.2791
788.000000	98.253	-162.4280
800.000000	98.266	-161.5973
812.000000	98.282	-160.7860
825.000000	98.306	-159.9106
838.000000	98.334	-159.0376
850.000000	98.359	-158.2336
862.000000	98.391	-157.4023
875.000000	98.432	-156.5464
885.000000	98.463	-155.8586
900.000000	98.506	-154.8666
912.000000	98.562	-154.0925
925.000000	98.618	-153.2443
938.000000	98.676	-152.4206
950.000000	98.735	-151.6875
962.000000	98.802	-150.9499
975.000000	98.869	-150.1824
988.000000	98.944	-149.4177
1000.000000	99.022	-148.7422
1015.000000	99.118	-147.9252
1030.000000	99.216	-147.1664
1044.000000	99.311	-146.4794
1060.000000	99.428	-145.7487
1075.000000	99.534	-145.1190
1090.000000	99.647	-144.5123
1106.000000	99.766	-143.9227
1120.000000	99.869	-143.4432
1138.000000	100.002	-142.8688
1150.000000	100.094	-142.5520
1172.000000	100.256	-141.9935
1180.000000	100.310	-141.7900
1206.000000	100.495	-141.2581
1220.000000	100.588	-140.9815
1241.000000	100.728	-140.6402
1250.000000	100.783	-140.5194
1265.000000	100.879	-140.3057
1280.000000	100.972	-140.0931
1315.000000	101.175	-139.6893
1320.000000	101.209	-139.6177
1340.000000	101.313	-139.4335
1360.000000	101.417	-139.2189
1380.000000	101.516	-139.0210
1400.000000	101.617	-138.8438
1430.000000	101.762	-138.5483
1450.000000	101.857	-138.3624
1475.000000	101.974	-138.1114
1500.000000	102.088	-137.8903
1525.000000	102.213	-137.6746
1550.000000	102.333	-137.4558
1575.000000	102.462	-137.2388
1600.000000	102.591	-137.0618
1625.000000	102.730	-136.9336
1650.000000	102.878	-136.8568
1675.000000	103.031	-136.8715
1700.000000	103.193	-137.0597
1725.000000	103.345	-137.4795
1750.000000	103.477	-138.0811
1775.000000	103.575	-138.8066
1800.000000	103.639	-139.5825
1825.000000	103.665	-140.3622
1850.000000	103.658	-141.0647
1875.000000	103.618	-141.6458
1900.000000	103.550	-142.0162
1925.000000	103.462	-142.1406
1950.000000	103.376	-141.9889
1975.000000	103.296	-141.5615
2000.000000	103.239	-140.9518
2030.000000	103.210	-140.0236
2060.000000	103.227	-139.0181
2090.000000	103.278	-138.0325
2120.000000	103.361	-137.1366
2140.000000	103.428	-136.5787
2180.000000	103.583	-135.6160
2200.000000	103.671	-135.2050
2240.000000	103.854	-134.5520
2270.000000	103.995	-134.1855
2300.000000	104.138	-133.9126
2330.000000	104.277	-133.7453
2360.000000	104.412	-133.6417
2400.000000	104.580	-133.5711
2430.000000	104.702	-133.5582
2470.000000	104.856	-133.5816
2500.000000	104.967	-133.6143
2540.000000	105.115	-133.6846
2580.000000	105.256	-133.7552
2620.000000	105.401	-133.8667
2650.000000	105.512	-133.9579
2690.000000	105.656	-134.1153
2720.000000	105.763	-134.2549
2760.000000	105.909	-134.4683
2800.000000	106.053	-134.7037
2850.000000	106.240	-135.0565
2900.000000	106.432	-135.4866
2950.000000	106.630	-136.0110
3000.000000	106.835	-136.6717
3040.000000	107.006	-137.2923
3070.000000	107.136	-137.8391
3110.000000	107.312	-138.6909
3150.000000	107.489	-139.7134
3200.000000	107.710	-141.2643
3250.000000	107.919	-143.2135
3300.000000	108.098	-145.6030
3350.000000	108.229	-148.5611
3400.000000	108.262	-152.0786
3450.000000	108.137	-156.0397
3500.000000	107.789	-160.0689
3550.000000	107.176	-163.2772
3600.000000	106.363	-164.4444
3650.000000	105.614	-162.7967
3700.000000	105.208	-159.6020
3750.000000	105.111	-157.0777
3820.000000	105.031	-155.3524
3870.000000	104.903	-154.2811
3950.000000	104.711	-151.6091
4000.000000	104.688	-149.5323
4060.000000	104.793	-147.0521
4120.000000	105.016	-145.0227
4180.000000	105.312	-143.6117
4250.000000	105.704	-142.7961
4310.000000	106.046	-142.7366
4370.000000	106.372	-143.2088
4440.000000	106.722	-144.3135
4500.000000	106.976	-145.6748
4550.000000	107.155	-147.0367
4620.000000	107.351	-149.2172
4680.000000	107.470	-151.2316
4750.000000	107.550	-153.7074
4820.000000	107.570	-156.3070
4870.000000	107.551	-158.1858
4940.000000	107.466	-160.8290
5000.000000	107.348	-163.0616
5080.000000	107.125	-165.9427
5150.000000	106.870	-168.3122
5220.000000	106.563	-170.4597
5300.000000	106.160	-172.6287
5380.000000	105.710	-174.4474
5450.000000	105.285	-175.7509
5520.000000	104.824	-176.7482
5600.000000	104.269	-177.5078
5700.000000	103.518	-177.8029
5800.000000	102.717	-177.0770
5900.000000	101.890	-175.0071
6000.000000	101.140	-171.2127
6080.000000	100.696	-166.9209
6150.000000	100.496	-162.6225
6220.000000	100.487	-158.3490
6300.000000	100.709	-154.1373
6400.000000	101.196	-150.5851
6500.000000	101.741	-149.3567
6600.000000	102.177	-150.1442
6700.000000	102.354	-152.1234
6800.000000	102.225	-154.0614
6900.000000	101.882	-154.5056
7000.000000	101.539	-153.0184
7100.000000	101.388	-150.1262
7200.000000	101.487	-146.9093
7300.000000	101.822	-144.2461
7400.000000	102.307	-142.5312
7500.000000	102.884	-142.0680
7620.000000	103.612	-143.1108
7750.000000	104.306	-146.2554
7880.000000	104.829	-150.5884
8000.000000	105.203	-155.3599
8120.000000	105.413	-161.0389
8250.000000	105.380	-167.5863
8380.000000	105.111	-173.5760
8500.000000	104.745	-178.3366
8620.000000	104.337	177.6095
8750.000000	103.883	173.6975
8850.000000	103.541	170.8078
9000.000000	102.969	166.4352
9120.000000	102.404	163.2212
9250.000000	101.751	160.8882
9380.000000	101.257	159.0358
9500.000000	100.842	156.4117
9620.000000	100.267	153.2665
9750.000000	99.433	150.5729
9880.000000	98.504	149.5115
10000.000000	97.700	149.9606
10150.000000	96.873	151.9011
10300.000000	96.291	154.4341
10440.000000	95.957	156.8006
10600.000000	95.765	158.8958
10750.000000	95.712	159.8671
10900.000000	95.663	159.8430
11060.000000	95.523	159.4023
11200.000000	95.387	159.3389
11380.000000	95.317	159.5139
11500.000000	95.297	159.2560
11720.000000	95.243	159.2207
11800.000000	95.295	159.4624
12060.000000	95.889	160.3058
12200.000000	96.442	159.3796
12410.000000	97.448	155.4558
12500.000000	97.884	152.7766
12650.000000	98.628	147.0243
12800.000000	99.314	139.6921
13150.000000	100.324	117.2136
13200.000000	100.375	113.7014
13400.000000	100.400	99.1527
13600.000000	100.210	84.8060
13800.000000	99.934	70.6409
14000.000000	99.658	55.9870
14300.000000	99.126	31.1065
14500.000000	98.444	12.7850
14750.000000	97.158	-9.9589
15000.000000	95.555	-31.5841
15250.000000	93.883	-52.5483
15500.000000	92.069	-72.2964
15750.000000	90.312	-90.9775
16000.000000	88.691	-109.6917
16250.000000	87.102	-129.3087
16500.000000	85.286	-149.0786
16750.000000	83.349	-166.6383
17000.000000	81.657	178.0306
17250.000000	80.722	163.2893
17500.000000	80.325	146.1451
17750.000000	80.351	124.6096
18000.000000	80.338	96.5941
18250.000000	79.792	58.7120
18500.000000	77.518	13.2232
18750.000000	72.868	-31.9293
19000.000000	66.663	-74.7471
19250.000000	59.807	-127.9341
19500.000000	50.377	167.5884
19750.000000	35.299	113.2690
