* Measurement data measured by REW V5.31.3
* Source: USB-C to 3.5mm Headphone Jack Adapter, USB-C to 3.5mm Headphone Jack Adapter, 0, volume: 0.138
* Format: 256k Log Swept Sine, 4 sweeps at -12.0 dBFS with no timing reference
* Dated: Feb 23, 2025 12:51:39 PM
* REW Settings:
*  C-weighting compensation: Off
*  Target level: 75.0 dB
* Note: 4x sweep
* Measurement: proto L
* Smoothing: None
* Frequency Step: 1/48 octave
* Start Frequency: 20.300 Hz
*
* Freq(Hz)	SPL(dB)	Phase(degrees)
20.299999	100.965	168.5716
20.600000	100.950	167.8924
20.900000	100.931	167.3057
21.200001	100.910	166.7272
21.400000	100.894	166.3390
21.799999	100.854	165.5778
22.000000	100.831	165.2210
22.400000	100.784	164.5810
22.700001	100.758	164.1556
23.000000	100.748	163.7270
23.299999	100.753	163.2311
23.600000	100.766	162.6171
24.000000	100.775	161.6124
24.299999	100.759	160.7989
24.700001	100.704	159.8056
25.000000	100.647	159.2220
25.400000	100.572	158.6717
25.799999	100.521	158.2279
26.200001	100.494	157.6724
26.500000	100.479	157.1139
26.900000	100.452	156.2334
27.200001	100.424	155.5547
27.600000	100.389	154.7368
28.000000	100.370	154.0408
28.500000	100.369	153.2421
29.000000	100.364	152.4330
29.500000	100.325	151.6882
30.000000	100.265	151.0909
30.400000	100.221	150.6501
30.700001	100.195	150.2690
31.100000	100.163	149.6490
31.500000	100.126	148.9501
32.000000	100.072	148.1344
32.500000	100.027	147.4764
33.000000	99.999	146.8578
33.500000	99.967	146.1460
34.000000	99.910	145.4089
34.500000	99.839	144.8083
35.000000	99.788	144.3420
35.500000	99.770	143.8217
36.000000	99.759	143.1217
36.500000	99.722	142.3442
37.000000	99.661	141.6879
37.500000	99.602	141.2134
38.200001	99.558	140.5998
38.700001	99.540	140.0285
39.500000	99.485	138.9588
40.000000	99.430	138.3223
40.599998	99.357	137.6217
41.200001	99.289	136.9250
41.799999	99.227	136.1956
42.500000	99.158	135.3710
43.099998	99.107	134.7581
43.700001	99.068	134.1960
44.400002	99.022	133.4941
45.000000	98.970	132.8624
45.500000	98.918	132.3652
46.200001	98.848	131.7106
46.799999	98.794	131.1277
47.500000	98.733	130.4204
48.200001	98.674	129.7528
48.700001	98.636	129.3051
49.400002	98.583	128.6891
50.000000	98.533	128.1663
50.799999	98.464	127.4619
51.500000	98.406	126.8068
52.200001	98.346	126.1536
53.000000	98.279	125.5085
53.799999	98.222	124.8934
54.500000	98.169	124.2407
55.200001	98.100	123.5707
56.000000	98.030	122.9749
57.000000	97.977	122.2155
58.000000	97.879	121.4407
59.000000	97.797	120.9281
60.000000	97.750	120.0295
60.799999	97.678	119.3254
61.500000	97.625	118.8697
62.200001	97.581	118.3163
63.000000	97.503	117.6361
64.000000	97.411	117.0063
65.000000	97.347	116.2999
66.000000	97.270	115.5837
67.000000	97.199	114.9203
68.000000	97.127	114.2373
69.000000	97.058	113.5485
70.000000	96.988	112.8203
71.000000	96.916	112.1283
72.000000	96.843	111.4759
73.000000	96.771	110.8937
74.000000	96.714	110.3130
75.000000	96.652	109.6655
76.199997	96.557	108.9915
77.500000	96.470	108.2507
78.800003	96.396	107.4585
80.000000	96.321	106.8348
81.199997	96.239	106.2065
82.500000	96.152	105.3065
83.800003	96.054	104.5180
85.000000	95.990	103.9538
86.199997	95.929	103.1537
87.500000	95.840	102.5571
88.500000	95.778	102.1501
90.000000	95.692	101.2406
91.199997	95.629	100.5616
92.500000	95.544	99.9830
93.800003	95.444	99.4124
95.000000	95.380	98.8311
96.199997	95.317	98.3948
97.500000	95.250	97.8177
98.800003	95.174	97.1374
100.000000	95.126	96.4351
101.500000	95.039	95.7798
103.000000	94.960	95.2027
104.400002	94.877	94.3593
106.000000	94.791	94.0236
107.500000	94.725	93.0695
109.000000	94.667	92.4607
110.599998	94.564	91.7046
112.000000	94.462	91.3653
113.800003	94.357	90.3765
115.000000	94.324	89.9929
117.199997	94.284	89.0323
118.000000	94.287	88.6359
120.599998	94.118	88.1463
122.000000	94.068	87.0366
124.099998	93.947	86.7949
125.000000	93.894	86.4705
126.500000	93.851	85.7727
128.000000	93.827	85.4608
131.500000	93.602	83.9057
132.000000	93.616	83.8041
134.000000	93.577	83.1192
136.000000	93.497	82.5241
138.000000	93.350	81.8953
140.000000	93.388	81.0457
143.000000	93.217	79.9508
145.000000	93.059	79.7815
147.500000	93.026	78.0974
150.000000	92.935	78.3013
152.500000	92.844	77.2484
155.000000	92.811	76.8178
157.500000	92.728	76.0535
160.000000	92.619	75.8262
162.500000	92.374	74.3096
165.000000	92.354	74.1761
167.500000	92.352	72.8456
170.000000	92.310	73.4720
172.500000	92.127	72.0461
175.000000	92.179	70.7864
177.500000	92.244	70.9858
180.000000	91.957	70.0215
182.500000	92.148	70.5001
185.000000	91.663	69.5226
187.500000	91.739	68.8491
190.000000	91.680	68.5190
192.500000	91.659	67.4753
195.000000	91.472	66.6014
197.500000	91.538	67.4602
200.000000	91.575	66.1915
203.000000	91.397	65.9687
206.000000	91.394	65.6352
209.000000	91.497	64.5907
212.000000	91.445	64.0682
214.000000	91.214	64.1426
218.000000	91.153	62.8025
220.000000	91.178	62.1989
224.000000	91.012	61.7660
227.000000	90.976	60.5809
230.000000	90.904	60.4734
233.000000	90.852	59.7077
236.000000	90.813	59.8543
240.000000	90.726	59.0191
243.000000	90.774	58.6116
247.000000	90.680	58.1939
250.000000	90.571	57.8378
254.000000	90.502	57.0151
258.000000	90.484	56.5297
262.000000	90.347	55.8755
265.000000	90.389	55.9482
269.000000	90.338	54.9974
272.000000	90.268	54.7793
276.000000	90.209	54.4425
280.000000	90.182	54.1217
285.000000	90.088	53.2545
290.000000	90.010	52.6444
295.000000	89.977	52.1915
300.000000	89.939	51.7881
304.000000	89.853	51.3475
307.000000	89.901	50.7928
311.000000	89.786	50.7266
315.000000	89.784	50.2711
320.000000	89.696	50.3425
325.000000	89.658	49.5325
330.000000	89.714	48.5569
335.000000	89.666	48.8107
340.000000	89.553	49.2089
345.000000	89.410	48.4480
350.000000	89.394	47.1635
355.000000	89.530	48.0204
360.000000	89.435	47.4712
365.000000	89.347	47.2146
370.000000	89.349	46.7372
375.000000	89.311	46.1047
382.000000	89.272	45.8389
387.000000	89.198	45.5054
395.000000	89.275	45.8107
400.000000	89.046	44.5397
406.000000	89.124	45.2336
412.000000	89.020	44.4874
418.000000	89.105	43.9403
425.000000	89.056	43.7733
431.000000	89.047	43.6007
437.000000	88.868	43.8475
444.000000	88.931	42.7806
450.000000	88.818	42.8965
455.000000	88.807	42.7621
462.000000	88.820	42.0773
468.000000	88.983	43.1179
475.000000	88.888	42.9599
482.000000	88.641	42.0923
487.000000	88.811	41.2560
494.000000	88.769	42.9902
500.000000	88.725	42.1885
508.000000	88.701	41.7350
515.000000	88.613	42.5304
522.000000	88.693	41.3896
530.000000	88.659	41.5562
538.000000	88.673	41.6145
545.000000	88.557	40.9236
552.000000	88.584	41.3233
560.000000	88.545	40.9939
570.000000	88.512	40.5732
580.000000	88.511	41.1453
590.000000	88.527	41.2497
600.000000	88.471	40.8956
608.000000	88.487	41.3257
615.000000	88.447	41.3488
622.000000	88.515	40.9625
630.000000	88.476	41.2723
640.000000	88.514	41.1468
650.000000	88.461	41.3857
660.000000	88.445	41.5374
670.000000	88.481	41.3715
680.000000	88.486	41.3444
690.000000	88.464	41.6415
700.000000	88.484	41.6216
710.000000	88.447	41.6130
720.000000	88.510	41.7891
730.000000	88.454	42.1864
740.000000	88.458	42.2570
750.000000	88.471	42.5334
762.000000	88.503	42.6190
775.000000	88.479	42.9203
788.000000	88.496	43.2477
800.000000	88.518	43.4768
812.000000	88.526	43.7323
825.000000	88.559	43.9520
838.000000	88.581	44.2928
850.000000	88.599	44.5897
862.000000	88.634	44.8791
875.000000	88.654	45.3000
885.000000	88.684	45.4873
900.000000	88.734	45.9169
912.000000	88.773	46.1920
925.000000	88.823	46.4588
938.000000	88.868	46.9137
950.000000	88.910	47.2980
962.000000	88.968	47.5650
975.000000	89.031	48.0098
988.000000	89.099	48.2959
1000.000000	89.152	48.5956
1015.000000	89.244	48.9986
1030.000000	89.336	49.2408
1044.000000	89.428	49.5157
1060.000000	89.524	49.8158
1075.000000	89.627	50.0092
1090.000000	89.723	50.2392
1106.000000	89.826	50.4082
1120.000000	89.924	50.4619
1138.000000	90.045	50.5606
1150.000000	90.115	50.6395
1172.000000	90.261	50.5610
1180.000000	90.294	50.6187
1206.000000	90.467	50.4786
1220.000000	90.538	50.3971
1241.000000	90.655	50.2794
1250.000000	90.672	50.1752
1265.000000	90.759	49.9749
1280.000000	90.830	49.9196
1315.000000	90.977	49.5338
1320.000000	90.983	49.5714
1340.000000	91.057	49.5610
1360.000000	91.146	49.3167
1380.000000	91.186	49.1171
1400.000000	91.222	49.0747
1430.000000	91.313	48.9435
1450.000000	91.388	48.9566
1475.000000	91.456	48.7752
1500.000000	91.523	49.0414
1525.000000	91.553	49.0584
1550.000000	91.645	48.8960
1575.000000	91.719	49.0592
1600.000000	91.767	49.2014
1625.000000	91.867	49.2624
1650.000000	91.931	49.3834
1675.000000	91.991	49.4502
1700.000000	92.067	49.6356
1725.000000	92.141	49.8088
1750.000000	92.225	49.9410
1775.000000	92.305	50.0276
1800.000000	92.404	50.2941
1825.000000	92.499	50.4492
1850.000000	92.592	50.6559
1875.000000	92.693	50.7640
1900.000000	92.799	50.9379
1925.000000	92.909	51.0073
1950.000000	93.022	51.1874
1975.000000	93.152	51.2934
2000.000000	93.289	51.3248
2030.000000	93.446	51.2624
2060.000000	93.613	51.1334
2090.000000	93.762	50.9470
2120.000000	93.921	50.6629
2140.000000	94.025	50.4663
2180.000000	94.230	50.0390
2200.000000	94.327	49.7633
2240.000000	94.526	49.1531
2270.000000	94.678	48.6133
2300.000000	94.818	48.0596
2330.000000	94.948	47.4585
2360.000000	95.066	46.7365
2400.000000	95.223	45.7893
2430.000000	95.345	44.9915
2470.000000	95.466	43.9642
2500.000000	95.544	43.2286
2540.000000	95.651	42.1231
2580.000000	95.756	41.0200
2620.000000	95.830	40.0447
2650.000000	95.880	39.2654
2690.000000	95.965	38.2375
2720.000000	96.025	37.3449
2760.000000	96.076	36.2344
2800.000000	96.117	35.0252
2850.000000	96.146	33.5322
2900.000000	96.150	32.1695
2950.000000	96.149	30.9163
3000.000000	96.131	29.8191
3040.000000	96.150	28.8973
3070.000000	96.159	28.2114
3110.000000	96.174	27.0906
3150.000000	96.183	25.8760
3200.000000	96.148	24.3312
3250.000000	96.071	22.7678
3300.000000	95.984	21.3011
3350.000000	95.861	19.9496
3400.000000	95.723	18.8509
3450.000000	95.583	17.8121
3500.000000	95.428	16.8927
3550.000000	95.278	16.0724
3600.000000	95.115	15.2695
3650.000000	94.961	14.6655
3700.000000	94.801	14.0689
3750.000000	94.628	13.6673
3820.000000	94.385	13.2922
3870.000000	94.225	13.1628
3950.000000	94.002	13.1135
4000.000000	93.853	13.1143
4060.000000	93.692	13.1798
4120.000000	93.538	13.4537
4180.000000	93.413	13.7914
4250.000000	93.298	14.2107
4310.000000	93.228	14.4670
4370.000000	93.166	14.5800
4440.000000	93.104	14.6965
4500.000000	93.029	14.6072
4550.000000	92.968	14.5053
4620.000000	92.851	14.3091
4680.000000	92.740	14.2971
4750.000000	92.605	14.3823
4820.000000	92.494	14.4553
4870.000000	92.404	14.7249
4940.000000	92.294	14.9132
5000.000000	92.223	15.1203
5080.000000	92.097	15.3107
5150.000000	91.996	15.4383
5220.000000	91.895	15.6306
5300.000000	91.773	15.7583
5380.000000	91.658	16.0135
5450.000000	91.565	16.1281
5520.000000	91.476	16.2322
5600.000000	91.370	16.1918
5700.000000	91.217	15.6059
5800.000000	90.938	14.4066
5900.000000	90.374	13.4360
6000.000000	89.557	14.9121
6080.000000	89.049	18.3953
6150.000000	88.864	21.9736
6220.000000	88.840	25.0366
6300.000000	88.909	27.6950
6400.000000	88.973	30.1465
6500.000000	88.942	32.1229
6600.000000	88.821	34.1730
6700.000000	88.674	37.4089
6800.000000	88.647	42.2062
6900.000000	88.955	47.4849
7000.000000	89.443	51.7457
7100.000000	90.040	56.3027
7200.000000	91.217	60.1892
7300.000000	92.371	59.5684
7400.000000	93.367	58.4685
7500.000000	94.414	56.6146
7620.000000	95.786	52.4840
7750.000000	97.261	44.3449
7880.000000	98.425	31.3702
8000.000000	98.783	16.4805
8120.000000	98.297	1.8909
8250.000000	97.097	-10.7469
8380.000000	95.633	-19.4178
8500.000000	94.219	-24.6433
8620.000000	92.838	-27.7388
8750.000000	91.397	-28.6494
8850.000000	90.414	-27.8474
9000.000000	89.213	-25.2135
9120.000000	88.506	-22.1720
9250.000000	87.975	-19.0064
9380.000000	87.583	-16.0145
9500.000000	87.334	-13.2361
9620.000000	87.208	-10.6621
9750.000000	87.152	-8.3348
9880.000000	87.200	-6.3646
10000.000000	87.281	-4.9510
10150.000000	87.417	-3.9627
10300.000000	87.567	-3.2879
10440.000000	87.707	-2.9531
10600.000000	87.895	-3.2831
10750.000000	88.055	-3.8348
10900.000000	88.231	-4.8766
11060.000000	88.422	-6.3417
11200.000000	88.608	-7.9414
11380.000000	88.881	-10.7163
11500.000000	89.089	-13.2081
11720.000000	89.475	-19.9018
11800.000000	89.574	-23.1323
12060.000000	89.474	-36.3820
12200.000000	89.032	-44.1762
12410.000000	87.927	-54.3636
12500.000000	87.378	-57.9387
12650.000000	86.443	-62.4385
12800.000000	85.562	-65.6888
13150.000000	84.089	-70.5862
13200.000000	83.940	-71.1997
13400.000000	83.513	-73.4525
13600.000000	83.351	-75.6587
13800.000000	83.476	-78.1706
14000.000000	83.830	-80.8996
14300.000000	84.958	-85.6651
14500.000000	86.157	-90.0954
14750.000000	88.224	-98.3608
15000.000000	90.923	-112.3558
15250.000000	93.794	-137.1487
15500.000000	95.229	-173.3871
15750.000000	94.596	151.5594
16000.000000	93.224	122.0633
16250.000000	91.508	96.8411
16500.000000	90.043	74.9008
16750.000000	88.873	52.3549
17000.000000	87.831	29.6081
17250.000000	87.336	6.5518
17500.000000	87.782	-20.2855
17750.000000	89.277	-55.1694
18000.000000	91.574	-105.8082
18250.000000	92.478	-177.6773
18500.000000	90.213	109.5016
18750.000000	87.218	45.9547
19000.000000	84.445	-14.9560
19250.000000	82.205	-78.2217
19500.000000	79.036	-150.5813
19750.000000	75.757	137.1367
