* Measurement data measured by REW V5.20
* Source: USB-C to 3.5mm Headphone Jack Adapter, USB-C to 3.5mm Headphone Jack Adapter, 0, volume: 0.138
* Format: 256k Log Swept Sine, 1 sweep at -12.0 dBFS with no timing reference
* Dated: Apr 12, 2024 4:17:10 PM
* REW Settings:
*  C-weighting compensation: Off
*  Target level: 75.0 dB
* Note: 
* Measurement: R
* Smoothing: None
* Frequency Step: 1/48 octave
* Start Frequency: 20.000 Hz
*
* Freq(Hz)	SPL(dB)	Phase(degrees)
20.000000	103.771790	-131.9100
20.299999	103.839279	-132.6943
20.600000	103.900665	-133.5040
20.900000	103.953888	-134.3146
21.200001	103.999382	-135.0999
21.400000	104.026596	-135.5992
21.799999	104.078079	-136.5334
22.000000	104.104172	-136.9714
22.400000	104.159538	-137.8066
22.700001	104.204529	-138.4172
23.000000	104.251762	-139.0288
23.299999	104.299850	-139.6500
23.600000	104.347198	-140.2845
24.000000	104.406586	-141.1497
24.299999	104.446747	-141.8065
24.700001	104.493057	-142.6789
25.000000	104.522362	-143.3187
25.400000	104.555389	-144.1383
25.799999	104.584206	-144.9111
26.200001	104.611725	-145.6411
26.500000	104.632599	-146.1677
26.900000	104.660988	-146.8522
27.200001	104.682518	-147.3563
27.600000	104.711426	-148.0192
28.000000	104.740776	-148.6754
28.500000	104.777924	-149.4990
29.000000	104.812645	-150.3397
29.500000	104.840775	-151.1863
30.000000	104.861626	-152.0023
30.400000	104.876007	-152.6171
30.700001	104.887383	-153.0591
31.100000	104.904236	-153.6364
31.500000	104.921875	-154.2129
32.000000	104.942032	-154.9313
32.500000	104.959419	-155.6290
33.000000	104.976929	-156.3006
33.500000	104.995819	-156.9667
34.000000	105.012787	-157.6415
34.500000	105.024658	-158.3077
35.000000	105.033241	-158.9388
35.500000	105.042984	-159.5369
36.000000	105.055069	-160.1301
36.500000	105.066284	-160.7344
37.000000	105.073776	-161.3364
37.500000	105.078369	-161.9161
38.200001	105.084763	-162.6899
38.700001	105.090416	-163.2309
39.500000	105.099518	-164.0937
40.000000	105.103966	-164.6348
40.599998	105.105690	-165.2808
41.200001	105.103226	-165.8981
41.799999	105.100998	-166.4723
42.500000	105.103775	-167.1234
43.099998	105.107323	-167.7010
43.700001	105.106903	-168.2853
44.400002	105.102493	-168.9399
45.000000	105.098778	-169.4799
45.500000	105.095657	-169.9264
46.200001	105.089188	-170.5438
46.799999	105.082123	-171.0531
47.500000	105.074890	-171.6271
48.200001	105.068359	-172.2011
48.700001	105.062050	-172.6111
49.400002	105.050987	-173.1634
50.000000	105.042755	-173.6177
50.799999	105.032867	-174.2368
51.500000	105.018204	-174.7791
52.200001	105.001038	-175.2655
53.000000	104.990860	-175.7915
53.799999	104.983284	-176.3813
54.500000	104.967667	-176.9079
55.200001	104.949127	-177.3885
56.000000	104.931602	-177.9179
57.000000	104.908417	-178.5854
58.000000	104.883362	-179.2238
59.000000	104.859016	-179.8411
60.000000	104.836006	179.5507
60.799999	104.815941	179.0580
61.500000	104.795631	178.6397
62.200001	104.775139	178.2408
63.000000	104.752762	177.7928
64.000000	104.723846	177.2331
65.000000	104.692627	176.6864
66.000000	104.661049	176.1544
67.000000	104.627411	175.6310
68.000000	104.593987	175.1393
69.000000	104.562767	174.6389
70.000000	104.526451	174.1485
71.000000	104.491943	173.6894
72.000000	104.456200	173.2238
73.000000	104.419693	172.7844
74.000000	104.382477	172.3379
75.000000	104.342285	171.9314
76.199997	104.299835	171.4445
77.500000	104.246941	170.9496
78.800003	104.202423	170.4817
80.000000	104.156708	170.0586
81.199997	104.115959	169.6725
82.500000	104.073967	169.2327
83.800003	104.029694	168.7941
85.000000	103.987991	168.3924
86.199997	103.946228	168.0111
87.500000	103.901894	167.5923
88.500000	103.867989	167.2884
90.000000	103.817093	166.8029
91.199997	103.772446	166.4493
92.500000	103.727470	166.0639
93.800003	103.679283	165.6736
95.000000	103.632874	165.3363
96.199997	103.590019	165.0084
97.500000	103.538940	164.6224
98.800003	103.484177	164.3181
100.000000	103.444336	164.0099
101.500000	103.378983	163.6336
103.000000	103.329491	163.2763
104.400002	103.269249	162.9403
106.000000	103.211212	162.5141
107.500000	103.139145	162.2514
109.000000	103.086761	161.9182
110.599998	103.017410	161.5927
112.000000	102.953255	161.3117
113.800003	102.871384	160.9963
115.000000	102.814690	160.8049
117.199997	102.714462	160.5364
118.000000	102.678406	160.4362
120.599998	102.567337	160.1891
122.000000	102.500610	160.1136
124.099998	102.415810	159.9911
125.000000	102.380959	159.9720
126.500000	102.326286	159.9157
128.000000	102.275421	159.8833
131.500000	102.164925	159.8382
132.000000	102.150131	159.8465
134.000000	102.102440	159.8366
136.000000	102.056412	159.8065
138.000000	102.017578	159.8119
140.000000	101.983963	159.8058
143.000000	101.942497	159.7340
145.000000	101.925972	159.6409
147.500000	101.904762	159.4732
150.000000	101.885719	159.2049
152.500000	101.867508	158.8819
155.000000	101.846146	158.5155
157.500000	101.805794	158.0687
160.000000	101.759956	157.5582
162.500000	101.701530	157.1182
165.000000	101.637177	156.7920
167.500000	101.556267	156.3361
170.000000	101.479210	155.9656
172.500000	101.400032	155.6532
175.000000	101.320107	155.3904
177.500000	101.238678	155.1383
180.000000	101.159225	154.9334
182.500000	101.079422	154.7454
185.000000	100.998650	154.5749
187.500000	100.919708	154.4117
190.000000	100.842445	154.2800
192.500000	100.767456	154.1364
195.000000	100.689880	154.0289
197.500000	100.613968	153.9200
200.000000	100.542709	153.8307
203.000000	100.452797	153.7243
206.000000	100.360825	153.6656
209.000000	100.280159	153.5874
212.000000	100.197769	153.5457
214.000000	100.132935	153.5100
218.000000	100.020348	153.4602
220.000000	99.965851	153.4620
224.000000	99.854340	153.4584
227.000000	99.771439	153.4725
230.000000	99.692017	153.5090
233.000000	99.613602	153.5377
236.000000	99.535362	153.5793
240.000000	99.425629	153.7214
243.000000	99.356163	153.7709
247.000000	99.257477	153.8906
250.000000	99.189178	154.0080
254.000000	99.099327	154.1710
258.000000	99.013336	154.3349
262.000000	98.938324	154.5461
265.000000	98.881599	154.6196
269.000000	98.809654	154.8023
272.000000	98.758507	154.9001
276.000000	98.692986	155.0104
280.000000	98.621948	155.0764
285.000000	98.530418	155.1639
290.000000	98.434433	155.2521
295.000000	98.339195	155.3748
300.000000	98.242584	155.5179
304.000000	98.165123	155.6347
307.000000	98.108063	155.7263
311.000000	98.032661	155.8824
315.000000	97.955925	156.0406
320.000000	97.862045	156.2346
325.000000	97.765045	156.4860
330.000000	97.680809	156.6952
335.000000	97.593239	156.9439
340.000000	97.502213	157.1949
345.000000	97.414703	157.4659
350.000000	97.330605	157.7322
355.000000	97.251251	158.0340
360.000000	97.172798	158.2934
365.000000	97.090446	158.5507
370.000000	97.013298	158.8674
375.000000	96.932137	159.1703
382.000000	96.823128	159.6082
387.000000	96.734055	159.9912
395.000000	96.680634	160.6450
400.000000	96.579445	160.8292
406.000000	96.553078	161.4922
412.000000	96.404678	160.9744
418.000000	96.243095	162.1289
425.000000	96.235687	161.6733
431.000000	96.097183	162.7186
437.000000	95.969208	163.8735
444.000000	95.989960	163.7218
450.000000	95.956207	164.1005
455.000000	95.860939	164.6400
462.000000	95.799927	165.2134
468.000000	95.738411	165.6393
475.000000	95.687263	166.4081
482.000000	95.546364	166.9587
487.000000	95.543747	167.2310
494.000000	95.446503	167.7535
500.000000	95.423012	168.0929
508.000000	95.266609	168.9355
515.000000	95.274368	170.0408
522.000000	95.227715	170.0428
530.000000	95.138634	170.4402
538.000000	95.048546	171.2003
545.000000	94.982986	171.8232
552.000000	94.913651	172.2940
560.000000	94.867599	172.7620
570.000000	94.810211	173.8106
580.000000	94.699883	174.6310
590.000000	94.641998	175.4972
600.000000	94.560074	176.4025
608.000000	94.512451	177.0330
615.000000	94.464790	177.5612
622.000000	94.414200	178.2151
630.000000	94.370338	178.8964
640.000000	94.309280	179.8187
650.000000	94.256577	-179.3244
660.000000	94.197525	-178.4443
670.000000	94.147987	-177.5702
680.000000	94.104271	-176.6600
690.000000	94.046570	-175.7706
700.000000	94.012375	-174.7992
710.000000	93.963264	-173.9203
720.000000	93.927391	-173.0177
730.000000	93.891022	-172.0137
740.000000	93.859688	-171.1036
750.000000	93.818039	-170.1576
762.000000	93.807510	-169.0434
775.000000	93.768639	-167.7982
788.000000	93.752914	-166.5559
800.000000	93.746223	-165.5060
812.000000	93.747910	-164.6209
825.000000	93.718307	-164.1262
838.000000	93.437637	-163.0678
850.000000	93.356400	-160.2258
862.000000	93.449936	-158.2984
875.000000	93.527748	-156.9527
885.000000	93.580322	-155.9711
900.000000	93.616417	-154.3589
912.000000	93.657715	-153.0652
925.000000	93.707123	-151.5868
938.000000	93.770195	-150.1990
950.000000	93.838196	-149.0056
962.000000	93.914948	-147.5306
975.000000	94.011803	-146.1888
988.000000	94.098602	-144.8716
1000.000000	94.209373	-143.6331
1015.000000	94.358536	-142.3447
1030.000000	94.516586	-140.7703
1044.000000	94.686592	-139.7975
1060.000000	94.847366	-138.6901
1075.000000	95.006134	-137.6840
1090.000000	95.171585	-136.9234
1106.000000	95.362930	-136.1908
1120.000000	95.494034	-135.5741
1138.000000	95.698174	-134.8370
1150.000000	95.802551	-134.3933
1172.000000	95.993980	-133.6681
1180.000000	96.067253	-133.4544
1206.000000	96.282730	-132.7279
1220.000000	96.386826	-132.3663
1241.000000	96.540619	-131.7695
1250.000000	96.611351	-131.5697
1265.000000	96.700523	-131.1351
1280.000000	96.797188	-130.7738
1315.000000	97.005524	-129.9710
1320.000000	97.034851	-129.8020
1340.000000	97.148300	-129.3612
1360.000000	97.261040	-128.8291
1380.000000	97.360641	-128.3222
1400.000000	97.466148	-127.8103
1430.000000	97.618416	-126.9669
1450.000000	97.723114	-126.3984
1475.000000	97.845184	-125.6821
1500.000000	97.968292	-124.9544
1525.000000	98.102173	-124.2593
1550.000000	98.233521	-123.4732
1575.000000	98.371117	-122.7413
1600.000000	98.506874	-121.9965
1625.000000	98.646744	-121.2413
1650.000000	98.788345	-120.4958
1675.000000	98.937660	-119.7500
1700.000000	99.090576	-119.0067
1725.000000	99.246552	-118.2852
1750.000000	99.407700	-117.5701
1775.000000	99.575287	-116.8649
1800.000000	99.747711	-116.1907
1825.000000	99.923386	-115.5474
1850.000000	100.103333	-114.9126
1875.000000	100.288101	-114.3056
1900.000000	100.479408	-113.7366
1925.000000	100.675781	-113.2018
1950.000000	100.876640	-112.7023
1975.000000	101.080101	-112.2377
2000.000000	101.288132	-111.8191
2030.000000	101.545799	-111.3907
2060.000000	101.804405	-111.0172
2090.000000	102.070274	-110.7128
2120.000000	102.337357	-110.4762
2140.000000	102.516777	-110.3591
2180.000000	102.881386	-110.1554
2200.000000	103.068077	-110.0797
2240.000000	103.460274	-109.9553
2270.000000	103.786942	-109.9606
2300.000000	104.145554	-110.2076
2330.000000	104.512497	-110.8392
2360.000000	104.860405	-111.8266
2400.000000	105.274834	-113.5051
2430.000000	105.549904	-114.9259
2470.000000	105.877869	-116.9761
2500.000000	106.093941	-118.6225
2540.000000	106.343689	-120.9563
2580.000000	106.544571	-123.3908
2620.000000	106.694824	-125.8932
2650.000000	106.773537	-127.7724
2690.000000	106.837898	-130.2415
2720.000000	106.856644	-132.0570
2760.000000	106.844620	-134.4104
2800.000000	106.786926	-136.6390
2850.000000	106.661758	-139.1751
2900.000000	106.489723	-141.3746
2950.000000	106.286552	-143.2201
3000.000000	106.063156	-144.7024
3040.000000	105.878860	-145.6427
3070.000000	105.739357	-146.2133
3110.000000	105.557816	-146.8321
3150.000000	105.381271	-147.2847
3200.000000	105.171074	-147.6843
3250.000000	104.969223	-147.9033
3300.000000	104.782135	-147.9878
3350.000000	104.604004	-147.9590
3400.000000	104.437149	-147.8315
3450.000000	104.279457	-147.6262
3500.000000	104.131821	-147.3387
3550.000000	103.994072	-147.0209
3600.000000	103.859711	-146.6602
3650.000000	103.725494	-146.2985
3700.000000	103.587196	-145.8705
3750.000000	103.440125	-145.3959
3820.000000	103.216957	-144.5138
3870.000000	103.047615	-143.6135
3950.000000	102.804001	-141.6251
4000.000000	102.691010	-140.0990
4060.000000	102.606041	-138.1472
4120.000000	102.562729	-136.1234
4180.000000	102.558517	-134.0601
4250.000000	102.601707	-131.5810
4310.000000	102.689819	-129.4084
4370.000000	102.829407	-127.2971
4440.000000	103.050674	-125.0315
4500.000000	103.274788	-123.2987
4550.000000	103.482018	-122.0000
4620.000000	103.792831	-120.3511
4680.000000	104.079933	-119.0886
4750.000000	104.442047	-117.7619
4820.000000	104.834801	-116.6150
4870.000000	105.137085	-115.9186
4940.000000	105.596909	-115.1606
5000.000000	106.025986	-114.7888
5080.000000	106.638580	-114.9568
5150.000000	107.052109	-116.0606
5220.000000	107.520828	-115.3207
5300.000000	108.231415	-114.7578
5380.000000	109.235092	-116.7360
5450.000000	110.030914	-119.8607
5520.000000	110.773178	-124.1066
5600.000000	111.507736	-130.4398
5700.000000	112.107086	-140.4027
5800.000000	112.187241	-151.4711
5900.000000	111.731232	-161.7679
6000.000000	110.906616	-169.9138
6080.000000	110.121933	-174.6340
6150.000000	109.416847	-177.5811
6220.000000	108.728828	-179.5991
6300.000000	107.991379	179.0240
6400.000000	107.158890	178.3523
6500.000000	106.440048	178.5688
6600.000000	105.838799	179.4228
6700.000000	105.355469	-179.2676
6800.000000	104.990036	-177.6806
6900.000000	104.739288	-175.9253
7000.000000	104.609184	-174.1112
7100.000000	104.594170	-172.3072
7200.000000	104.709923	-170.6926
7300.000000	104.957718	-169.3950
7400.000000	105.331787	-168.5857
7500.000000	105.847809	-168.4241
7620.000000	106.669289	-169.5319
7750.000000	107.804832	-173.3556
7880.000000	109.081757	178.3411
8000.000000	110.010262	165.0027
8120.000000	110.022842	147.2657
8250.000000	108.686127	129.3065
8380.000000	106.614960	117.3796
8500.000000	104.625504	111.1377
8620.000000	102.759300	107.8524
8750.000000	100.912064	106.5163
8850.000000	99.624062	106.6035
9000.000000	97.885178	107.9575
9120.000000	96.653015	109.8181
9250.000000	95.463196	112.2828
9380.000000	94.392212	115.0577
9500.000000	93.513588	117.8793
9620.000000	92.711678	120.7857
9750.000000	91.929672	123.9860
9880.000000	91.244827	127.3457
10000.000000	90.670166	130.4641
10150.000000	90.022705	134.1591
10300.000000	89.475601	137.9324
10440.000000	89.033501	141.3548
10600.000000	88.600906	145.2747
10750.000000	88.277664	148.7149
10900.000000	88.023773	152.1059
11060.000000	87.805214	155.5986
11200.000000	87.700577	158.4367
11380.000000	87.646706	161.9201
11500.000000	87.665611	164.1591
11720.000000	87.820908	167.7933
11800.000000	87.909500	168.9898
12060.000000	88.385521	172.3770
12200.000000	88.770493	173.8668
12410.000000	89.506561	175.4287
12500.000000	89.872131	175.8383
12650.000000	90.627533	176.0748
12800.000000	91.516838	175.6454
13150.000000	94.328003	171.3441
13200.000000	94.840195	170.1796
13400.000000	97.272484	162.9716
13600.000000	100.438179	148.1950
13800.000000	103.597404	115.9459
14000.000000	103.041336	70.3815
14300.000000	98.328339	33.8193
14500.000000	95.883392	21.6655
14750.000000	93.693123	10.2664
15000.000000	92.421623	0.0339
15250.000000	91.441673	-12.4994
15500.000000	90.781242	-26.1485
15750.000000	90.291077	-41.6038
16000.000000	89.941650	-58.1502
16250.000000	89.974289	-76.3273
16500.000000	90.551071	-99.6412
16750.000000	90.855896	-135.2272
17000.000000	88.273415	-174.7463
17250.000000	84.747414	162.9510
17500.000000	83.029892	150.5557
17750.000000	83.259453	132.3385
18000.000000	84.111824	101.9159
18250.000000	84.277786	61.3354
18500.000000	83.479027	16.8279
18750.000000	82.314896	-28.9139
19000.000000	81.152191	-78.1579
19250.000000	80.109543	-133.4470
19500.000000	79.016190	162.5803
19750.000000	77.776253	85.8397
