* Measurement data measured by REW V5.20
* Source: USB-C to 3.5mm Headphone Jack Adapter, USB-C to 3.5mm Headphone Jack Adapter, 0, volume: 0.138
* Format: 256k Log Swept Sine, 1 sweep at -12.0 dBFS with no timing reference
* Dated: Apr 12, 2024 4:18:29 PM
* REW Settings:
*  C-weighting compensation: Off
*  Target level: 75.0 dB
* Note: 
* Measurement: L
* Smoothing: None
* Frequency Step: 1/48 octave
* Start Frequency: 20.000 Hz
*
* Freq(Hz)	SPL(dB)	Phase(degrees)
20.000000	103.422791	-127.7540
20.299999	103.489746	-128.3035
20.600000	103.572487	-128.8484
20.900000	103.668549	-129.4335
21.200001	103.773232	-130.0997
21.400000	103.844116	-130.6060
21.799999	103.974510	-131.7704
22.000000	104.027657	-132.4112
22.400000	104.100983	-133.7252
22.700001	104.126289	-134.6335
23.000000	104.134514	-135.3968
23.299999	104.138824	-135.9841
23.600000	104.153206	-136.4204
24.000000	104.202965	-136.9048
24.299999	104.260902	-137.3127
24.700001	104.348038	-138.0192
25.000000	104.406113	-138.6601
25.400000	104.462547	-139.5736
25.799999	104.498199	-140.4389
26.200001	104.526550	-141.2067
26.500000	104.549828	-141.7371
26.900000	104.584869	-142.4286
27.200001	104.611984	-142.9509
27.600000	104.646378	-143.6420
28.000000	104.680038	-144.3083
28.500000	104.726952	-145.1176
29.000000	104.778168	-145.9637
29.500000	104.821861	-146.8650
30.000000	104.850098	-147.7421
30.400000	104.866432	-148.3723
30.700001	104.879936	-148.8030
31.100000	104.903000	-149.3511
31.500000	104.930031	-149.9074
32.000000	104.961365	-150.6287
32.500000	104.984879	-151.3391
33.000000	105.004616	-151.9981
33.500000	105.026794	-152.6175
34.000000	105.051910	-153.2340
34.500000	105.076599	-153.8608
35.000000	105.098991	-154.4874
35.500000	105.119690	-155.1065
36.000000	105.139038	-155.7207
36.500000	105.156532	-156.3294
37.000000	105.172218	-156.9288
37.500000	105.186394	-157.5199
38.200001	105.201805	-158.3329
38.700001	105.209229	-158.8841
39.500000	105.223648	-159.6987
40.000000	105.237053	-160.2083
40.599998	105.249695	-160.8492
41.200001	105.253761	-161.4572
41.799999	105.261047	-161.9827
42.500000	105.288330	-162.6114
43.099998	105.311340	-163.2792
43.700001	105.312996	-163.9752
44.400002	105.302696	-164.6263
45.000000	105.308884	-165.1036
45.500000	105.320953	-165.5596
46.200001	105.321960	-166.2692
46.799999	105.305954	-166.7781
47.500000	105.299942	-167.2062
48.200001	105.320381	-167.6950
48.700001	105.331589	-168.1718
49.400002	105.316994	-168.8593
50.000000	105.293022	-169.2893
50.799999	105.292061	-169.7841
51.500000	105.294472	-170.4503
52.200001	105.249657	-171.1095
53.000000	105.197495	-171.3884
53.799999	105.226181	-171.6283
54.500000	105.258476	-172.2209
55.200001	105.249954	-172.8432
56.000000	105.239975	-173.3262
57.000000	105.251549	-174.0001
58.000000	105.241592	-174.6725
59.000000	105.241852	-175.2508
60.000000	105.239182	-175.9139
60.799999	105.226639	-176.4208
61.500000	105.215492	-176.8368
62.200001	105.204681	-177.2559
63.000000	105.189026	-177.7330
64.000000	105.169907	-178.2848
65.000000	105.157379	-178.8544
66.000000	105.138573	-179.4426
67.000000	105.118752	-179.9863
68.000000	105.099854	179.4745
69.000000	105.078880	178.9509
70.000000	105.055923	178.4402
71.000000	105.030937	177.9613
72.000000	105.009216	177.5027
73.000000	104.989342	177.0264
74.000000	104.965820	176.5305
75.000000	104.936974	176.0609
76.199997	104.906479	175.5338
77.500000	104.871689	174.9549
78.800003	104.839409	174.4058
80.000000	104.805977	173.9043
81.199997	104.778603	173.4187
82.500000	104.737625	172.8779
83.800003	104.703369	172.4251
85.000000	104.672546	171.9669
86.199997	104.638824	171.5158
87.500000	104.596916	171.0521
88.500000	104.567223	170.7216
90.000000	104.523361	170.2223
91.199997	104.488281	169.8277
92.500000	104.451065	169.4223
93.800003	104.415009	169.0107
95.000000	104.383835	168.6451
96.199997	104.347977	168.2411
97.500000	104.307816	167.8917
98.800003	104.272751	167.4794
100.000000	104.233177	167.1518
101.500000	104.192535	166.7139
103.000000	104.145157	166.2919
104.400002	104.103470	165.9180
106.000000	104.056343	165.4673
107.500000	104.010040	165.1020
109.000000	103.960693	164.7000
110.599998	103.914116	164.3561
112.000000	103.869812	163.9963
113.800003	103.811127	163.5740
115.000000	103.773170	163.2760
117.199997	103.702972	162.7972
118.000000	103.676025	162.6119
120.599998	103.591003	162.0637
122.000000	103.548615	161.8127
124.099998	103.477386	161.4189
125.000000	103.448975	161.2328
126.500000	103.397232	160.9613
128.000000	103.347282	160.6966
131.500000	103.234421	160.1211
132.000000	103.217812	160.0379
134.000000	103.154007	159.7459
136.000000	103.088844	159.4515
138.000000	103.029083	159.1783
140.000000	102.966843	158.8958
143.000000	102.878540	158.5096
145.000000	102.819992	158.2310
147.500000	102.747849	157.8981
150.000000	102.673630	157.5705
152.500000	102.598938	157.2604
155.000000	102.524765	156.9414
157.500000	102.449280	156.6600
160.000000	102.369598	156.3889
162.500000	102.293907	156.1255
165.000000	102.224525	155.8582
167.500000	102.141998	155.6409
170.000000	102.065323	155.4215
172.500000	101.988106	155.2062
175.000000	101.913986	155.0117
177.500000	101.837616	154.8210
180.000000	101.763329	154.6394
182.500000	101.688492	154.4686
185.000000	101.613907	154.3155
187.500000	101.538765	154.1548
190.000000	101.465179	154.0189
192.500000	101.390274	153.8893
195.000000	101.311348	153.7588
197.500000	101.239822	153.6494
200.000000	101.164513	153.5488
203.000000	101.075996	153.4592
206.000000	100.983315	153.3798
209.000000	100.893509	153.3167
212.000000	100.803169	153.2573
214.000000	100.747566	153.2514
218.000000	100.627945	153.2463
220.000000	100.568726	153.2751
224.000000	100.455582	153.3692
227.000000	100.373184	153.4652
230.000000	100.296600	153.5931
233.000000	100.225372	153.7519
236.000000	100.159126	153.9218
240.000000	100.083817	154.1363
243.000000	100.045624	154.3507
247.000000	100.002739	154.4703
250.000000	99.970032	154.4712
254.000000	99.922607	154.4029
258.000000	99.860023	154.2919
262.000000	99.792267	154.1596
265.000000	99.737335	154.0766
269.000000	99.659546	153.9761
272.000000	99.597740	153.9409
276.000000	99.515137	153.8890
280.000000	99.427879	153.8503
285.000000	99.323128	153.8438
290.000000	99.219025	153.8600
295.000000	99.111115	153.9271
300.000000	99.006760	154.0005
304.000000	98.923630	154.0799
307.000000	98.860558	154.1508
311.000000	98.777687	154.2313
315.000000	98.699242	154.3448
320.000000	98.601967	154.4859
325.000000	98.504494	154.6594
330.000000	98.404938	154.8410
335.000000	98.311050	155.0481
340.000000	98.220650	155.2303
345.000000	98.133568	155.4564
350.000000	98.045311	155.6854
355.000000	97.958694	155.8835
360.000000	97.869545	156.1362
365.000000	97.788887	156.4082
370.000000	97.706894	156.6467
375.000000	97.625397	156.8928
382.000000	97.514404	157.2480
387.000000	97.434685	157.4995
395.000000	97.310593	157.9643
400.000000	97.236588	158.2527
406.000000	97.145721	158.6003
412.000000	97.058853	158.9585
418.000000	96.977608	159.3010
425.000000	96.877556	159.7263
431.000000	96.797867	160.1086
437.000000	96.715736	160.5069
444.000000	96.626282	160.9539
450.000000	96.550171	161.3351
455.000000	96.482452	161.6675
462.000000	96.398712	162.1459
468.000000	96.322205	162.5604
475.000000	96.243301	163.0430
482.000000	96.157608	163.5397
487.000000	96.102379	163.8805
494.000000	96.022285	164.3422
500.000000	95.957077	164.8128
508.000000	95.871407	165.4167
515.000000	95.795242	165.9239
522.000000	95.722397	166.4329
530.000000	95.643860	167.0488
538.000000	95.563148	167.6441
545.000000	95.497330	168.1760
552.000000	95.433838	168.7340
560.000000	95.357803	169.3510
570.000000	95.268860	170.1488
580.000000	95.181847	170.9398
590.000000	95.097458	171.7663
600.000000	95.020523	172.5726
608.000000	94.955215	173.2036
615.000000	94.905014	173.8091
622.000000	94.850845	174.3799
630.000000	94.790848	175.0823
640.000000	94.721703	175.9487
650.000000	94.654793	176.7849
660.000000	94.594437	177.6295
670.000000	94.533195	178.5005
680.000000	94.472305	179.3730
690.000000	94.417305	-179.7265
700.000000	94.360748	-178.8220
710.000000	94.309799	-177.9357
720.000000	94.260185	-177.0178
730.000000	94.216072	-176.1184
740.000000	94.173424	-175.1717
750.000000	94.130920	-174.2622
762.000000	94.083611	-173.1071
775.000000	94.041611	-171.8844
788.000000	94.000404	-170.6828
800.000000	93.957382	-169.5219
812.000000	93.921638	-168.3551
825.000000	93.886742	-167.0444
838.000000	93.849365	-165.6722
850.000000	93.814133	-164.3542
862.000000	93.783585	-162.7720
875.000000	93.822014	-160.7707
885.000000	93.928947	-159.5506
900.000000	94.042374	-158.4635
912.000000	94.081055	-157.5773
925.000000	94.112175	-156.5337
938.000000	94.144440	-155.4038
950.000000	94.180389	-154.3418
962.000000	94.221657	-153.2407
975.000000	94.276474	-152.0732
988.000000	94.335938	-150.9127
1000.000000	94.394150	-149.8304
1015.000000	94.485268	-148.5624
1030.000000	94.578766	-147.2764
1044.000000	94.672005	-146.1581
1060.000000	94.787399	-144.8917
1075.000000	94.898964	-143.7903
1090.000000	95.021736	-142.7349
1106.000000	95.150345	-141.6617
1120.000000	95.270546	-140.7816
1138.000000	95.422989	-139.7182
1150.000000	95.527679	-139.0824
1172.000000	95.716751	-137.9685
1180.000000	95.785004	-137.5794
1206.000000	96.005280	-136.4607
1220.000000	96.118355	-135.9058
1241.000000	96.286255	-135.1375
1250.000000	96.356155	-134.8162
1265.000000	96.470596	-134.3333
1280.000000	96.580330	-133.8562
1315.000000	96.824409	-132.8625
1320.000000	96.856979	-132.7259
1340.000000	96.987061	-132.1913
1360.000000	97.111191	-131.6621
1380.000000	97.229233	-131.1452
1400.000000	97.342064	-130.6087
1430.000000	97.508965	-129.8044
1450.000000	97.618721	-129.2713
1475.000000	97.758522	-128.6120
1500.000000	97.894165	-127.9648
1525.000000	98.026817	-127.3279
1550.000000	98.157333	-126.6700
1575.000000	98.286705	-126.0136
1600.000000	98.418015	-125.3297
1625.000000	98.550690	-124.6428
1650.000000	98.686897	-123.9492
1675.000000	98.826736	-123.2580
1700.000000	98.967606	-122.5670
1725.000000	99.114967	-121.8905
1750.000000	99.264610	-121.2215
1775.000000	99.420410	-120.5623
1800.000000	99.581047	-119.9191
1825.000000	99.743385	-119.2990
1850.000000	99.912186	-118.6912
1875.000000	100.083054	-118.1437
1900.000000	100.260818	-117.5989
1925.000000	100.439484	-117.0827
1950.000000	100.622757	-116.5897
1975.000000	100.808830	-116.1581
2000.000000	100.995857	-115.7461
2030.000000	101.231430	-115.3014
2060.000000	101.467300	-114.9087
2090.000000	101.705048	-114.5740
2120.000000	101.946426	-114.2589
2140.000000	102.110382	-114.0665
2180.000000	102.452042	-113.6999
2200.000000	102.636467	-113.5301
2240.000000	103.045654	-113.3689
2270.000000	103.375992	-113.5905
2300.000000	103.696609	-114.1376
2330.000000	103.993233	-114.9257
2360.000000	104.259995	-115.8262
2400.000000	104.584564	-117.1397
2430.000000	104.811249	-118.1910
2470.000000	105.098595	-119.6625
2500.000000	105.306168	-120.8901
2540.000000	105.563469	-122.7521
2580.000000	105.774765	-124.8585
2620.000000	105.931175	-127.0826
2650.000000	106.013397	-128.7645
2690.000000	106.077980	-130.9822
2720.000000	106.096321	-132.5931
2760.000000	106.083344	-134.6440
2800.000000	106.033363	-136.5500
2850.000000	105.928299	-138.7092
2900.000000	105.784096	-140.5674
2950.000000	105.609711	-142.1169
3000.000000	105.419083	-143.3612
3040.000000	105.259811	-144.1348
3070.000000	105.139610	-144.5903
3110.000000	104.980751	-145.0764
3150.000000	104.826508	-145.4163
3200.000000	104.641586	-145.6975
3250.000000	104.459717	-145.8176
3300.000000	104.283890	-145.7848
3350.000000	104.115189	-145.5920
3400.000000	103.956902	-145.2675
3450.000000	103.809738	-144.8457
3500.000000	103.673676	-144.3238
3550.000000	103.541252	-143.6861
3600.000000	103.423454	-142.9442
3650.000000	103.319366	-142.1338
3700.000000	103.220955	-141.2971
3750.000000	103.123108	-140.3793
3820.000000	102.987762	-138.7695
3870.000000	102.910187	-137.3148
3950.000000	102.890434	-134.6003
4000.000000	102.947861	-132.9549
4060.000000	103.070267	-131.1693
4120.000000	103.217041	-129.6731
4180.000000	103.372955	-128.3750
4250.000000	103.558212	-126.9944
4310.000000	103.724304	-125.8500
4370.000000	103.897873	-124.7229
4440.000000	104.120697	-123.3742
4500.000000	104.339920	-122.2153
4550.000000	104.547356	-121.2758
4620.000000	104.873528	-120.0413
4680.000000	105.190071	-119.1268
4750.000000	105.598755	-118.2267
4820.000000	106.050880	-117.5839
4870.000000	106.399063	-117.2802
4940.000000	106.929626	-117.1413
5000.000000	107.421967	-117.3418
5080.000000	108.130234	-118.2475
5150.000000	108.771797	-119.6637
5220.000000	109.455833	-121.7647
5300.000000	110.257614	-125.1830
5380.000000	111.064278	-130.2650
5450.000000	111.658310	-136.2495
5520.000000	112.063393	-143.4389
5600.000000	112.203285	-152.5232
5700.000000	111.846550	-163.6343
5800.000000	111.029709	-172.7917
5900.000000	109.980064	-179.3051
6000.000000	108.887634	176.5896
6080.000000	108.051956	174.6835
6150.000000	107.370087	173.7877
6220.000000	106.745689	173.4603
6300.000000	106.099777	173.6056
6400.000000	105.400543	174.4064
6500.000000	104.816414	175.7057
6600.000000	104.346153	177.3201
6700.000000	103.983673	179.1626
6800.000000	103.730164	-178.8842
6900.000000	103.582870	-176.8841
7000.000000	103.543480	-174.9489
7100.000000	103.618126	-173.1382
7200.000000	103.819595	-171.5889
7300.000000	104.146225	-170.4640
7400.000000	104.601288	-169.9854
7500.000000	105.196838	-170.3026
7620.000000	106.105705	-172.3665
7750.000000	107.279350	-177.8945
7880.000000	108.414673	171.3613
8000.000000	108.904106	156.1996
8120.000000	108.304024	139.1718
8250.000000	106.594528	124.4757
8380.000000	104.509651	115.6370
8500.000000	102.636398	111.2333
8620.000000	100.905144	109.1320
8750.000000	99.193230	108.5968
8850.000000	97.991486	109.1384
9000.000000	96.370735	110.9387
9120.000000	95.216362	113.0209
9250.000000	94.104691	115.6239
9380.000000	93.100502	118.4907
9500.000000	92.251259	121.3259
9620.000000	91.484489	124.2806
9750.000000	90.730515	127.5051
9880.000000	90.056358	130.7928
10000.000000	89.507294	133.9389
10150.000000	88.883476	137.8499
10300.000000	88.342155	141.6310
10440.000000	87.916191	145.1832
10600.000000	87.510239	149.0422
10750.000000	87.184677	152.6559
10900.000000	86.952560	155.9886
11060.000000	86.769699	159.5521
11200.000000	86.673576	162.3527
11380.000000	86.653984	165.7352
11500.000000	86.695229	167.9268
11720.000000	86.883507	171.1296
11800.000000	87.012177	172.2184
12060.000000	87.502403	175.0468
12200.000000	87.902939	176.1878
12410.000000	88.663239	177.0523
12500.000000	89.076309	177.1296
12650.000000	89.861656	176.5508
12800.000000	90.837372	175.1661
13150.000000	93.920433	166.2340
13200.000000	94.474876	163.8198
13400.000000	96.924561	148.5898
13600.000000	98.811035	120.0373
13800.000000	97.944313	85.0450
14000.000000	95.122063	61.9300
14300.000000	91.160843	46.7593
14500.000000	89.339546	43.3663
14750.000000	88.298401	41.1797
15000.000000	88.418915	35.9569
15250.000000	88.697525	24.3016
15500.000000	88.934143	11.1260
15750.000000	89.430115	-3.4638
16000.000000	90.314117	-20.9014
16250.000000	91.560654	-43.1317
16500.000000	93.070137	-73.6322
16750.000000	93.782288	-118.7272
17000.000000	91.065109	-166.9000
17250.000000	87.036636	162.3312
17500.000000	84.073273	142.2006
17750.000000	82.516495	122.4488
18000.000000	81.856812	96.9633
18250.000000	81.323830	64.8794
18500.000000	80.656937	27.3853
18750.000000	79.844177	-14.0178
19000.000000	79.189842	-60.1389
19250.000000	78.725037	-114.5286
19500.000000	78.162071	178.6924
19750.000000	76.867493	99.2677
