* Measurement data measured by REW V5.31.3
* Source: USB-C to 3.5mm Headphone Jack Adapter, USB-C to 3.5mm Headphone Jack Adapter, 0, volume: 0.138
* Format: 256k Log Swept Sine, 1 sweep at -12.0 dBFS with no timing reference
* Dated: Sep 16, 2025 6:55:49 PM
* REW Settings:
*  C-weighting compensation: Off
*  Target level: 75.0 dB
* Note: ; 
* Measurement: R
* Smoothing: None
* Frequency Step: 1/48 octave
* Start Frequency: 20.300 Hz
*
* Freq(Hz)	SPL(dB)	Phase(degrees)
20.299999	101.843	-168.4174
20.600000	101.844	-169.2541
20.900000	101.838	-170.0253
21.200001	101.830	-170.7967
21.400000	101.825	-171.3086
21.799999	101.816	-172.3160
22.000000	101.813	-172.8071
22.400000	101.807	-173.7591
22.700001	101.804	-174.4475
23.000000	101.800	-175.1199
23.299999	101.795	-175.7830
23.600000	101.789	-176.4429
24.000000	101.778	-177.3221
24.299999	101.768	-177.9792
24.700001	101.754	-178.8452
25.000000	101.743	-179.4819
25.400000	101.729	179.6902
25.799999	101.714	178.8878
26.200001	101.697	178.1098
26.500000	101.683	177.5403
26.900000	101.664	176.7930
27.200001	101.650	176.2333
27.600000	101.634	175.4726
28.000000	101.622	174.6836
28.500000	101.604	173.6681
29.000000	101.577	172.6855
29.500000	101.539	171.8178
30.000000	101.496	171.0941
30.400000	101.465	170.5801
30.700001	101.445	170.1960
31.100000	101.421	169.6495
31.500000	101.399	169.0512
32.000000	101.369	168.2623
32.500000	101.337	167.4846
33.000000	101.307	166.7469
33.500000	101.278	166.0370
34.000000	101.246	165.3422
34.500000	101.208	164.6691
35.000000	101.171	164.0168
35.500000	101.138	163.3567
36.000000	101.107	162.6667
36.500000	101.070	161.9750
37.000000	101.028	161.3392
37.500000	100.988	160.7729
38.200001	100.942	159.9865
38.700001	100.909	159.3756
39.500000	100.845	158.4324
40.000000	100.811	157.9089
40.599998	100.783	157.2418
41.200001	100.749	156.4670
41.799999	100.694	155.7080
42.500000	100.624	155.0216
43.099998	100.585	154.5137
43.700001	100.554	153.9236
44.400002	100.500	153.1711
45.000000	100.444	152.5826
45.500000	100.402	152.1195
46.200001	100.353	151.4322
46.799999	100.308	150.8261
47.500000	100.253	150.1868
48.200001	100.204	149.5858
48.700001	100.169	149.1292
49.400002	100.113	148.4783
50.000000	100.065	147.9671
50.799999	100.010	147.3311
51.500000	99.963	146.7604
52.200001	99.910	146.1958
53.000000	99.847	145.5605
53.799999	99.787	144.8962
54.500000	99.734	144.3286
55.200001	99.682	143.8117
56.000000	99.626	143.2522
57.000000	99.551	142.4931
58.000000	99.457	141.7376
59.000000	99.383	141.1525
60.000000	99.340	140.4301
60.799999	99.284	139.7949
61.500000	99.226	139.3384
62.200001	99.171	138.9114
63.000000	99.111	138.4120
64.000000	99.044	137.7937
65.000000	98.978	137.1310
66.000000	98.903	136.5394
67.000000	98.833	135.9880
68.000000	98.762	135.4208
69.000000	98.694	134.8545
70.000000	98.631	134.2884
71.000000	98.568	133.7112
72.000000	98.495	133.1659
73.000000	98.426	132.6694
74.000000	98.362	132.1375
75.000000	98.296	131.6203
76.199997	98.224	131.0283
77.500000	98.142	130.4029
78.800003	98.060	129.7789
80.000000	97.978	129.1947
81.199997	97.904	128.6100
82.500000	97.823	128.0450
83.800003	97.748	127.4809
85.000000	97.675	126.9695
86.199997	97.602	126.4551
87.500000	97.524	125.9184
88.500000	97.466	125.4917
90.000000	97.379	124.9024
91.199997	97.308	124.4154
92.500000	97.235	123.8913
93.800003	97.163	123.3760
95.000000	97.097	122.9441
96.199997	97.033	122.5065
97.500000	96.959	122.0376
98.800003	96.887	121.5714
100.000000	96.821	121.1554
101.500000	96.747	120.6503
103.000000	96.668	120.1304
104.400002	96.594	119.6539
106.000000	96.508	119.1514
107.500000	96.433	118.6583
109.000000	96.362	118.2057
110.599998	96.283	117.7144
112.000000	96.214	117.2881
113.800003	96.127	116.7412
115.000000	96.070	116.4130
117.199997	95.970	115.8022
118.000000	95.936	115.6113
120.599998	95.795	114.9196
122.000000	95.749	114.4600
124.099998	95.655	113.9706
125.000000	95.609	113.7279
126.500000	95.550	113.3837
128.000000	95.480	113.0894
131.500000	95.333	112.3322
132.000000	95.313	112.2541
134.000000	95.239	111.9296
136.000000	95.184	111.5875
138.000000	95.138	111.2057
140.000000	95.088	110.7015
143.000000	95.010	109.8903
145.000000	94.951	109.3757
147.500000	94.867	108.6949
150.000000	94.783	108.0825
152.500000	94.702	107.5086
155.000000	94.615	106.9449
157.500000	94.546	106.3973
160.000000	94.465	105.8891
162.500000	94.391	105.3380
165.000000	94.315	104.8486
167.500000	94.243	104.3354
170.000000	94.170	103.8496
172.500000	94.101	103.3723
175.000000	94.031	102.8931
177.500000	93.964	102.4689
180.000000	93.887	101.9820
182.500000	93.836	101.5409
185.000000	93.771	101.1148
187.500000	93.712	100.6805
190.000000	93.649	100.2808
192.500000	93.596	99.8742
195.000000	93.534	99.4813
197.500000	93.482	99.0617
200.000000	93.427	98.6778
203.000000	93.366	98.2154
206.000000	93.304	97.7627
209.000000	93.248	97.3137
212.000000	93.187	96.8578
214.000000	93.153	96.5662
218.000000	93.081	95.9919
220.000000	93.045	95.6946
224.000000	92.977	95.1466
227.000000	92.930	94.6948
230.000000	92.875	94.2891
233.000000	92.832	93.8979
236.000000	92.785	93.5011
240.000000	92.730	92.9770
243.000000	92.681	92.5443
247.000000	92.626	92.0438
250.000000	92.586	91.6499
254.000000	92.535	91.1627
258.000000	92.482	90.6781
262.000000	92.438	90.1918
265.000000	92.403	89.8430
269.000000	92.355	89.3723
272.000000	92.323	89.0204
276.000000	92.283	88.5392
280.000000	92.240	88.0954
285.000000	92.193	87.5196
290.000000	92.142	86.9937
295.000000	92.098	86.4444
300.000000	92.052	85.8840
304.000000	92.020	85.5153
307.000000	91.998	85.2218
311.000000	91.966	84.8232
315.000000	91.939	84.4279
320.000000	91.901	83.9437
325.000000	91.872	83.4662
330.000000	91.840	82.9933
335.000000	91.815	82.5372
340.000000	91.790	82.1027
345.000000	91.765	81.6381
350.000000	91.744	81.1658
355.000000	91.720	80.7175
360.000000	91.703	80.2647
365.000000	91.679	79.8497
370.000000	91.657	79.4079
375.000000	91.637	78.9655
382.000000	91.610	78.3855
387.000000	91.593	77.9893
395.000000	91.565	77.3593
400.000000	91.548	76.9795
406.000000	91.528	76.5031
412.000000	91.514	76.0956
418.000000	91.496	75.6808
425.000000	91.484	75.2092
431.000000	91.478	74.8326
437.000000	91.470	74.4281
444.000000	91.469	73.9544
450.000000	91.467	73.5476
455.000000	91.465	73.1719
462.000000	91.459	72.7328
468.000000	91.457	72.3207
475.000000	91.452	71.8000
482.000000	91.449	71.3391
487.000000	91.443	71.0039
494.000000	91.442	70.5484
500.000000	91.433	70.1553
508.000000	91.421	69.6670
515.000000	91.420	69.2301
522.000000	91.407	68.8198
530.000000	91.406	68.3726
538.000000	91.396	67.9232
545.000000	91.392	67.5430
552.000000	91.383	67.1664
560.000000	91.379	66.7762
570.000000	91.372	66.2499
580.000000	91.366	65.8087
590.000000	91.361	65.3537
600.000000	91.357	64.8975
608.000000	91.351	64.5321
615.000000	91.346	64.2773
622.000000	91.343	63.9718
630.000000	91.336	63.6913
640.000000	91.331	63.3249
650.000000	91.327	62.9392
660.000000	91.327	62.6104
670.000000	91.320	62.2388
680.000000	91.321	61.9853
690.000000	91.316	61.6547
700.000000	91.314	61.3818
710.000000	91.309	61.1456
720.000000	91.310	60.8802
730.000000	91.310	60.6796
740.000000	91.313	60.4598
750.000000	91.317	60.2668
762.000000	91.318	60.0163
775.000000	91.322	59.7856
788.000000	91.333	59.5948
800.000000	91.338	59.3854
812.000000	91.349	59.2640
825.000000	91.363	59.1281
838.000000	91.381	58.9832
850.000000	91.398	58.8847
862.000000	91.418	58.7574
875.000000	91.439	58.6717
885.000000	91.463	58.6128
900.000000	91.494	58.5224
912.000000	91.528	58.4393
925.000000	91.561	58.3578
938.000000	91.602	58.2548
950.000000	91.640	58.1776
962.000000	91.676	58.1080
975.000000	91.721	57.9767
988.000000	91.770	57.9033
1000.000000	91.816	57.8011
1015.000000	91.879	57.6579
1030.000000	91.942	57.5093
1044.000000	92.006	57.3401
1060.000000	92.077	57.1232
1075.000000	92.147	56.8828
1090.000000	92.218	56.6651
1106.000000	92.292	56.3531
1120.000000	92.362	56.0543
1138.000000	92.450	55.6457
1150.000000	92.500	55.3537
1172.000000	92.596	54.7666
1180.000000	92.636	54.5508
1206.000000	92.738	53.7830
1220.000000	92.796	53.3428
1241.000000	92.870	52.6928
1250.000000	92.898	52.3976
1265.000000	92.945	51.8969
1280.000000	92.991	51.3961
1315.000000	93.084	50.2473
1320.000000	93.098	50.0906
1340.000000	93.147	49.4088
1360.000000	93.190	48.7478
1380.000000	93.229	48.0836
1400.000000	93.269	47.4496
1430.000000	93.322	46.5577
1450.000000	93.361	45.9256
1475.000000	93.404	45.2073
1500.000000	93.449	44.4371
1525.000000	93.494	43.7451
1550.000000	93.546	43.0365
1575.000000	93.602	42.3653
1600.000000	93.663	41.6269
1625.000000	93.725	40.9259
1650.000000	93.798	40.1796
1675.000000	93.877	39.4309
1700.000000	93.963	38.6685
1725.000000	94.056	37.8288
1750.000000	94.156	36.9586
1775.000000	94.266	36.0259
1800.000000	94.381	35.0453
1825.000000	94.501	33.9897
1850.000000	94.628	32.8477
1875.000000	94.757	31.6154
1900.000000	94.896	30.2986
1925.000000	95.031	28.8891
1950.000000	95.168	27.3591
1975.000000	95.307	25.7029
2000.000000	95.439	23.9518
2030.000000	95.594	21.7001
2060.000000	95.732	19.2917
2090.000000	95.855	16.7953
2120.000000	95.958	14.1700
2140.000000	96.013	12.3883
2180.000000	96.093	8.7453
2200.000000	96.120	6.9653
2240.000000	96.144	3.3837
2270.000000	96.140	0.7855
2300.000000	96.123	-1.7075
2330.000000	96.097	-4.0997
2360.000000	96.073	-6.3947
2400.000000	96.041	-9.2992
2430.000000	96.020	-11.3707
2470.000000	96.008	-14.0320
2500.000000	96.007	-15.9659
2540.000000	96.024	-18.5353
2580.000000	96.055	-21.0415
2620.000000	96.101	-23.5836
2650.000000	96.147	-25.5001
2690.000000	96.209	-28.0936
2720.000000	96.258	-30.0735
2760.000000	96.325	-32.6995
2800.000000	96.394	-35.3463
2850.000000	96.475	-38.6537
2900.000000	96.547	-41.9294
2950.000000	96.612	-45.1348
3000.000000	96.671	-48.2423
3040.000000	96.712	-50.6540
3070.000000	96.737	-52.4307
3110.000000	96.770	-54.6699
3150.000000	96.795	-56.8771
3200.000000	96.825	-59.5056
3250.000000	96.838	-62.0239
3300.000000	96.849	-64.4727
3350.000000	96.844	-66.7489
3400.000000	96.828	-68.9525
3450.000000	96.795	-71.0162
3500.000000	96.746	-72.9844
3550.000000	96.677	-74.8063
3600.000000	96.590	-76.4474
3650.000000	96.480	-77.9146
3700.000000	96.349	-79.1577
3750.000000	96.209	-80.1048
3820.000000	96.005	-80.9980
3870.000000	95.860	-81.3160
3950.000000	95.660	-81.3398
4000.000000	95.559	-81.1410
4060.000000	95.456	-80.7654
4120.000000	95.365	-80.2521
4180.000000	95.283	-79.6161
4250.000000	95.201	-78.6097
4310.000000	95.149	-77.5767
4370.000000	95.129	-76.3401
4440.000000	95.157	-74.8281
4500.000000	95.212	-73.6000
4550.000000	95.279	-72.6519
4620.000000	95.383	-71.4870
4680.000000	95.471	-70.6116
4750.000000	95.559	-69.7010
4820.000000	95.640	-68.7612
4870.000000	95.692	-68.1028
4940.000000	95.749	-67.1696
5000.000000	95.782	-66.2791
5080.000000	95.825	-64.9838
5150.000000	95.865	-63.6578
5220.000000	95.934	-62.1279
5300.000000	96.046	-60.3461
5380.000000	96.205	-58.6070
5450.000000	96.373	-57.3095
5520.000000	96.539	-56.2610
5600.000000	96.730	-55.3002
5700.000000	96.929	-54.3931
5800.000000	97.095	-53.6325
5900.000000	97.198	-53.0641
6000.000000	97.245	-52.4764
6080.000000	97.228	-51.8936
6150.000000	97.195	-51.1831
6220.000000	97.144	-50.3278
6300.000000	97.091	-49.1570
6400.000000	97.023	-47.4723
6500.000000	96.951	-45.5169
6600.000000	96.897	-43.3718
6700.000000	96.857	-41.0917
6800.000000	96.840	-38.6750
6900.000000	96.838	-36.1050
7000.000000	96.862	-33.4500
7100.000000	96.920	-30.6915
7200.000000	97.020	-27.9011
7300.000000	97.185	-25.2169
7400.000000	97.392	-22.8750
7500.000000	97.634	-20.8468
7620.000000	97.952	-19.0818
7750.000000	98.292	-18.1286
7880.000000	98.565	-18.2940
8000.000000	98.675	-19.2458
8120.000000	98.620	-20.5516
8250.000000	98.377	-21.8807
8380.000000	97.990	-22.9071
8500.000000	97.500	-23.4894
8620.000000	96.906	-23.5938
8750.000000	96.151	-22.7904
8850.000000	95.528	-21.4536
9000.000000	94.597	-18.1268
9120.000000	93.915	-14.5916
9250.000000	93.276	-10.1045
9380.000000	92.745	-5.1390
9500.000000	92.365	-0.5172
9620.000000	92.076	3.9766
9750.000000	91.858	8.5994
9880.000000	91.712	12.8104
10000.000000	91.636	16.2624
10150.000000	91.577	19.8271
10300.000000	91.543	22.6036
10440.000000	91.489	24.3459
10600.000000	91.350	25.5490
10750.000000	91.105	26.4218
10900.000000	90.747	26.8638
11060.000000	90.238	27.6705
11200.000000	89.687	28.9830
11380.000000	88.974	31.7244
11500.000000	88.480	34.1400
11720.000000	87.683	40.3033
11800.000000	87.454	42.9337
12060.000000	86.954	51.8322
12200.000000	86.811	56.9565
12410.000000	86.810	65.0506
12500.000000	86.911	68.6038
12650.000000	87.228	74.0104
12800.000000	87.691	78.7843
13150.000000	89.131	85.8876
13200.000000	89.355	86.3640
13400.000000	90.215	87.1997
13600.000000	90.964	86.3419
13800.000000	91.603	84.2798
14000.000000	92.107	81.1091
14300.000000	92.664	75.1447
14500.000000	92.915	69.9147
14750.000000	93.046	62.1742
15000.000000	92.947	53.4391
15250.000000	92.667	44.4423
15500.000000	92.409	35.3004
15750.000000	92.298	24.4607
16000.000000	92.221	11.4309
16250.000000	92.214	-3.2607
16500.000000	92.471	-20.2584
16750.000000	93.148	-41.3680
17000.000000	94.179	-69.9669
17250.000000	94.729	-109.7128
17500.000000	93.378	-155.1540
17750.000000	90.566	165.8557
18000.000000	87.651	133.7682
18250.000000	84.987	106.0244
18500.000000	83.448	82.2972
18750.000000	82.197	47.6158
19000.000000	80.885	19.5698
19250.000000	82.693	-29.2147
19500.000000	81.493	-94.1280
19750.000000	79.527	-164.2458
