* Measurement data measured by REW V5.20
* Source: USB-C to 3.5mm Headphone Jack Adapter, USB-C to 3.5mm Headphone Jack Adapter, 0, volume: 0.138
* Format: 256k Log Swept Sine, 1 sweep at -12.0 dBFS with no timing reference
* Dated: Jun 13, 2024 1:49:40 PM
* REW Settings:
*  C-weighting compensation: Off
*  Target level: 75.0 dB
* Note: 
* Measurement: L
* Smoothing: None
* Frequency Step: 1/48 octave
* Start Frequency: 20.300 Hz
*
* Freq(Hz)	SPL(dB)	Phase(degrees)
20.299999	103.550323	-176.0661
20.600000	103.549995	-176.5888
20.900000	103.549469	-177.1198
21.200001	103.548538	-177.7220
21.400000	103.546371	-178.1602
21.799999	103.536057	-179.0749
22.000000	103.527931	-179.5246
22.400000	103.508385	179.6410
22.700001	103.494492	179.0971
23.000000	103.483627	178.6176
23.299999	103.476105	178.1799
23.600000	103.470177	177.7547
24.000000	103.459358	177.1669
24.299999	103.445633	176.6997
24.700001	103.418304	176.0510
25.000000	103.393356	175.5613
25.400000	103.359985	174.9232
25.799999	103.333008	174.3089
26.200001	103.315002	173.7129
26.500000	103.305847	173.2745
26.900000	103.295212	172.7053
27.200001	103.286011	172.2948
27.600000	103.270905	171.7721
28.000000	103.253716	171.2656
28.500000	103.231949	170.6132
29.000000	103.209740	169.9000
29.500000	103.184464	169.1418
30.000000	103.156036	168.4039
30.400000	103.133316	167.8611
30.700001	103.117226	167.4825
31.100000	103.096481	167.0028
31.500000	103.074265	166.5360
32.000000	103.041664	165.9644
32.500000	103.005768	165.4138
33.000000	102.973236	164.8796
33.500000	102.947601	164.3352
34.000000	102.924767	163.7633
34.500000	102.897865	163.1819
35.000000	102.864281	162.6273
35.500000	102.826965	162.1136
36.000000	102.789986	161.6196
36.500000	102.754402	161.1173
37.000000	102.719055	160.6017
37.500000	102.683762	160.0875
38.200001	102.637375	159.3912
38.700001	102.607269	158.9039
39.500000	102.558517	158.1285
40.000000	102.524269	157.6694
40.599998	102.481964	157.1787
41.200001	102.445786	156.7326
41.799999	102.416512	156.2478
42.500000	102.374390	155.5707
43.099998	102.320122	154.9895
43.700001	102.262222	154.5280
44.400002	102.218407	154.0715
45.000000	102.194771	153.5811
45.500000	102.164597	153.1011
46.200001	102.098709	152.5087
46.799999	102.044769	152.1636
47.500000	102.008209	151.7826
48.200001	101.979141	151.2566
48.700001	101.948006	150.8341
49.400002	101.893280	150.2813
50.000000	101.845673	149.8460
50.799999	101.786255	149.2996
51.500000	101.743073	148.8649
52.200001	101.709366	148.4198
53.000000	101.662872	147.8563
53.799999	101.598320	147.3415
54.500000	101.543030	146.9567
55.200001	101.495033	146.5675
56.000000	101.444412	146.1159
57.000000	101.388519	145.5224
58.000000	101.320068	144.8954
59.000000	101.256615	144.4369
60.000000	101.211205	143.8871
60.799999	101.152046	143.3799
61.500000	101.095512	142.9986
62.200001	101.047882	142.6134
63.000000	100.994987	142.1596
64.000000	100.931290	141.6664
65.000000	100.867729	141.1578
66.000000	100.797531	140.6791
67.000000	100.737473	140.2210
68.000000	100.676582	139.7429
69.000000	100.614883	139.2924
70.000000	100.556160	138.8448
71.000000	100.494545	138.4010
72.000000	100.430687	137.9724
73.000000	100.369560	137.5387
74.000000	100.310997	137.1135
75.000000	100.251564	136.7019
76.199997	100.178665	136.2635
77.500000	100.107941	135.7282
78.800003	100.024567	135.2219
80.000000	99.957726	134.7718
81.199997	99.887253	134.3455
82.500000	99.818848	133.8739
83.800003	99.744972	133.4178
85.000000	99.682358	133.0057
86.199997	99.614693	132.6104
87.500000	99.543884	132.1940
88.500000	99.489250	131.8599
90.000000	99.411270	131.3909
91.199997	99.350105	131.0064
92.500000	99.281364	130.6010
93.800003	99.214973	130.2218
95.000000	99.154732	129.8833
96.199997	99.095383	129.5203
97.500000	99.030533	129.1421
98.800003	98.968842	128.8095
100.000000	98.911598	128.4705
101.500000	98.838638	128.0523
103.000000	98.768204	127.6446
104.400002	98.704971	127.2849
106.000000	98.635437	126.8932
107.500000	98.561005	126.5004
109.000000	98.492493	126.1344
110.599998	98.425774	125.7567
112.000000	98.363869	125.4152
113.800003	98.286186	125.0326
115.000000	98.230743	124.7446
117.199997	98.143692	124.2877
118.000000	98.110245	124.0997
120.599998	98.007660	123.5377
122.000000	97.946533	123.2601
124.099998	97.864967	122.8333
125.000000	97.831375	122.6597
126.500000	97.769516	122.3251
128.000000	97.721420	122.0378
131.500000	97.592728	121.3644
132.000000	97.574966	121.2700
134.000000	97.504631	120.8857
136.000000	97.432480	120.5161
138.000000	97.364555	120.1483
140.000000	97.299683	119.8086
143.000000	97.196533	119.2719
145.000000	97.133316	118.9426
147.500000	97.054520	118.5190
150.000000	96.980606	118.1512
152.500000	96.893822	117.7094
155.000000	96.828911	117.3374
157.500000	96.757393	116.9554
160.000000	96.684509	116.5707
162.500000	96.608299	116.2519
165.000000	96.545654	115.8535
167.500000	96.481873	115.5305
170.000000	96.417732	115.1676
172.500000	96.355659	114.8290
175.000000	96.299469	114.4734
177.500000	96.239220	114.1369
180.000000	96.195061	113.7828
182.500000	96.125229	113.4815
185.000000	96.068756	113.1459
187.500000	96.011253	112.8268
190.000000	95.956757	112.5150
192.500000	95.901375	112.1949
195.000000	95.850731	111.9114
197.500000	95.795517	111.6269
200.000000	95.747650	111.3572
203.000000	95.690491	111.0329
206.000000	95.633316	110.7711
209.000000	95.585663	110.4760
212.000000	95.542313	110.2075
214.000000	95.520195	110.0289
218.000000	95.478363	109.5922
220.000000	95.453033	109.3318
224.000000	95.408226	108.8168
227.000000	95.367218	108.4012
230.000000	95.324600	108.0286
233.000000	95.281509	107.6781
236.000000	95.242294	107.3031
240.000000	95.195068	106.8192
243.000000	95.149651	106.5083
247.000000	95.099037	106.0509
250.000000	95.062355	105.7252
254.000000	95.016121	105.3236
258.000000	94.967628	104.8995
262.000000	94.922371	104.5036
265.000000	94.891716	104.1765
269.000000	94.849594	103.7655
272.000000	94.821259	103.4825
276.000000	94.780632	103.0931
280.000000	94.744507	102.7138
285.000000	94.699303	102.2191
290.000000	94.658318	101.7579
295.000000	94.616997	101.2810
300.000000	94.575615	100.8367
304.000000	94.547646	100.4400
307.000000	94.525154	100.1727
311.000000	94.498589	99.8091
315.000000	94.471863	99.4493
320.000000	94.440308	99.0013
325.000000	94.408264	98.5664
330.000000	94.379128	98.1237
335.000000	94.350479	97.7026
340.000000	94.322479	97.2723
345.000000	94.294174	96.8494
350.000000	94.274529	96.4406
355.000000	94.248466	96.0147
360.000000	94.223236	95.6157
365.000000	94.200089	95.2079
370.000000	94.176865	94.8052
375.000000	94.156898	94.4190
382.000000	94.125862	93.8693
387.000000	94.104408	93.4872
395.000000	94.078621	92.8994
400.000000	94.060631	92.5430
406.000000	94.039871	92.1259
412.000000	94.021378	91.7001
418.000000	94.003471	91.2656
425.000000	93.980042	90.7878
431.000000	93.958542	90.4084
437.000000	93.934937	90.0392
444.000000	93.914047	89.6325
450.000000	93.899956	89.3633
455.000000	93.894951	89.1538
462.000000	93.897942	88.8414
468.000000	93.915199	88.5486
475.000000	93.932175	88.0939
482.000000	93.950027	87.5471
487.000000	93.954437	87.1287
494.000000	93.948792	86.5462
500.000000	93.940346	86.0576
508.000000	93.924728	85.4689
515.000000	93.903244	84.9782
522.000000	93.887527	84.5065
530.000000	93.863609	84.0024
538.000000	93.841026	83.5114
545.000000	93.820755	83.1508
552.000000	93.803886	82.7480
560.000000	93.777786	82.3476
570.000000	93.750618	81.8256
580.000000	93.720581	81.3936
590.000000	93.693436	80.9409
600.000000	93.666740	80.5221
608.000000	93.643097	80.2358
615.000000	93.622208	79.9668
622.000000	93.607651	79.7321
630.000000	93.585609	79.4587
640.000000	93.562607	79.1668
650.000000	93.542282	78.9226
660.000000	93.514565	78.6400
670.000000	93.497307	78.4514
680.000000	93.475502	78.2351
690.000000	93.457947	78.0420
700.000000	93.443695	77.9102
710.000000	93.427658	77.7630
720.000000	93.417755	77.6270
730.000000	93.404587	77.5335
740.000000	93.393982	77.4402
750.000000	93.389915	77.3576
762.000000	93.382599	77.2898
775.000000	93.377541	77.2343
788.000000	93.384224	77.1899
800.000000	93.384369	77.1826
812.000000	93.389549	77.1845
825.000000	93.396889	77.1937
838.000000	93.410370	77.2477
850.000000	93.421921	77.2950
862.000000	93.440498	77.3476
875.000000	93.466095	77.4167
885.000000	93.486671	77.4842
900.000000	93.520683	77.6180
912.000000	93.555809	77.7104
925.000000	93.597061	77.8092
938.000000	93.640900	77.9142
950.000000	93.685867	77.9798
962.000000	93.731689	78.0763
975.000000	93.790443	78.1792
988.000000	93.852592	78.2112
1000.000000	93.913681	78.2570
1015.000000	93.991325	78.2696
1030.000000	94.076630	78.2893
1044.000000	94.155304	78.2493
1060.000000	94.248230	78.1784
1075.000000	94.341629	78.0712
1090.000000	94.437073	77.8909
1106.000000	94.535492	77.7164
1120.000000	94.623283	77.4997
1138.000000	94.733795	77.1606
1150.000000	94.809593	76.9288
1172.000000	94.933853	76.4143
1180.000000	94.980408	76.2346
1206.000000	95.122299	75.5226
1220.000000	95.195709	75.1176
1241.000000	95.297775	74.4556
1250.000000	95.343948	74.1670
1265.000000	95.414482	73.6731
1280.000000	95.475342	73.1791
1315.000000	95.609665	71.9721
1320.000000	95.627045	71.8038
1340.000000	95.696404	71.0891
1360.000000	95.759430	70.3587
1380.000000	95.820854	69.6387
1400.000000	95.879333	68.9126
1430.000000	95.956573	67.8167
1450.000000	96.007797	67.0858
1475.000000	96.064774	66.1593
1500.000000	96.123741	65.2298
1525.000000	96.176926	64.2881
1550.000000	96.230659	63.3234
1575.000000	96.285500	62.3383
1600.000000	96.332764	61.3343
1625.000000	96.385910	60.3098
1650.000000	96.432968	59.2384
1675.000000	96.478821	58.1492
1700.000000	96.520218	57.0092
1725.000000	96.564537	55.8557
1750.000000	96.605347	54.6419
1775.000000	96.641556	53.3933
1800.000000	96.673805	52.0855
1825.000000	96.700523	50.7862
1850.000000	96.723892	49.4088
1875.000000	96.739265	48.0177
1900.000000	96.751755	46.5954
1925.000000	96.755493	45.1540
1950.000000	96.752800	43.6645
1975.000000	96.748070	42.1701
2000.000000	96.734520	40.6865
2030.000000	96.711914	38.8529
2060.000000	96.673576	37.0650
2090.000000	96.630936	35.2493
2120.000000	96.578239	33.4763
2140.000000	96.537308	32.3145
2180.000000	96.453651	30.0011
2200.000000	96.407227	28.8781
2240.000000	96.310097	26.7016
2270.000000	96.234566	25.1573
2300.000000	96.157028	23.6371
2330.000000	96.081223	22.1948
2360.000000	96.009048	20.8147
2400.000000	95.914314	19.0786
2430.000000	95.851997	17.8579
2470.000000	95.780258	16.3174
2500.000000	95.736137	15.2109
2540.000000	95.690208	13.8130
2580.000000	95.663948	12.4863
2620.000000	95.653419	11.2695
2650.000000	95.665619	10.3806
2690.000000	95.697289	9.2030
2720.000000	95.735832	8.3533
2760.000000	95.810097	7.1903
2800.000000	95.903297	6.0515
2850.000000	96.050812	4.5681
2900.000000	96.231079	2.9485
2950.000000	96.437134	1.2106
3000.000000	96.663361	-0.7150
3040.000000	96.854172	-2.4434
3070.000000	96.999496	-3.8252
3110.000000	97.187271	-5.8371
3150.000000	97.368660	-8.0036
3200.000000	97.569443	-10.9509
3250.000000	97.729469	-14.1295
3300.000000	97.830818	-17.4410
3350.000000	97.864243	-20.8083
3400.000000	97.825562	-24.0667
3450.000000	97.720726	-27.0912
3500.000000	97.564270	-29.7786
3550.000000	97.359985	-32.0495
3600.000000	97.140953	-33.8643
3650.000000	96.910126	-35.2305
3700.000000	96.685905	-36.1533
3750.000000	96.477905	-36.7081
3820.000000	96.228500	-36.9344
3870.000000	96.080444	-36.7783
3950.000000	95.909767	-36.0862
4000.000000	95.848999	-35.4086
4060.000000	95.830940	-34.3888
4120.000000	95.871971	-33.2194
4180.000000	95.982368	-31.9763
4250.000000	96.209297	-30.5649
4310.000000	96.481598	-29.6401
4370.000000	96.814362	-29.0565
4440.000000	97.259560	-29.0250
4500.000000	97.642952	-29.5980
4550.000000	97.954018	-30.4840
4620.000000	98.345383	-32.2736
4680.000000	98.623947	-34.2006
4750.000000	98.862152	-36.7817
4820.000000	98.998001	-39.4938
4870.000000	99.036087	-41.4208
4940.000000	99.009766	-43.9807
5000.000000	98.925552	-45.9650
5080.000000	98.738068	-48.2122
5150.000000	98.516090	-49.7988
5220.000000	98.248398	-50.9366
5300.000000	97.906082	-51.6014
5380.000000	97.536545	-51.6052
5450.000000	97.214096	-50.9473
5520.000000	96.922691	-49.6970
5600.000000	96.635414	-47.6986
5700.000000	96.399246	-44.4843
5800.000000	96.310181	-40.8888
5900.000000	96.362549	-37.3384
6000.000000	96.514572	-34.0615
6080.000000	96.699051	-31.7960
6150.000000	96.877068	-30.0457
6220.000000	97.069397	-28.6014
6300.000000	97.289726	-27.2314
6400.000000	97.549652	-25.9786
6500.000000	97.760071	-25.1938
6600.000000	97.903641	-24.6793
6700.000000	97.970306	-24.3049
6800.000000	97.957626	-23.9050
6900.000000	97.872910	-23.2902
7000.000000	97.737671	-22.3937
7100.000000	97.567574	-21.0964
7200.000000	97.392036	-19.4222
7300.000000	97.232208	-17.5461
7400.000000	97.076271	-15.4666
7500.000000	96.931747	-13.2609
7620.000000	96.783226	-10.5400
7750.000000	96.652451	-7.5656
7880.000000	96.538956	-4.7399
8000.000000	96.443428	-2.2490
8120.000000	96.344330	0.0604
8250.000000	96.227272	2.4452
8380.000000	96.105400	4.7218
8500.000000	95.990250	6.6493
8620.000000	95.872719	8.3513
8750.000000	95.630524	10.1735
8850.000000	95.606674	12.2059
9000.000000	95.509430	13.4617
9120.000000	95.357117	14.3229
9250.000000	95.152451	15.1772
9380.000000	94.918167	16.0422
9500.000000	94.684875	16.8818
9620.000000	94.446037	17.6648
9750.000000	94.182297	18.6783
9880.000000	93.915337	19.6815
10000.000000	93.681747	20.7358
10150.000000	93.405838	22.0930
10300.000000	93.187660	23.5140
10440.000000	93.018105	24.9569
10600.000000	92.922501	26.2656
10750.000000	92.874695	27.1548
10900.000000	92.842346	27.4152
11060.000000	92.784019	27.1464
11200.000000	92.655457	26.4982
11380.000000	92.390602	25.5178
11500.000000	92.146751	25.0784
11720.000000	91.611237	24.7794
11800.000000	91.399887	24.9216
12060.000000	90.738564	25.9309
12200.000000	90.390488	26.7151
12410.000000	90.017487	28.5214
12500.000000	89.909218	28.7561
12650.000000	89.705162	28.6146
12800.000000	89.447632	28.0076
13150.000000	88.667168	24.9615
13200.000000	88.520294	24.2507
13400.000000	87.849098	21.2544
13600.000000	87.034073	17.6954
13800.000000	86.043030	13.5970
14000.000000	84.856995	9.5648
14300.000000	82.897148	3.5724
14500.000000	81.487663	-0.4197
14750.000000	79.772873	-5.2891
15000.000000	78.318619	-11.4698
15250.000000	77.017410	-17.0283
15500.000000	76.309570	-24.6041
15750.000000	76.117569	-34.5226
16000.000000	76.354858	-46.7338
16250.000000	77.136719	-59.5554
16500.000000	78.478622	-75.1595
16750.000000	80.576660	-96.5100
17000.000000	82.400658	-131.9764
17250.000000	81.231079	-175.6473
17500.000000	77.981674	154.6775
17750.000000	74.957985	134.3618
18000.000000	72.669930	117.3376
18250.000000	70.894768	100.4221
18500.000000	69.328384	80.0168
18750.000000	68.394775	57.4631
19000.000000	67.278656	29.7231
19250.000000	66.519012	-5.9455
19500.000000	65.691231	-48.5023
19750.000000	67.515991	-104.2129
