* Measurement data measured by REW V5.20
* Source: USB-C to 3.5mm Headphone Jack Adapter, USB-C to 3.5mm Headphone Jack Adapter, 0, volume: 0.138
* Format: 256k Log Swept Sine, 1 sweep at -12.0 dBFS with no timing reference
* Dated: Aug 19, 2024 5:22:44 PM
* REW Settings:
*  C-weighting compensation: Off
*  Target level: 75.0 dB
* Note: 
* Measurement: deep R
* Smoothing: None
* Frequency Step: 1/48 octave
* Start Frequency: 20.300 Hz
*
* Freq(Hz)	SPL(dB)	Phase(degrees)
20.299999	101.713966	-7.5351
20.600000	101.712059	-8.2904
20.900000	101.703430	-8.9782
21.200001	101.693771	-9.6672
21.400000	101.687912	-10.1298
21.799999	101.678001	-11.0611
22.000000	101.673691	-11.5269
22.400000	101.665100	-12.4496
22.700001	101.657394	-13.1249
23.000000	101.647934	-13.7808
23.299999	101.636490	-14.4160
23.600000	101.623367	-15.0325
24.000000	101.604294	-15.8338
24.299999	101.589676	-16.4277
24.700001	101.570572	-17.2215
25.000000	101.556473	-17.8225
25.400000	101.537323	-18.6302
25.799999	101.517006	-19.4348
26.200001	101.495499	-20.2229
26.500000	101.479126	-20.7987
26.900000	101.457825	-21.5489
27.200001	101.442398	-22.1035
27.600000	101.421844	-22.8394
28.000000	101.400192	-23.5706
28.500000	101.370903	-24.4656
29.000000	101.341179	-25.3285
29.500000	101.313202	-26.1732
30.000000	101.285324	-27.0286
30.400000	101.260315	-27.7252
30.700001	101.239120	-28.2470
31.100000	101.208603	-28.9283
31.500000	101.178223	-29.5852
32.000000	101.144165	-30.3821
32.500000	101.114090	-31.1766
33.000000	101.083183	-31.9763
33.500000	101.048233	-32.7627
34.000000	101.011002	-33.5194
34.500000	100.974976	-34.2551
35.000000	100.940857	-34.9920
35.500000	100.906609	-35.7375
36.000000	100.870621	-36.4805
36.500000	100.833389	-37.2108
37.000000	100.795738	-37.9319
37.500000	100.757126	-38.6483
38.200001	100.700790	-39.6249
38.700001	100.661613	-40.2874
39.500000	100.606903	-41.3185
40.000000	100.574562	-41.9837
40.599998	100.530357	-42.8026
41.200001	100.480530	-43.6023
41.799999	100.432297	-44.3697
42.500000	100.380730	-45.2686
43.099998	100.332932	-46.0469
43.700001	100.279785	-46.7830
44.400002	100.222778	-47.5813
45.000000	100.182487	-48.2845
45.500000	100.149101	-48.9069
46.200001	100.095627	-49.7766
46.799999	100.047867	-50.4736
47.500000	99.996086	-51.2664
48.200001	99.942810	-52.0753
48.700001	99.902313	-52.6330
49.400002	99.851913	-53.3646
50.000000	99.817131	-54.0164
50.799999	99.759438	-54.9786
51.500000	99.689163	-55.7620
52.200001	99.628540	-56.4371
53.000000	99.580521	-57.2958
53.799999	99.518372	-58.2127
54.500000	99.459908	-58.8812
55.200001	99.413422	-59.5525
56.000000	99.348480	-60.4356
57.000000	99.259659	-61.4647
58.000000	99.195267	-62.5284
59.000000	99.124290	-63.4834
60.000000	99.059273	-64.3342
60.799999	98.996017	-65.0129
61.500000	98.948578	-65.5958
62.200001	98.909012	-66.2856
63.000000	98.854324	-67.1173
64.000000	98.786896	-68.1257
65.000000	98.690979	-69.1145
66.000000	98.610321	-69.8015
67.000000	98.556915	-70.7400
68.000000	98.467300	-71.6030
69.000000	98.412773	-72.4010
70.000000	98.338722	-73.3786
71.000000	98.262444	-74.1727
72.000000	98.202248	-75.0330
73.000000	98.129143	-75.8714
74.000000	98.060059	-76.6727
75.000000	97.990997	-77.5078
76.199997	97.907639	-78.4696
77.500000	97.825211	-79.4759
78.800003	97.736542	-80.5142
80.000000	97.657684	-81.4439
81.199997	97.580353	-82.3772
82.500000	97.497475	-83.3784
83.800003	97.412842	-84.3550
85.000000	97.339294	-85.2471
86.199997	97.262779	-86.1391
87.500000	97.179192	-87.0862
88.500000	97.117432	-87.8127
90.000000	97.026291	-88.8992
91.199997	96.954056	-89.7304
92.500000	96.877090	-90.6605
93.800003	96.799637	-91.5816
95.000000	96.727768	-92.4087
96.199997	96.658859	-93.2271
97.500000	96.584831	-94.1090
98.800003	96.511002	-95.0155
100.000000	96.440781	-95.8166
101.500000	96.358551	-96.8023
103.000000	96.275002	-97.7756
104.400002	96.194664	-98.7207
106.000000	96.110565	-99.7442
107.500000	96.027725	-100.7115
109.000000	95.949493	-101.6681
110.599998	95.864777	-102.6650
112.000000	95.791817	-103.5363
113.800003	95.700829	-104.6634
115.000000	95.639130	-105.3837
117.199997	95.525116	-106.7305
118.000000	95.486221	-107.2196
120.599998	95.372375	-108.7277
122.000000	95.288132	-109.5435
124.099998	95.190094	-110.7797
125.000000	95.147003	-111.2851
126.500000	95.075378	-112.1211
128.000000	95.005997	-112.9623
131.500000	94.852226	-114.8329
132.000000	94.830956	-115.1031
134.000000	94.750336	-116.1101
136.000000	94.669785	-117.1465
138.000000	94.605888	-118.2006
140.000000	94.545044	-119.2986
143.000000	94.443413	-120.9590
145.000000	94.369896	-122.0846
147.500000	94.276794	-123.4331
150.000000	94.189781	-124.7492
152.500000	94.104126	-126.0350
155.000000	94.018364	-127.2492
157.500000	93.942451	-128.5115
160.000000	93.878174	-129.7155
162.500000	93.813484	-130.9599
165.000000	93.753151	-132.2450
167.500000	93.692650	-133.5466
170.000000	93.631325	-134.8707
172.500000	93.563805	-136.1731
175.000000	93.495438	-137.4832
177.500000	93.430145	-138.7296
180.000000	93.338799	-139.8988
182.500000	93.293686	-141.2193
185.000000	93.228737	-142.3732
187.500000	93.166145	-143.5588
190.000000	93.108139	-144.7135
192.500000	93.048599	-145.8750
195.000000	92.991531	-147.0268
197.500000	92.940002	-148.1551
200.000000	92.887367	-149.2735
203.000000	92.825508	-150.5929
206.000000	92.771049	-151.9142
209.000000	92.715485	-153.2280
212.000000	92.661903	-154.5054
214.000000	92.625298	-155.3581
218.000000	92.562408	-157.0513
220.000000	92.529854	-157.8729
224.000000	92.471283	-159.5334
227.000000	92.423813	-160.7430
230.000000	92.385895	-161.9673
233.000000	92.348419	-163.1330
236.000000	92.313202	-164.3480
240.000000	92.241463	-165.7646
243.000000	92.236443	-167.0324
247.000000	92.200203	-168.5634
250.000000	92.166977	-169.6982
254.000000	92.134453	-171.2296
258.000000	92.103012	-172.6851
262.000000	92.069298	-174.1597
265.000000	92.048721	-175.2478
269.000000	92.020676	-176.6779
272.000000	92.002884	-177.7232
276.000000	91.984818	-179.1273
280.000000	91.958801	179.5113
285.000000	91.934990	177.8275
290.000000	91.911766	176.1856
295.000000	91.898705	174.5709
300.000000	91.891151	172.7706
304.000000	91.873024	171.7228
307.000000	91.867645	170.7940
311.000000	91.860306	169.5715
315.000000	91.856972	168.3604
320.000000	91.847397	166.8848
325.000000	91.841949	165.4110
330.000000	91.841057	163.9955
335.000000	91.841400	162.5490
340.000000	91.842361	161.1930
345.000000	91.842773	159.8401
350.000000	91.848511	158.4735
355.000000	91.855164	157.1888
360.000000	91.863663	155.8505
365.000000	91.865013	154.6454
370.000000	91.868484	153.3972
375.000000	91.880325	152.1722
382.000000	91.890938	150.5040
387.000000	91.902992	149.3404
395.000000	91.918694	147.5330
400.000000	91.932587	146.4303
406.000000	91.943871	145.1421
412.000000	91.957245	143.8636
418.000000	91.972290	142.6913
425.000000	91.996147	141.2891
431.000000	92.013321	140.1407
437.000000	92.034821	139.0153
444.000000	92.069366	137.7469
450.000000	92.100693	136.6584
455.000000	92.124863	135.7575
462.000000	92.161331	134.4774
468.000000	92.192429	133.3399
475.000000	92.218361	132.0854
482.000000	92.246994	130.8809
487.000000	92.257637	130.0135
494.000000	92.279762	128.8592
500.000000	92.298042	127.8949
508.000000	92.319771	126.6484
515.000000	92.342285	125.5677
522.000000	92.362717	124.5487
530.000000	92.386673	123.4208
538.000000	92.411209	122.3227
545.000000	92.424553	121.3679
552.000000	92.452751	120.4417
560.000000	92.469070	119.4096
570.000000	92.496841	118.2099
580.000000	92.524384	116.9998
590.000000	92.550674	115.8546
600.000000	92.597237	114.7975
608.000000	92.598961	113.8684
615.000000	92.614311	113.1659
622.000000	92.634888	112.4576
630.000000	92.655289	111.6616
640.000000	92.674477	110.6975
650.000000	92.699753	109.7790
660.000000	92.735359	109.0956
670.000000	92.744583	108.0569
680.000000	92.766045	107.2209
690.000000	92.792191	106.4393
700.000000	92.815079	105.6836
710.000000	92.835693	104.9489
720.000000	92.857742	104.0983
730.000000	92.882431	103.5609
740.000000	92.904190	102.9167
750.000000	92.926292	102.3126
762.000000	92.958603	101.5963
775.000000	92.993927	100.8560
788.000000	93.022171	100.1404
800.000000	93.053329	99.5348
812.000000	93.085220	98.9711
825.000000	93.124870	98.3508
838.000000	93.165825	97.7652
850.000000	93.207504	97.2771
862.000000	93.245728	96.7880
875.000000	93.291985	96.2885
885.000000	93.331299	95.9057
900.000000	93.395508	95.4962
912.000000	93.441513	94.9444
925.000000	93.501862	94.4943
938.000000	93.562927	94.0272
950.000000	93.621445	93.6370
962.000000	93.681290	93.2140
975.000000	93.752434	92.7307
988.000000	93.822166	92.2659
1000.000000	93.890411	91.7952
1015.000000	93.971703	91.2140
1030.000000	94.057709	90.5927
1044.000000	94.132149	90.0213
1060.000000	94.221268	89.3589
1075.000000	94.298065	88.7005
1090.000000	94.381042	88.0630
1106.000000	94.465996	87.3498
1120.000000	94.539925	86.7464
1138.000000	94.641174	85.9373
1150.000000	94.707062	85.3472
1172.000000	94.826340	84.2607
1180.000000	94.867699	83.8512
1206.000000	95.007950	82.4305
1220.000000	95.080132	81.6137
1241.000000	95.174446	80.3793
1250.000000	95.212219	79.8237
1265.000000	95.273972	78.9177
1280.000000	95.328644	77.9807
1315.000000	95.436615	75.7406
1320.000000	95.451622	75.3609
1340.000000	95.498795	74.1320
1360.000000	95.538795	72.8563
1380.000000	95.560226	71.5870
1400.000000	95.593971	70.3058
1430.000000	95.618156	68.4709
1450.000000	95.628181	67.2722
1475.000000	95.638229	65.8081
1500.000000	95.642891	64.4189
1525.000000	95.653061	63.0162
1550.000000	95.662827	61.6751
1575.000000	95.678581	60.3438
1600.000000	95.695488	59.0146
1625.000000	95.723602	57.6768
1650.000000	95.752602	56.3191
1675.000000	95.790489	54.9388
1700.000000	95.833618	53.4900
1725.000000	95.877762	51.9722
1750.000000	95.920975	50.4042
1775.000000	95.968124	48.7730
1800.000000	96.014389	47.1094
1825.000000	96.053581	45.3534
1850.000000	96.090179	43.5411
1875.000000	96.124817	41.7144
1900.000000	96.156250	39.8551
1925.000000	96.182915	37.9584
1950.000000	96.206421	36.0685
1975.000000	96.228210	34.1424
2000.000000	96.254059	32.2313
2030.000000	96.276642	29.8938
2060.000000	96.300491	27.5453
2090.000000	96.327194	25.2028
2120.000000	96.358734	22.8644
2140.000000	96.378754	21.3063
2180.000000	96.418121	18.1644
2200.000000	96.448799	16.5910
2240.000000	96.501259	13.4246
2270.000000	96.549904	11.0413
2300.000000	96.603920	8.6372
2330.000000	96.656792	6.2345
2360.000000	96.719368	3.7929
2400.000000	96.799370	0.5215
2430.000000	96.864594	-1.9278
2470.000000	96.951950	-5.2634
2500.000000	97.013809	-7.7935
2540.000000	97.095497	-11.1796
2580.000000	97.171677	-14.6049
2620.000000	97.231735	-18.0668
2650.000000	97.264748	-20.6595
2690.000000	97.284241	-24.1047
2720.000000	97.281326	-26.6785
2760.000000	97.245354	-29.9728
2800.000000	97.174980	-33.0791
2850.000000	97.050789	-36.5493
2900.000000	96.912781	-39.4773
2950.000000	96.782219	-41.8898
3000.000000	96.686508	-43.8862
3040.000000	96.633881	-45.3137
3070.000000	96.607979	-46.2803
3110.000000	96.589684	-47.5847
3150.000000	96.579140	-48.8112
3200.000000	96.571152	-50.3160
3250.000000	96.569870	-51.7637
3300.000000	96.558998	-53.1279
3350.000000	96.547264	-54.3956
3400.000000	96.535431	-55.6111
3450.000000	96.515465	-56.7353
3500.000000	96.491074	-57.7844
3550.000000	96.451172	-58.7489
3600.000000	96.400558	-59.6055
3650.000000	96.334465	-60.3207
3700.000000	96.273109	-60.8269
3750.000000	96.209473	-61.1493
3820.000000	96.144119	-61.3404
3870.000000	96.114151	-61.3682
3950.000000	96.091591	-61.3105
4000.000000	96.086731	-61.2285
4060.000000	96.088425	-61.0702
4120.000000	96.099808	-60.8751
4180.000000	96.118607	-60.5784
4250.000000	96.159012	-60.1799
4310.000000	96.200012	-59.8341
4370.000000	96.257256	-59.4622
4440.000000	96.329933	-58.9653
4500.000000	96.398285	-58.5072
4550.000000	96.473862	-58.0585
4620.000000	96.595108	-57.4513
4680.000000	96.733963	-56.9257
4750.000000	96.921989	-56.4774
4820.000000	97.128708	-56.3053
4870.000000	97.282349	-56.3871
4940.000000	97.465057	-56.7976
5000.000000	97.586281	-57.2646
5080.000000	97.686035	-57.9342
5150.000000	97.724045	-58.3368
5220.000000	97.733978	-58.5132
5300.000000	97.729706	-58.3975
5380.000000	97.730011	-58.0055
5450.000000	97.738556	-57.4755
5520.000000	97.759216	-56.8446
5600.000000	97.795403	-55.9846
5700.000000	97.865875	-54.8541
5800.000000	97.948502	-53.7399
5900.000000	98.037674	-52.6824
6000.000000	98.119576	-51.7800
6080.000000	98.133072	-51.1240
6150.000000	98.127167	-50.1793
6220.000000	98.167099	-49.2297
6300.000000	98.205841	-48.4459
6400.000000	98.193291	-47.5548
6500.000000	98.106377	-46.5980
6600.000000	97.965981	-45.3433
6700.000000	97.782387	-43.7000
6800.000000	97.576538	-41.6077
6900.000000	97.363159	-39.0325
7000.000000	97.174614	-35.9618
7100.000000	97.016663	-32.4560
7200.000000	96.924149	-28.6547
7300.000000	96.916290	-24.7325
7400.000000	96.964996	-20.9541
7500.000000	97.049698	-17.4272
7620.000000	97.160858	-13.0964
7750.000000	97.425827	-8.0461
7880.000000	97.925339	-3.7264
8000.000000	98.539177	-1.4590
8120.000000	99.108971	-1.3620
8250.000000	99.527596	-2.8265
8380.000000	99.765182	-5.2265
8500.000000	99.821579	-8.5435
8620.000000	99.612511	-12.9647
8750.000000	98.937981	-18.0534
8850.000000	98.102890	-21.0524
9000.000000	96.530884	-22.7766
9120.000000	95.190178	-21.5017
9250.000000	93.814995	-17.8556
9380.000000	92.624924	-12.3922
9500.000000	91.715622	-6.2446
9620.000000	91.019096	0.4744
9750.000000	90.517990	8.0257
9880.000000	90.237938	15.3314
10000.000000	90.167679	21.7004
10150.000000	90.280716	28.5852
10300.000000	90.555420	34.3192
10440.000000	90.886162	38.4714
10600.000000	91.333557	42.1025
10750.000000	91.741692	44.5154
10900.000000	92.132133	46.2830
11060.000000	92.549500	47.5705
11200.000000	92.889694	48.1369
11380.000000	93.279800	48.2657
11500.000000	93.478279	48.1653
11720.000000	93.723595	48.0461
11800.000000	93.808990	48.1222
12060.000000	94.040161	48.4178
12200.000000	94.162964	48.6694
12410.000000	94.322311	48.9276
12500.000000	94.391754	49.0036
12650.000000	94.508919	49.1615
12800.000000	94.615723	49.0995
13150.000000	94.859314	48.2659
13200.000000	94.880707	48.0567
13400.000000	94.995216	46.8374
13600.000000	95.077309	45.1057
13800.000000	95.167686	42.7546
14000.000000	95.242943	39.4978
14300.000000	95.363632	32.5881
14500.000000	95.403847	25.9768
14750.000000	95.294510	14.9720
15000.000000	94.790306	1.5556
15250.000000	93.908180	-13.5227
15500.000000	92.672714	-28.5319
15750.000000	91.317551	-43.0549
16000.000000	90.064636	-57.2963
16250.000000	89.072403	-71.5363
16500.000000	88.446671	-85.9901
16750.000000	88.323662	-101.5140
17000.000000	88.767830	-118.7057
17250.000000	89.809387	-138.7659
17500.000000	91.571426	-165.0499
17750.000000	93.458641	155.8204
18000.000000	93.261887	102.6860
18250.000000	90.031517	56.0912
18500.000000	86.538223	24.9808
18750.000000	85.273857	0.1836
19000.000000	84.711639	-43.5928
19250.000000	83.709396	-91.9030
19500.000000	82.036140	-152.0063
19750.000000	79.795212	136.9293
