* Measurement data measured by REW V5.31.3
* Source: USB-C to 3.5mm Headphone Jack Adapter, USB-C to 3.5mm Headphone Jack Adapter, 0, volume: 0.138
* Format: 256k Log Swept Sine, 1 sweep at -12.0 dBFS with no timing reference
* Dated: Feb 22, 2025 8:51:19 PM
* REW Settings:
*  C-weighting compensation: Off
*  Target level: 75.0 dB
* Note: 
* Measurement: R
* Smoothing: None
* Frequency Step: 1/48 octave
* Start Frequency: 20.300 Hz
*
* Freq(Hz)	SPL(dB)	Phase(degrees)
20.299999	99.092	170.8728
20.600000	99.058	169.8327
20.900000	99.019	168.8941
21.200001	98.985	167.9603
21.400000	98.967	167.3326
21.799999	98.944	166.0574
22.000000	98.937	165.4137
22.400000	98.924	164.1406
22.700001	98.909	163.2329
23.000000	98.887	162.3898
23.299999	98.858	161.6165
23.600000	98.824	160.8957
24.000000	98.773	159.9492
24.299999	98.733	159.1948
24.700001	98.675	158.0836
25.000000	98.626	157.1862
25.400000	98.557	155.9785
25.799999	98.492	154.8655
26.200001	98.445	153.9073
26.500000	98.424	153.2721
26.900000	98.411	152.4585
27.200001	98.402	151.8224
27.600000	98.376	150.9071
28.000000	98.323	149.9383
28.500000	98.224	148.7376
29.000000	98.122	147.6057
29.500000	98.043	146.5095
30.000000	97.991	145.3981
30.400000	97.957	144.5116
30.700001	97.927	143.8738
31.100000	97.878	143.0863
31.500000	97.818	142.3749
32.000000	97.733	141.5524
32.500000	97.649	140.7354
33.000000	97.576	139.8651
33.500000	97.518	138.9194
34.000000	97.468	137.9171
34.500000	97.414	136.9169
35.000000	97.345	135.9976
35.500000	97.265	135.1973
36.000000	97.185	134.4700
36.500000	97.111	133.7225
37.000000	97.041	132.9020
37.500000	96.969	132.0399
38.200001	96.869	130.8959
38.700001	96.806	130.1511
39.500000	96.717	128.9717
40.000000	96.656	128.2096
40.599998	96.567	127.3262
41.200001	96.472	126.5248
41.799999	96.386	125.7597
42.500000	96.300	124.7968
43.099998	96.225	123.9206
43.700001	96.143	123.1148
44.400002	96.046	122.3414
45.000000	95.970	121.7276
45.500000	95.909	121.1627
46.200001	95.817	120.2714
46.799999	95.732	119.4915
47.500000	95.632	118.6798
48.200001	95.539	118.0143
48.700001	95.478	117.5717
49.400002	95.393	116.8615
50.000000	95.313	116.1541
50.799999	95.208	115.2105
51.500000	95.140	114.3936
52.200001	95.074	113.4984
53.000000	94.962	112.5227
53.799999	94.837	111.7841
54.500000	94.751	111.1987
55.200001	94.677	110.5477
56.000000	94.586	109.8166
57.000000	94.475	108.9804
58.000000	94.367	107.9673
59.000000	94.228	107.0143
60.000000	94.108	106.4048
60.799999	94.027	105.8475
61.500000	93.945	105.2770
62.200001	93.866	104.6785
63.000000	93.786	103.8842
64.000000	93.678	102.8971
65.000000	93.561	102.1943
66.000000	93.446	101.6860
67.000000	93.356	101.0052
68.000000	93.253	100.0120
69.000000	93.146	99.3291
70.000000	93.068	98.7571
71.000000	92.960	98.1082
72.000000	92.849	97.4659
73.000000	92.746	96.7641
74.000000	92.648	96.1356
75.000000	92.555	95.5417
76.199997	92.451	94.8702
77.500000	92.328	94.0221
78.800003	92.211	93.2869
80.000000	92.104	92.6076
81.199997	92.001	91.9550
82.500000	91.869	91.1674
83.800003	91.771	90.6342
85.000000	91.664	89.8852
86.199997	91.579	89.2773
87.500000	91.482	88.5800
88.500000	91.396	88.0086
90.000000	91.272	87.2477
91.199997	91.173	86.7693
92.500000	91.078	86.2998
93.800003	91.021	85.4651
95.000000	90.923	85.2215
96.199997	90.827	84.6693
97.500000	90.721	83.6992
98.800003	90.645	83.1663
100.000000	90.593	82.8635
101.500000	90.494	82.3395
103.000000	90.359	81.8910
104.400002	90.240	81.1500
106.000000	90.169	80.7156
107.500000	90.100	79.9554
109.000000	89.990	79.3933
110.599998	89.881	78.8437
112.000000	89.800	78.3905
113.800003	89.679	77.7997
115.000000	89.624	77.4304
117.199997	89.497	76.5951
118.000000	89.455	76.3407
120.599998	89.324	75.3447
122.000000	89.233	75.1624
124.099998	89.141	74.3408
125.000000	89.103	74.1467
126.500000	89.030	73.7183
128.000000	88.931	73.2391
131.500000	88.779	72.4106
132.000000	88.781	72.3576
134.000000	88.698	71.5182
136.000000	88.559	71.0795
138.000000	88.509	70.4437
140.000000	88.414	69.9545
143.000000	88.286	69.3267
145.000000	88.233	68.9151
147.500000	88.191	67.6633
150.000000	88.064	67.9218
152.500000	87.920	67.2536
155.000000	87.869	66.6426
157.500000	87.759	66.0102
160.000000	87.710	65.9145
162.500000	87.587	65.0687
165.000000	87.473	64.5152
167.500000	87.458	63.4223
170.000000	87.442	63.5756
172.500000	87.308	62.9770
175.000000	87.283	62.7196
177.500000	87.206	62.9196
180.000000	87.137	61.7295
182.500000	87.031	61.3622
185.000000	87.014	61.0775
187.500000	86.952	60.6963
190.000000	86.883	60.1331
192.500000	86.825	60.0044
195.000000	86.729	59.5641
197.500000	86.753	59.4954
200.000000	86.653	59.0156
203.000000	86.688	58.6074
206.000000	86.557	58.2523
209.000000	86.518	57.8730
212.000000	86.449	57.7824
214.000000	86.482	57.3737
218.000000	86.426	56.9215
220.000000	86.333	56.4479
224.000000	86.308	56.5832
227.000000	86.263	56.0196
230.000000	86.250	55.4818
233.000000	86.220	55.3182
236.000000	86.148	54.7395
240.000000	86.108	54.4580
243.000000	86.081	54.1484
247.000000	86.038	53.4690
250.000000	85.997	53.4357
254.000000	85.941	53.1492
258.000000	85.919	52.7076
262.000000	85.867	52.5323
265.000000	85.836	52.1191
269.000000	85.807	51.8304
272.000000	85.786	51.5550
276.000000	85.718	51.3243
280.000000	85.698	51.0402
285.000000	85.652	50.7782
290.000000	85.592	50.4760
295.000000	85.548	50.0515
300.000000	85.555	49.8432
304.000000	85.532	49.6101
307.000000	85.505	49.3664
311.000000	85.461	49.3200
315.000000	85.438	49.2870
320.000000	85.407	48.9621
325.000000	85.368	48.7521
330.000000	85.368	48.5101
335.000000	85.354	48.3623
340.000000	85.308	48.2326
345.000000	85.307	48.0735
350.000000	85.268	47.7691
355.000000	85.262	47.8738
360.000000	85.243	47.6675
365.000000	85.224	47.5826
370.000000	85.192	47.5850
375.000000	85.198	47.4158
382.000000	85.204	47.3667
387.000000	85.198	47.4358
395.000000	85.184	47.1932
400.000000	85.184	47.2309
406.000000	85.171	47.0133
412.000000	85.178	47.0116
418.000000	85.158	46.9670
425.000000	85.167	46.9547
431.000000	85.150	46.9450
437.000000	85.153	46.8882
444.000000	85.160	46.8659
450.000000	85.160	46.8427
455.000000	85.148	46.9342
462.000000	85.164	46.8727
468.000000	85.166	46.9391
475.000000	85.156	47.0354
482.000000	85.168	47.0753
487.000000	85.170	47.0959
494.000000	85.194	47.1761
500.000000	85.187	47.2393
508.000000	85.197	47.3333
515.000000	85.212	47.4627
522.000000	85.233	47.4811
530.000000	85.246	47.6346
538.000000	85.270	47.7497
545.000000	85.286	47.9048
552.000000	85.309	48.0542
560.000000	85.323	48.2148
570.000000	85.370	48.3656
580.000000	85.390	48.6392
590.000000	85.420	48.7980
600.000000	85.461	49.0646
608.000000	85.490	49.1723
615.000000	85.513	49.3356
622.000000	85.538	49.5480
630.000000	85.582	49.7151
640.000000	85.622	49.9159
650.000000	85.670	50.2555
660.000000	85.731	50.4207
670.000000	85.782	50.6778
680.000000	85.837	50.9111
690.000000	85.884	51.1986
700.000000	85.937	51.3869
710.000000	85.995	51.6740
720.000000	86.056	51.9424
730.000000	86.110	52.1801
740.000000	86.184	52.4098
750.000000	86.234	52.6746
762.000000	86.316	52.9771
775.000000	86.398	53.2046
788.000000	86.487	53.6041
800.000000	86.578	53.8222
812.000000	86.646	54.0647
825.000000	86.743	54.4155
838.000000	86.837	54.6957
850.000000	86.917	55.0465
862.000000	87.013	55.2141
875.000000	87.104	55.4895
885.000000	87.181	55.7289
900.000000	87.286	56.1466
912.000000	87.397	56.4358
925.000000	87.525	56.6599
938.000000	87.642	56.9483
950.000000	87.742	57.1787
962.000000	87.855	57.3427
975.000000	87.995	57.5343
988.000000	88.110	57.7788
1000.000000	88.259	58.1650
1015.000000	88.393	58.1237
1030.000000	88.555	58.2211
1044.000000	88.706	58.2670
1060.000000	88.879	58.3149
1075.000000	89.044	58.2338
1090.000000	89.209	58.1193
1106.000000	89.388	57.9516
1120.000000	89.535	57.8121
1138.000000	89.711	57.4360
1150.000000	89.832	57.2335
1172.000000	90.041	56.6908
1180.000000	90.116	56.4714
1206.000000	90.343	55.7865
1220.000000	90.458	55.3760
1241.000000	90.628	54.7349
1250.000000	90.686	54.4792
1265.000000	90.804	53.9744
1280.000000	90.905	53.4944
1315.000000	91.134	52.3409
1320.000000	91.166	52.1924
1340.000000	91.281	51.5312
1360.000000	91.394	50.8708
1380.000000	91.499	50.2035
1400.000000	91.588	49.5285
1430.000000	91.733	48.6008
1450.000000	91.819	48.0100
1475.000000	91.922	47.1320
1500.000000	92.026	46.3952
1525.000000	92.106	45.5583
1550.000000	92.187	44.7696
1575.000000	92.259	44.0322
1600.000000	92.336	43.2320
1625.000000	92.392	42.4798
1650.000000	92.452	41.6115
1675.000000	92.507	40.9346
1700.000000	92.546	40.2294
1725.000000	92.587	39.4165
1750.000000	92.622	38.6704
1775.000000	92.647	38.0288
1800.000000	92.659	37.2970
1825.000000	92.676	36.6680
1850.000000	92.680	36.0027
1875.000000	92.677	35.4652
1900.000000	92.674	34.8463
1925.000000	92.661	34.3959
1950.000000	92.649	33.9243
1975.000000	92.642	33.4967
2000.000000	92.640	33.0573
2030.000000	92.608	32.7921
2060.000000	92.597	32.4688
2090.000000	92.590	32.1308
2120.000000	92.581	31.8046
2140.000000	92.572	31.6160
2180.000000	92.542	31.3079
2200.000000	92.530	31.2034
2240.000000	92.505	31.0060
2270.000000	92.492	31.0045
2300.000000	92.491	31.0440
2330.000000	92.488	31.0182
2360.000000	92.497	31.0256
2400.000000	92.518	31.1258
2430.000000	92.546	31.2033
2470.000000	92.589	31.2947
2500.000000	92.625	31.4424
2540.000000	92.698	31.3976
2580.000000	92.778	31.3849
2620.000000	92.872	31.2424
2650.000000	92.950	31.0402
2690.000000	93.034	30.6994
2720.000000	93.095	30.3796
2760.000000	93.171	29.9134
2800.000000	93.238	29.3928
2850.000000	93.315	28.7440
2900.000000	93.385	28.0769
2950.000000	93.441	27.4476
3000.000000	93.525	27.0326
3040.000000	93.596	26.3540
3070.000000	93.654	25.8519
3110.000000	93.736	25.1137
3150.000000	93.817	24.2571
3200.000000	93.888	23.0201
3250.000000	93.925	21.7346
3300.000000	93.937	20.4778
3350.000000	93.944	19.2472
3400.000000	93.945	18.0984
3450.000000	93.931	16.9396
3500.000000	93.904	15.8375
3550.000000	93.891	14.6918
3600.000000	93.855	13.5708
3650.000000	93.815	12.3918
3700.000000	93.765	11.3114
3750.000000	93.700	10.1869
3820.000000	93.601	8.7264
3870.000000	93.520	7.7369
3950.000000	93.384	6.2733
4000.000000	93.273	5.0415
4060.000000	93.225	4.5226
4120.000000	93.155	3.3744
4180.000000	93.090	2.0761
4250.000000	92.986	0.4215
4310.000000	92.850	-1.3174
4370.000000	92.670	-2.9841
4440.000000	92.404	-4.8894
4500.000000	92.106	-6.3695
4550.000000	91.840	-7.4320
4620.000000	91.421	-8.4144
4680.000000	91.045	-8.7998
4750.000000	90.636	-8.6628
4820.000000	90.274	-8.2693
4870.000000	90.044	-7.8660
4940.000000	89.768	-7.2612
5000.000000	89.553	-6.8756
5080.000000	89.284	-6.3291
5150.000000	89.050	-5.9503
5220.000000	88.800	-5.6376
5300.000000	88.480	-5.1982
5380.000000	88.149	-4.6367
5450.000000	87.836	-3.9524
5520.000000	87.524	-2.9727
5600.000000	87.173	-1.5898
5700.000000	86.790	0.4961
5800.000000	86.427	3.0642
5900.000000	86.142	5.6947
6000.000000	85.730	8.0575
6080.000000	85.683	10.7767
6150.000000	85.540	12.9823
6220.000000	85.433	15.2057
6300.000000	85.332	17.8088
6400.000000	85.247	21.0505
6500.000000	85.233	24.5620
6600.000000	85.240	28.0221
6700.000000	85.332	31.3266
6800.000000	85.471	34.6972
6900.000000	85.700	38.0432
7000.000000	85.901	41.2917
7100.000000	86.401	45.1164
7200.000000	86.999	47.2547
7300.000000	87.511	49.0468
7400.000000	88.200	50.9034
7500.000000	89.093	51.4198
7620.000000	90.231	49.5711
7750.000000	91.376	44.5216
7880.000000	92.295	36.1645
8000.000000	92.698	25.6691
8120.000000	92.458	15.3744
8250.000000	91.641	5.7194
8380.000000	90.507	-1.1621
8500.000000	89.410	-5.0997
8620.000000	88.337	-7.4598
8750.000000	87.259	-8.3968
8850.000000	86.484	-8.3180
9000.000000	85.516	-7.1396
9120.000000	84.944	-6.0782
9250.000000	84.433	-4.5874
9380.000000	84.055	-2.8992
9500.000000	83.835	-1.7624
9620.000000	83.729	-0.7567
9750.000000	83.745	-0.3221
9880.000000	83.884	-0.8201
10000.000000	84.015	-3.3001
10150.000000	84.370	-5.9113
10300.000000	84.587	-12.1190
10440.000000	84.417	-20.3497
10600.000000	83.436	-29.5146
10750.000000	81.936	-33.3486
10900.000000	80.851	-32.1454
11060.000000	80.282	-30.5844
11200.000000	79.960	-30.9660
11380.000000	79.501	-32.1587
11500.000000	79.171	-32.6701
11720.000000	78.464	-33.9221
11800.000000	78.209	-33.8576
12060.000000	77.407	-33.6060
12200.000000	76.969	-33.0097
12410.000000	76.495	-31.4508
12500.000000	76.283	-30.9870
12650.000000	76.051	-29.9699
12800.000000	75.825	-28.7806
13150.000000	75.588	-25.2831
13200.000000	75.624	-25.4543
13400.000000	75.602	-23.9882
13600.000000	75.694	-23.2901
13800.000000	75.898	-23.3942
14000.000000	76.285	-24.2255
14300.000000	77.152	-27.0107
14500.000000	77.983	-30.9967
14750.000000	79.362	-39.1457
15000.000000	81.249	-53.7790
15250.000000	83.402	-80.2108
15500.000000	84.012	-124.1967
15750.000000	81.232	-171.1166
16000.000000	77.152	152.4348
16250.000000	72.614	117.4261
16500.000000	67.260	85.0391
16750.000000	60.460	62.9041
17000.000000	56.201	70.3549
17250.000000	58.952	75.7836
17500.000000	61.374	52.9124
17750.000000	63.914	23.6748
18000.000000	67.040	-11.8051
18250.000000	68.687	-46.3511
18500.000000	70.715	-91.6048
18750.000000	71.663	-146.9192
19000.000000	70.893	153.1223
19250.000000	69.593	92.0139
19500.000000	67.766	28.2625
19750.000000	65.813	-43.4825
