* Measurement data measured by REW V5.31.3
* Source: USB-C to 3.5mm Headphone Jack Adapter, USB-C to 3.5mm Headphone Jack Adapter, 0, volume: 0.138
* Format: 256k Log Swept Sine, 1 sweep at -12.0 dBFS with no timing reference
* Dated: Aug 15, 2025 10:19:35 PM
* REW Settings:
*  C-weighting compensation: Off
*  Target level: 75.0 dB
* Note: ; 
* Measurement: L
* Smoothing: None
* Frequency Step: 1/48 octave
* Start Frequency: 20.300 Hz
*
* Freq(Hz)	SPL(dB)	Phase(degrees)
20.299999	103.368	-154.5658
20.600000	103.384	-155.3113
20.900000	103.395	-155.9832
21.200001	103.405	-156.6591
21.400000	103.412	-157.1174
21.799999	103.425	-158.0490
22.000000	103.431	-158.5165
22.400000	103.440	-159.4377
22.700001	103.444	-160.1021
23.000000	103.447	-160.7391
23.299999	103.449	-161.3516
23.600000	103.452	-161.9472
24.000000	103.455	-162.7308
24.299999	103.458	-163.3184
24.700001	103.461	-164.1054
25.000000	103.462	-164.6950
25.400000	103.460	-165.4712
25.799999	103.455	-166.2206
26.200001	103.447	-166.9270
26.500000	103.441	-167.4238
26.900000	103.435	-168.0511
27.200001	103.434	-168.5105
27.600000	103.437	-169.1397
28.000000	103.441	-169.8105
28.500000	103.439	-170.6968
29.000000	103.423	-171.5563
29.500000	103.398	-172.3088
30.000000	103.376	-172.9543
30.400000	103.363	-173.4441
30.700001	103.356	-173.8242
31.100000	103.345	-174.3602
31.500000	103.330	-174.9158
32.000000	103.305	-175.5978
32.500000	103.282	-176.2425
33.000000	103.263	-176.8652
33.500000	103.246	-177.4866
34.000000	103.226	-178.1036
34.500000	103.203	-178.7001
35.000000	103.177	-179.2723
35.500000	103.152	-179.8312
36.000000	103.127	179.6144
36.500000	103.102	179.0664
37.000000	103.076	178.5316
37.500000	103.050	178.0121
38.200001	103.014	177.3020
38.700001	102.988	176.7984
39.500000	102.944	175.9988
40.000000	102.915	175.5195
40.599998	102.879	174.9816
41.200001	102.844	174.4720
41.799999	102.811	173.9619
42.500000	102.770	173.3541
43.099998	102.732	172.8450
43.700001	102.693	172.3651
44.400002	102.650	171.8299
45.000000	102.615	171.3701
45.500000	102.583	170.9823
46.200001	102.537	170.4468
46.799999	102.497	170.0045
47.500000	102.453	169.5022
48.200001	102.409	169.0143
48.700001	102.377	168.6823
49.400002	102.333	168.2378
50.000000	102.296	167.8602
50.799999	102.244	167.3513
51.500000	102.197	166.9114
52.200001	102.150	166.4905
53.000000	102.099	166.0386
53.799999	102.049	165.5916
54.500000	102.001	165.1987
55.200001	101.952	164.8295
56.000000	101.901	164.4192
57.000000	101.837	163.9031
58.000000	101.772	163.4345
59.000000	101.703	162.8868
60.000000	101.621	162.4085
60.799999	101.574	162.1302
61.500000	101.540	161.8506
62.200001	101.497	161.5562
63.000000	101.442	161.2478
64.000000	101.377	160.8383
65.000000	101.314	160.4407
66.000000	101.252	160.0688
67.000000	101.184	159.7054
68.000000	101.118	159.3805
69.000000	101.057	159.0496
70.000000	100.995	158.7318
71.000000	100.932	158.4259
72.000000	100.867	158.1168
73.000000	100.804	157.8347
74.000000	100.745	157.5606
75.000000	100.683	157.2852
76.199997	100.607	156.9690
77.500000	100.530	156.6689
78.800003	100.457	156.3388
80.000000	100.380	156.0760
81.199997	100.311	155.8178
82.500000	100.234	155.5410
83.800003	100.158	155.2914
85.000000	100.088	155.0603
86.199997	100.018	154.8394
87.500000	99.946	154.6055
88.500000	99.890	154.4542
90.000000	99.807	154.2373
91.199997	99.738	154.0497
92.500000	99.670	153.8598
93.800003	99.600	153.6790
95.000000	99.535	153.5180
96.199997	99.470	153.3846
97.500000	99.400	153.2060
98.800003	99.331	153.0672
100.000000	99.273	152.9446
101.500000	99.195	152.8089
103.000000	99.117	152.6584
104.400002	99.050	152.5466
106.000000	98.970	152.4171
107.500000	98.895	152.2997
109.000000	98.823	152.2016
110.599998	98.746	152.1118
112.000000	98.681	152.0120
113.800003	98.600	151.9402
115.000000	98.539	151.8742
117.199997	98.442	151.7828
118.000000	98.404	151.8203
120.599998	98.251	151.6013
122.000000	98.240	151.5895
124.099998	98.138	151.5717
125.000000	98.100	151.5277
126.500000	98.042	151.5248
128.000000	97.973	151.5047
131.500000	97.833	151.4681
132.000000	97.813	151.4632
134.000000	97.734	151.4683
136.000000	97.655	151.4767
138.000000	97.576	151.4902
140.000000	97.500	151.4916
143.000000	97.390	151.5357
145.000000	97.314	151.5715
147.500000	97.229	151.6382
150.000000	97.138	151.6785
152.500000	97.055	151.7778
155.000000	96.971	151.8329
157.500000	96.888	151.9210
160.000000	96.801	151.9944
162.500000	96.724	152.0760
165.000000	96.649	152.1880
167.500000	96.573	152.3040
170.000000	96.497	152.4139
172.500000	96.418	152.5247
175.000000	96.343	152.6818
177.500000	96.280	152.7747
180.000000	96.162	153.2690
182.500000	96.127	153.0013
185.000000	96.063	153.1853
187.500000	95.998	153.3379
190.000000	95.932	153.5093
192.500000	95.862	153.6415
195.000000	95.796	153.8233
197.500000	95.732	153.9656
200.000000	95.671	154.1223
203.000000	95.599	154.3324
206.000000	95.522	154.5604
209.000000	95.448	154.8038
212.000000	95.377	155.0347
214.000000	95.331	155.1937
218.000000	95.240	155.5312
220.000000	95.190	155.7554
224.000000	95.106	156.1470
227.000000	95.041	156.4612
230.000000	94.988	156.8480
233.000000	94.942	157.2794
236.000000	94.902	157.6277
240.000000	94.898	157.8752
243.000000	94.869	158.2706
247.000000	94.836	158.3906
250.000000	94.800	158.4301
254.000000	94.742	158.5597
258.000000	94.671	158.7239
262.000000	94.606	158.9001
265.000000	94.555	159.0923
269.000000	94.491	159.3278
272.000000	94.442	159.5272
276.000000	94.381	159.7864
280.000000	94.321	160.0772
285.000000	94.246	160.4546
290.000000	94.177	160.7928
295.000000	94.109	161.1612
300.000000	94.035	161.5501
304.000000	93.995	161.8479
307.000000	93.956	162.0479
311.000000	93.905	162.3444
315.000000	93.860	162.6511
320.000000	93.803	163.0163
325.000000	93.747	163.4057
330.000000	93.695	163.7627
335.000000	93.642	164.1605
340.000000	93.586	164.5350
345.000000	93.537	164.9035
350.000000	93.491	165.2635
355.000000	93.439	165.6554
360.000000	93.395	165.9823
365.000000	93.352	166.4139
370.000000	93.308	166.7793
375.000000	93.264	167.1613
382.000000	93.206	167.6911
387.000000	93.167	168.0792
395.000000	93.106	168.6834
400.000000	93.070	169.0611
406.000000	93.027	169.5143
412.000000	92.983	169.9718
418.000000	92.950	170.4500
425.000000	92.907	170.9089
431.000000	92.873	171.3410
437.000000	92.837	171.7733
444.000000	92.796	172.2714
450.000000	92.761	172.6641
455.000000	92.734	173.0251
462.000000	92.692	173.4896
468.000000	92.665	173.9135
475.000000	92.626	174.3863
482.000000	92.584	174.9382
487.000000	92.560	175.2531
494.000000	92.528	175.7383
500.000000	92.495	176.1646
508.000000	92.461	176.7110
515.000000	92.428	177.2141
522.000000	92.394	177.7062
530.000000	92.357	178.3136
538.000000	92.321	178.8970
545.000000	92.296	179.3979
552.000000	92.270	179.9137
560.000000	92.246	-179.4655
570.000000	92.212	-178.7486
580.000000	92.183	-178.0230
590.000000	92.163	-177.2910
600.000000	92.114	-176.7319
608.000000	92.122	-175.9958
615.000000	92.105	-175.5031
622.000000	92.092	-174.9939
630.000000	92.074	-174.4500
640.000000	92.055	-173.7363
650.000000	92.033	-173.0363
660.000000	92.006	-172.3026
670.000000	91.991	-171.5621
680.000000	91.973	-170.8192
690.000000	91.960	-170.0416
700.000000	91.943	-169.2633
710.000000	91.938	-168.4727
720.000000	91.925	-167.7702
730.000000	91.930	-166.7936
740.000000	91.931	-165.9612
750.000000	91.938	-165.0867
762.000000	91.952	-164.0344
775.000000	91.988	-162.8969
788.000000	92.030	-161.7626
800.000000	92.082	-160.7122
812.000000	92.145	-159.7430
825.000000	92.225	-158.7432
838.000000	92.312	-157.8398
850.000000	92.396	-157.0915
862.000000	92.480	-156.3907
875.000000	92.569	-155.7334
885.000000	92.633	-155.2570
900.000000	92.711	-154.6813
912.000000	92.790	-154.0749
925.000000	92.857	-153.5262
938.000000	92.922	-153.0006
950.000000	92.978	-152.4405
962.000000	93.037	-151.9385
975.000000	93.104	-151.3826
988.000000	93.169	-150.8088
1000.000000	93.232	-150.2923
1015.000000	93.314	-149.6394
1030.000000	93.400	-148.9976
1044.000000	93.481	-148.4459
1060.000000	93.583	-147.8375
1075.000000	93.675	-147.2864
1090.000000	93.775	-146.7574
1106.000000	93.879	-146.2482
1120.000000	93.972	-145.8176
1138.000000	94.089	-145.3502
1150.000000	94.170	-145.0287
1172.000000	94.315	-144.5377
1180.000000	94.370	-144.3832
1206.000000	94.533	-143.8944
1220.000000	94.619	-143.6732
1241.000000	94.746	-143.3870
1250.000000	94.797	-143.2750
1265.000000	94.884	-143.0895
1280.000000	94.973	-142.9179
1315.000000	95.175	-142.8238
1320.000000	95.197	-142.8735
1340.000000	95.259	-142.8494
1360.000000	95.317	-142.6361
1380.000000	95.386	-142.3865
1400.000000	95.460	-142.0939
1430.000000	95.585	-141.7444
1450.000000	95.662	-141.5355
1475.000000	95.757	-141.3193
1500.000000	95.846	-141.0205
1525.000000	95.941	-140.8382
1550.000000	96.031	-140.6359
1575.000000	96.117	-140.4237
1600.000000	96.207	-140.1604
1625.000000	96.294	-139.9367
1650.000000	96.378	-139.7023
1675.000000	96.467	-139.4911
1700.000000	96.553	-139.2542
1725.000000	96.642	-139.0611
1750.000000	96.728	-138.8499
1775.000000	96.819	-138.6698
1800.000000	96.906	-138.4516
1825.000000	96.998	-138.2704
1850.000000	97.088	-138.0989
1875.000000	97.176	-137.9444
1900.000000	97.266	-137.7752
1925.000000	97.359	-137.6440
1950.000000	97.450	-137.5323
1975.000000	97.544	-137.4207
2000.000000	97.637	-137.3113
2030.000000	97.744	-137.2163
2060.000000	97.859	-137.1425
2090.000000	97.968	-137.0984
2120.000000	98.082	-137.0709
2140.000000	98.152	-137.0416
2180.000000	98.300	-137.0694
2200.000000	98.373	-137.0759
2240.000000	98.519	-137.1416
2270.000000	98.625	-137.2309
2300.000000	98.733	-137.3214
2330.000000	98.839	-137.4482
2360.000000	98.944	-137.5927
2400.000000	99.081	-137.8085
2430.000000	99.183	-138.0015
2470.000000	99.317	-138.3181
2500.000000	99.416	-138.5423
2540.000000	99.541	-138.9016
2580.000000	99.667	-139.2913
2620.000000	99.790	-139.7151
2650.000000	99.880	-140.0557
2690.000000	99.994	-140.5555
2720.000000	100.079	-140.9312
2760.000000	100.190	-141.4833
2800.000000	100.295	-142.0504
2850.000000	100.421	-142.8350
2900.000000	100.539	-143.6529
2950.000000	100.648	-144.5347
3000.000000	100.752	-145.4820
3040.000000	100.830	-146.2724
3070.000000	100.881	-146.8734
3110.000000	100.947	-147.6853
3150.000000	101.005	-148.5705
3200.000000	101.069	-149.6941
3250.000000	101.118	-150.8707
3300.000000	101.157	-152.0789
3350.000000	101.181	-153.3234
3400.000000	101.188	-154.5841
3450.000000	101.183	-155.8535
3500.000000	101.159	-157.1444
3550.000000	101.120	-158.4147
3600.000000	101.065	-159.6668
3650.000000	100.992	-160.8813
3700.000000	100.908	-162.0666
3750.000000	100.810	-163.1919
3820.000000	100.648	-164.6872
3870.000000	100.521	-165.6645
3950.000000	100.295	-167.1102
4000.000000	100.145	-167.9014
4060.000000	99.956	-168.7698
4120.000000	99.760	-169.4977
4180.000000	99.556	-170.1493
4250.000000	99.317	-170.7584
4310.000000	99.110	-171.1716
4370.000000	98.900	-171.4939
4440.000000	98.659	-171.7132
4500.000000	98.452	-171.8494
4550.000000	98.280	-171.8744
4620.000000	98.049	-171.8274
4680.000000	97.849	-171.7401
4750.000000	97.629	-171.4977
4820.000000	97.413	-171.1656
4870.000000	97.266	-170.9201
4940.000000	97.063	-170.4440
5000.000000	96.904	-170.0140
5080.000000	96.695	-169.3400
5150.000000	96.533	-168.6786
5220.000000	96.380	-167.9975
5300.000000	96.222	-167.1341
5380.000000	96.090	-166.2608
5450.000000	95.989	-165.4817
5520.000000	95.912	-164.6785
5600.000000	95.850	-163.8734
5700.000000	95.804	-162.9713
5800.000000	95.797	-162.3760
5900.000000	95.817	-162.2219
6000.000000	95.820	-162.6328
6080.000000	95.776	-163.3838
6150.000000	95.667	-164.2580
6220.000000	95.484	-165.1120
6300.000000	95.171	-165.7007
6400.000000	94.712	-165.4481
6500.000000	94.269	-163.9080
6600.000000	93.946	-161.4332
6700.000000	93.758	-158.4933
6800.000000	93.727	-155.4442
6900.000000	93.820	-152.5507
7000.000000	94.022	-149.9391
7100.000000	94.329	-147.6870
7200.000000	94.738	-145.9510
7300.000000	95.235	-144.8180
7400.000000	95.828	-144.3361
7500.000000	96.510	-144.8880
7620.000000	97.424	-147.0992
7750.000000	98.476	-152.3013
7880.000000	99.380	-161.3627
8000.000000	99.752	-172.9917
8120.000000	99.381	174.1957
8250.000000	98.215	162.5021
8380.000000	96.641	154.6343
8500.000000	95.105	150.4965
8620.000000	93.593	148.7535
8750.000000	92.051	149.2195
8850.000000	90.969	151.0362
9000.000000	89.586	155.7139
9120.000000	88.772	160.9845
9250.000000	88.256	167.2537
9380.000000	88.171	173.2431
9500.000000	88.429	177.4474
9620.000000	88.872	179.5014
9750.000000	89.342	178.9315
9880.000000	89.634	176.8462
10000.000000	89.638	173.6998
10150.000000	89.400	170.2676
10300.000000	89.013	167.5289
10440.000000	88.576	165.7937
10600.000000	88.094	164.5111
10750.000000	87.677	163.7694
10900.000000	87.312	163.4308
11060.000000	86.994	163.0680
11200.000000	86.773	162.6766
11380.000000	86.495	161.7538
11500.000000	86.163	161.4295
11720.000000	86.264	162.7942
11800.000000	86.313	162.0880
12060.000000	86.416	159.0970
12200.000000	86.478	156.8501
12410.000000	86.598	153.1625
12500.000000	86.650	151.3600
12650.000000	86.724	147.8648
12800.000000	86.779	144.0309
13150.000000	86.883	133.5853
13200.000000	86.884	132.1100
13400.000000	86.914	125.1653
13600.000000	86.904	118.0697
13800.000000	86.888	110.4491
14000.000000	86.855	102.4768
14300.000000	86.916	90.0834
14500.000000	87.143	81.4731
14750.000000	87.535	68.8419
15000.000000	88.163	54.6489
15250.000000	89.091	36.3986
15500.000000	90.168	13.2009
15750.000000	90.936	-17.6575
16000.000000	90.532	-54.5422
16250.000000	88.689	-89.8923
16500.000000	86.264	-119.7484
16750.000000	83.840	-145.4236
17000.000000	81.782	-169.2552
17250.000000	79.942	166.9236
17500.000000	78.384	142.3672
17750.000000	77.119	115.8785
18000.000000	75.919	86.6559
18250.000000	74.990	54.9507
18500.000000	74.279	18.7542
18750.000000	73.765	-21.9489
19000.000000	73.295	-71.7878
19250.000000	72.540	-131.2041
19500.000000	70.787	155.7471
19750.000000	68.434	88.8096
