* Measurement data measured by REW V5.31.3
* Source: USB-C to 3.5mm Headphone Jack Adapter, USB-C to 3.5mm Headphone Jack Adapter, 0, volume: 0.138
* Format: 256k Log Swept Sine, 1 sweep at -12.0 dBFS with no timing reference
* Dated: Sep 19, 2025 1:21:14 PM
* REW Settings:
*  C-weighting compensation: Off
*  Target level: 75.0 dB
* Note: ; 
* Measurement: 50 R
* Smoothing: None
* Frequency Step: 1/48 octave
* Start Frequency: 20.300 Hz
*
* Freq(Hz)	SPL(dB)	Phase(degrees)
20.299999	78.882	-139.6302
20.600000	78.882	-141.5828
20.900000	78.798	-142.6468
21.200001	78.692	-142.9751
21.400000	78.637	-142.8549
21.799999	78.603	-142.2740
22.000000	78.624	-142.0396
22.400000	78.707	-142.0101
22.700001	78.757	-142.4453
23.000000	78.768	-143.1180
23.299999	78.735	-143.8038
23.600000	78.677	-144.3053
24.000000	78.615	-144.5701
24.299999	78.615	-144.6059
24.700001	78.687	-144.7979
25.000000	78.770	-145.2343
25.400000	78.870	-146.2099
25.799999	78.929	-147.3660
26.200001	78.959	-148.3864
26.500000	78.985	-148.9824
26.900000	79.048	-149.6334
27.200001	79.117	-150.1117
27.600000	79.214	-150.8261
28.000000	79.291	-151.5989
28.500000	79.339	-152.4873
29.000000	79.346	-153.1871
29.500000	79.337	-153.7721
30.000000	79.336	-154.3734
30.400000	79.350	-154.9189
30.700001	79.374	-155.3869
31.100000	79.421	-156.1077
31.500000	79.470	-156.9167
32.000000	79.507	-157.8959
32.500000	79.513	-158.6103
33.000000	79.518	-159.0168
33.500000	79.550	-159.3870
34.000000	79.594	-160.0426
34.500000	79.619	-160.9832
35.000000	79.615	-161.9111
35.500000	79.612	-162.6069
36.000000	79.636	-163.1642
36.500000	79.671	-163.8181
37.000000	79.682	-164.6366
37.500000	79.660	-165.4766
38.200001	79.627	-166.4485
38.700001	79.639	-167.0589
39.500000	79.683	-168.0991
40.000000	79.686	-168.6886
40.599998	79.672	-169.2365
41.200001	79.671	-169.8135
41.799999	79.689	-170.6610
42.500000	79.694	-171.8243
43.099998	79.682	-172.5831
43.700001	79.673	-173.0880
44.400002	79.660	-173.7712
45.000000	79.622	-174.5594
45.500000	79.584	-175.2030
46.200001	79.572	-175.9546
46.799999	79.600	-176.5886
47.500000	79.606	-177.3653
48.200001	79.548	-177.9862
48.700001	79.495	-178.3442
49.400002	79.437	-178.8718
50.000000	79.417	-179.3207
50.799999	79.445	179.9861
51.500000	79.449	178.9701
52.200001	79.346	177.9299
53.000000	79.213	177.5562
53.799999	79.237	177.4259
54.500000	79.288	176.8295
55.200001	79.268	176.2097
56.000000	79.223	175.6926
57.000000	79.189	174.7237
58.000000	79.149	173.7275
59.000000	79.066	173.1459
60.000000	78.979	173.0546
60.799999	78.955	172.5132
61.500000	78.902	171.7036
62.200001	78.846	171.1375
63.000000	78.833	170.6228
64.000000	78.774	169.8840
65.000000	78.684	169.6270
66.000000	78.656	169.0715
67.000000	78.610	168.2480
68.000000	78.542	167.7039
69.000000	78.465	167.4181
70.000000	78.410	166.9478
71.000000	78.349	166.4210
72.000000	78.308	166.1699
73.000000	78.249	165.6907
74.000000	78.137	165.0314
75.000000	78.045	164.7237
76.199997	78.026	164.5961
77.500000	77.945	163.9675
78.800003	77.824	163.4732
80.000000	77.781	163.0973
81.199997	77.715	162.5878
82.500000	77.638	162.3666
83.800003	77.559	161.9449
85.000000	77.463	161.5547
86.199997	77.402	161.2338
87.500000	77.327	161.2599
88.500000	77.253	161.1207
90.000000	77.161	160.7340
91.199997	77.124	160.5658
92.500000	77.025	160.3878
93.800003	76.965	160.1708
95.000000	76.938	159.7427
96.199997	76.817	159.4650
97.500000	76.705	159.5312
98.800003	76.671	159.3632
100.000000	76.600	159.1915
101.500000	76.536	159.0821
103.000000	76.418	159.1596
104.400002	76.361	159.2639
106.000000	76.277	159.0222
107.500000	76.186	158.8974
109.000000	76.163	158.8091
110.599998	76.106	158.7724
112.000000	76.023	159.0422
113.800003	75.920	158.3553
115.000000	75.876	158.7899
117.199997	75.805	158.6071
118.000000	75.752	158.2569
120.599998	75.778	159.2129
122.000000	75.579	158.9264
124.099998	75.484	158.9911
125.000000	75.458	159.1534
126.500000	75.409	159.0815
128.000000	75.379	159.1781
131.500000	75.232	159.3787
132.000000	75.213	159.2977
134.000000	75.169	159.7087
136.000000	75.060	159.6077
138.000000	75.069	160.1489
140.000000	74.956	160.2737
143.000000	74.920	160.6320
145.000000	74.863	160.8394
147.500000	74.826	161.2880
150.000000	74.755	161.3315
152.500000	74.704	161.6313
155.000000	74.637	162.1288
157.500000	74.611	162.3420
160.000000	74.595	162.6695
162.500000	74.532	162.5649
165.000000	74.525	163.1821
167.500000	74.441	163.6515
170.000000	74.459	164.0613
172.500000	74.502	163.9920
175.000000	74.449	164.4937
177.500000	74.384	164.2863
180.000000	74.424	164.9819
182.500000	74.399	165.2502
185.000000	74.354	165.2569
187.500000	74.384	165.5073
190.000000	74.365	165.7726
192.500000	74.292	165.9901
195.000000	74.309	166.1147
197.500000	74.329	166.4084
200.000000	74.314	166.7358
203.000000	74.303	167.1835
206.000000	74.324	167.5113
209.000000	74.318	167.9641
212.000000	74.389	168.2889
214.000000	74.366	168.4602
218.000000	74.375	168.5061
220.000000	74.432	168.6889
224.000000	74.409	169.1939
227.000000	74.454	169.1936
230.000000	74.462	169.2847
233.000000	74.507	169.5587
236.000000	74.538	169.5639
240.000000	74.740	169.2320
243.000000	74.594	169.9023
247.000000	74.617	170.2131
250.000000	74.685	170.3729
254.000000	74.683	170.4482
258.000000	74.768	170.8029
262.000000	74.792	170.8597
265.000000	74.804	170.9814
269.000000	74.827	171.1808
272.000000	74.886	170.9204
276.000000	74.908	171.2462
280.000000	74.978	171.3811
285.000000	75.034	171.4413
290.000000	75.049	171.7094
295.000000	75.123	171.6735
300.000000	75.209	171.4119
304.000000	75.209	171.4786
307.000000	75.227	171.7276
311.000000	75.289	171.5161
315.000000	75.340	171.3611
320.000000	75.315	171.5424
325.000000	75.390	171.6331
330.000000	75.450	171.7385
335.000000	75.506	171.3926
340.000000	75.535	171.4895
345.000000	75.608	171.4837
350.000000	75.637	171.5745
355.000000	75.693	171.6443
360.000000	75.686	171.7387
365.000000	75.762	171.3869
370.000000	75.848	171.1211
375.000000	75.914	171.1071
382.000000	75.932	171.1954
387.000000	75.994	171.0207
395.000000	76.063	171.0641
400.000000	76.107	170.7717
406.000000	76.194	170.6606
412.000000	76.245	170.4253
418.000000	76.296	170.2755
425.000000	76.372	170.0125
431.000000	76.435	169.8693
437.000000	76.498	169.5343
444.000000	76.595	169.2788
450.000000	76.631	168.9998
455.000000	76.657	169.2256
462.000000	76.733	168.6800
468.000000	76.781	168.5117
475.000000	76.888	168.2544
482.000000	76.922	167.7567
487.000000	76.981	167.7272
494.000000	77.049	167.3556
500.000000	77.117	166.8756
508.000000	77.145	166.6301
515.000000	77.236	166.2206
522.000000	77.287	165.8422
530.000000	77.346	165.3174
538.000000	77.427	165.0022
545.000000	77.423	164.6228
552.000000	77.518	163.8390
560.000000	77.589	163.3553
570.000000	77.615	162.8150
580.000000	77.677	161.9540
590.000000	77.754	161.3046
600.000000	77.758	160.3498
608.000000	77.848	160.0701
615.000000	77.903	159.3441
622.000000	77.905	158.8346
630.000000	77.929	158.0982
640.000000	77.941	157.5227
650.000000	77.982	156.8058
660.000000	77.951	156.2144
670.000000	77.990	155.1439
680.000000	77.976	154.4928
690.000000	78.020	153.5822
700.000000	77.971	152.9057
710.000000	77.960	152.1057
720.000000	77.999	151.8415
730.000000	77.951	151.0704
740.000000	77.883	150.4300
750.000000	77.874	149.7982
762.000000	77.798	149.1827
775.000000	77.787	148.6631
788.000000	77.724	147.9268
800.000000	77.647	147.4697
812.000000	77.594	146.9476
825.000000	77.565	146.6715
838.000000	77.490	146.2616
850.000000	77.474	145.8762
862.000000	77.420	145.6155
875.000000	77.344	145.2796
885.000000	77.292	145.0007
900.000000	77.214	145.2546
912.000000	77.264	144.6303
925.000000	77.205	144.5061
938.000000	77.135	144.6258
950.000000	77.094	144.4458
962.000000	77.120	144.2930
975.000000	77.048	144.1888
988.000000	77.035	144.2757
1000.000000	77.033	144.4515
1015.000000	77.017	144.5759
1030.000000	77.015	144.6623
1044.000000	77.020	144.6364
1060.000000	77.008	144.6027
1075.000000	77.026	144.8701
1090.000000	77.101	144.3907
1106.000000	77.126	144.8131
1120.000000	77.133	144.3817
1138.000000	77.183	144.4262
1150.000000	77.257	144.3536
1172.000000	77.337	143.9127
1180.000000	77.378	143.8373
1206.000000	77.440	143.1860
1220.000000	77.434	142.7877
1241.000000	77.479	142.2397
1250.000000	77.496	141.9339
1265.000000	77.518	141.5831
1280.000000	77.505	140.7529
1315.000000	77.482	139.7549
1320.000000	77.487	139.9562
1340.000000	77.523	139.2411
1360.000000	77.400	138.8275
1380.000000	77.368	138.0473
1400.000000	77.356	137.7370
1430.000000	77.288	137.0148
1450.000000	77.170	136.6629
1475.000000	77.098	136.2337
1500.000000	76.956	135.8851
1525.000000	76.838	136.0566
1550.000000	76.756	135.9716
1575.000000	76.635	136.0267
1600.000000	76.555	136.3609
1625.000000	76.464	136.8727
1650.000000	76.375	137.1859
1675.000000	76.291	137.8572
1700.000000	76.258	138.5412
1725.000000	76.240	139.2251
1750.000000	76.169	140.0979
1775.000000	76.164	140.5189
1800.000000	76.118	141.7150
1825.000000	76.098	142.4022
1850.000000	76.084	143.4379
1875.000000	76.091	144.0989
1900.000000	76.132	145.3428
1925.000000	76.106	146.5823
1950.000000	76.199	147.8195
1975.000000	76.266	149.3688
2000.000000	76.414	150.8183
2030.000000	76.652	152.2040
2060.000000	76.888	153.3967
2090.000000	77.164	154.3259
2120.000000	77.479	154.9186
2140.000000	77.704	155.0884
2180.000000	78.118	155.3421
2200.000000	78.277	155.0887
2240.000000	78.531	154.7386
2270.000000	78.738	154.4389
2300.000000	78.978	154.3514
2330.000000	79.238	154.4361
2360.000000	79.549	153.8534
2400.000000	79.870	152.8762
2430.000000	80.106	151.8655
2470.000000	80.371	150.1666
2500.000000	80.553	148.8622
2540.000000	80.721	147.4827
2580.000000	80.830	145.4413
2620.000000	80.948	144.0950
2650.000000	81.017	143.3085
2690.000000	81.086	141.8186
2720.000000	81.141	140.6162
2760.000000	81.223	139.1094
2800.000000	81.219	137.6664
2850.000000	81.197	136.5804
2900.000000	81.229	134.8420
2950.000000	81.148	133.6699
3000.000000	81.156	132.4519
3040.000000	81.134	131.2581
3070.000000	81.058	130.3886
3110.000000	81.000	129.2710
3150.000000	80.913	128.4890
3200.000000	80.824	127.5215
3250.000000	80.729	126.9040
3300.000000	80.578	125.9921
3350.000000	80.468	125.6929
3400.000000	80.337	125.4118
3450.000000	80.273	125.2229
3500.000000	80.179	125.0959
3550.000000	80.121	124.6213
3600.000000	80.034	124.5161
3650.000000	79.912	123.9818
3700.000000	79.820	123.5208
3750.000000	79.724	123.2379
3820.000000	79.485	123.0047
3870.000000	79.362	122.8864
3950.000000	79.081	122.9247
4000.000000	78.905	123.1220
4060.000000	78.731	123.4330
4120.000000	78.505	124.0088
4180.000000	78.304	124.9203
4250.000000	78.085	125.8982
4310.000000	77.864	127.0318
4370.000000	77.742	128.3101
4440.000000	77.512	130.2631
4500.000000	77.396	131.5569
4550.000000	77.321	132.9462
4620.000000	77.225	134.6434
4680.000000	77.216	136.8437
4750.000000	77.138	138.3057
4820.000000	77.105	140.4583
4870.000000	77.095	141.8564
4940.000000	77.069	143.9985
5000.000000	77.176	146.1391
5080.000000	77.359	147.8870
5150.000000	77.415	149.2361
5220.000000	77.500	151.0037
5300.000000	77.559	152.6923
5380.000000	77.647	154.7489
5450.000000	77.811	156.4643
5520.000000	78.006	157.9812
5600.000000	78.215	159.7769
5700.000000	78.457	161.5136
5800.000000	78.846	163.0969
5900.000000	79.303	164.2599
6000.000000	79.770	164.9271
6080.000000	80.176	164.2252
6150.000000	80.420	163.2115
6220.000000	80.673	161.5420
6300.000000	80.846	159.6613
6400.000000	80.935	157.1233
6500.000000	80.868	154.4692
6600.000000	80.724	151.8237
6700.000000	80.411	149.7834
6800.000000	79.961	148.2283
6900.000000	79.428	147.3635
7000.000000	78.918	147.7736
7100.000000	78.436	148.9090
7200.000000	78.064	151.0102
7300.000000	77.712	152.8212
7400.000000	77.489	154.8885
7500.000000	77.353	157.9326
7620.000000	77.227	160.2582
7750.000000	77.298	163.0996
7880.000000	77.441	164.7130
8000.000000	77.613	165.4050
8120.000000	77.780	165.1801
8250.000000	77.963	163.3551
8380.000000	77.855	159.4853
8500.000000	77.576	155.8284
8620.000000	77.006	151.9238
8750.000000	76.073	148.6231
8850.000000	75.094	147.0861
9000.000000	73.459	147.7304
9120.000000	72.326	149.5858
9250.000000	71.202	153.4952
9380.000000	70.104	159.0102
9500.000000	69.335	164.1474
9620.000000	68.558	169.2105
9750.000000	67.964	176.0552
9880.000000	67.401	-178.6405
10000.000000	66.997	-172.1540
10150.000000	66.521	-165.8436
10300.000000	66.032	-158.9714
10440.000000	65.956	-159.6679
10600.000000	65.537	-145.7189
10750.000000	65.479	-138.8593
10900.000000	65.181	-132.3767
11060.000000	64.989	-126.3746
11200.000000	64.948	-120.4091
11380.000000	65.074	-113.6242
11500.000000	64.925	-106.8831
11720.000000	65.265	-100.0066
11800.000000	65.395	-97.9047
12060.000000	65.815	-88.3025
12200.000000	66.148	-83.5600
12410.000000	66.517	-77.9028
12500.000000	66.774	-74.8150
12650.000000	67.156	-70.8705
12800.000000	67.780	-65.8207
13150.000000	69.508	-57.9345
13200.000000	70.000	-57.4113
13400.000000	71.639	-54.8089
13600.000000	73.856	-56.1018
13800.000000	76.549	-66.3524
14000.000000	78.233	-91.6524
14300.000000	75.679	-127.6968
14500.000000	73.007	-136.9516
14750.000000	70.382	-139.6164
15000.000000	67.727	-139.1652
15250.000000	67.349	-136.5669
15500.000000	66.078	-134.7359
15750.000000	65.680	-135.8656
16000.000000	65.220	-137.5684
16250.000000	65.211	-138.0286
16500.000000	65.017	-141.4292
16750.000000	65.026	-147.4694
17000.000000	65.274	-154.2803
17250.000000	65.763	-164.8562
17500.000000	65.973	-176.0203
17750.000000	66.991	165.8815
18000.000000	67.755	143.1690
18250.000000	67.832	116.4323
18500.000000	67.241	85.6111
18750.000000	66.411	48.3788
19000.000000	64.432	9.5046
19250.000000	40.594	-161.2132
19500.000000	35.249	143.9248
19750.000000	31.309	178.7168
