* Measurement data measured by REW V5.20
* Source: USB-C to 3.5mm Headphone Jack Adapter, USB-C to 3.5mm Headphone Jack Adapter, 0, volume: 0.138
* Format: 256k Log Swept Sine, 1 sweep at -12.0 dBFS with no timing reference
* Dated: Jun 7, 2024 4:50:01 PM
* REW Settings:
*  C-weighting compensation: Off
*  Target level: 75.0 dB
* Note: 
* Measurement: L
* Smoothing: None
* Frequency Step: 1/48 octave
* Start Frequency: 20.300 Hz
*
* Freq(Hz)	SPL(dB)	Phase(degrees)
20.299999	102.408974	-136.5288
20.600000	102.458412	-137.2443
20.900000	102.502823	-137.9061
21.200001	102.548401	-138.5951
21.400000	102.580246	-139.0785
21.799999	102.645248	-140.0990
22.000000	102.676926	-140.6254
22.400000	102.736130	-141.6702
22.700001	102.776489	-142.4059
23.000000	102.815170	-143.0790
23.299999	102.854477	-143.6897
23.600000	102.895905	-144.2579
24.000000	102.952972	-145.0034
24.299999	102.992851	-145.5843
24.700001	103.035019	-146.3961
25.000000	103.056190	-147.0098
25.400000	103.073975	-147.7913
25.799999	103.090942	-148.5073
26.200001	103.118935	-149.1892
26.500000	103.149750	-149.7191
26.900000	103.199059	-150.4930
27.200001	103.236328	-151.1273
27.600000	103.278671	-152.0034
28.000000	103.310234	-152.8499
28.500000	103.340652	-153.7894
29.000000	103.372078	-154.6030
29.500000	103.407288	-155.3626
30.000000	103.439674	-156.1295
30.400000	103.459221	-156.7540
30.700001	103.469719	-157.2223
31.100000	103.479523	-157.8383
31.500000	103.487190	-158.4394
32.000000	103.498093	-159.1684
32.500000	103.513947	-159.8794
33.000000	103.535072	-160.5869
33.500000	103.558029	-161.2994
34.000000	103.578171	-162.0083
34.500000	103.593643	-162.6981
35.000000	103.605621	-163.3650
35.500000	103.615799	-164.0180
36.000000	103.625511	-164.6628
36.500000	103.636841	-165.2984
37.000000	103.651550	-165.9309
37.500000	103.667824	-166.5708
38.200001	103.683884	-167.4588
38.700001	103.688423	-168.0513
39.500000	103.693130	-168.9487
40.000000	103.694328	-169.5407
40.599998	103.687202	-170.2740
41.200001	103.676659	-170.9393
41.799999	103.679817	-171.5194
42.500000	103.703308	-172.2221
43.099998	103.717903	-172.8993
43.700001	103.714951	-173.5637
44.400002	103.704185	-174.2571
45.000000	103.701584	-174.8382
45.500000	103.702927	-175.3441
46.200001	103.704056	-176.0531
46.799999	103.702751	-176.6257
47.500000	103.697678	-177.2632
48.200001	103.687241	-177.9032
48.700001	103.677437	-178.3704
49.400002	103.665192	-179.0236
50.000000	103.660629	-179.5653
50.799999	103.660828	179.7252
51.500000	103.651192	179.1147
52.200001	103.627586	178.5752
53.000000	103.608589	178.0086
53.799999	103.605240	177.3035
54.500000	103.594917	176.6235
55.200001	103.580200	176.0518
56.000000	103.572678	175.4795
57.000000	103.554237	174.7065
58.000000	103.530029	173.9648
59.000000	103.516571	173.1378
60.000000	103.483719	172.3501
60.799999	103.459534	171.8550
61.500000	103.445747	171.4178
62.200001	103.430771	170.9489
63.000000	103.412506	170.4059
64.000000	103.391541	169.7053
65.000000	103.366234	169.0222
66.000000	103.342621	168.3995
67.000000	103.320320	167.7480
68.000000	103.288834	167.0788
69.000000	103.258797	166.4503
70.000000	103.232140	165.7980
71.000000	103.198677	165.1621
72.000000	103.163826	164.5644
73.000000	103.127686	163.9903
74.000000	103.098267	163.4200
75.000000	103.068604	162.8177
76.199997	103.027000	162.1483
77.500000	102.978081	161.4449
78.800003	102.933197	160.7408
80.000000	102.889328	160.1023
81.199997	102.844101	159.5021
82.500000	102.797028	158.8227
83.800003	102.749084	158.1489
85.000000	102.704277	157.5859
86.199997	102.659660	157.0046
87.500000	102.614052	156.3699
88.500000	102.574142	155.9107
90.000000	102.513763	155.2610
91.199997	102.471405	154.7137
92.500000	102.429222	154.1313
93.800003	102.372902	153.6033
95.000000	102.321220	153.0927
96.199997	102.276123	152.5670
97.500000	102.232384	152.0369
98.800003	102.178261	151.4803
100.000000	102.125107	151.0051
101.500000	102.068604	150.3885
103.000000	102.002052	149.8163
104.400002	101.946640	149.2719
106.000000	101.873314	148.7513
107.500000	101.812393	148.1722
109.000000	101.751915	147.5897
110.599998	101.679832	147.0586
112.000000	101.614441	146.6105
113.800003	101.544792	145.9536
115.000000	101.493729	145.5929
117.199997	101.398560	144.9232
118.000000	101.365158	144.6679
120.599998	101.262039	143.9980
122.000000	101.192047	143.5221
124.099998	101.112831	142.9214
125.000000	101.074921	142.6859
126.500000	101.013313	142.2382
128.000000	100.952400	141.8298
131.500000	100.802704	140.8404
132.000000	100.783279	140.7184
134.000000	100.694260	140.1758
136.000000	100.608727	139.6844
138.000000	100.519897	139.1976
140.000000	100.429321	138.7169
143.000000	100.298767	138.0367
145.000000	100.207520	137.6310
147.500000	100.099274	137.1366
150.000000	99.983109	136.6789
152.500000	99.882736	136.2390
155.000000	99.783768	135.7878
157.500000	99.677399	135.4589
160.000000	99.595444	135.0400
162.500000	99.397118	134.5568
165.000000	99.400803	134.0092
167.500000	99.294815	133.6476
170.000000	99.197876	133.2786
172.500000	99.100113	132.8929
175.000000	98.994850	132.5291
177.500000	98.894554	132.1849
180.000000	98.796661	131.8949
182.500000	98.693169	131.5324
185.000000	98.593178	131.2571
187.500000	98.493401	130.9734
190.000000	98.398193	130.7239
192.500000	98.301086	130.4735
195.000000	98.203789	130.2345
197.500000	98.114281	130.0214
200.000000	98.015793	129.8050
203.000000	97.902664	129.5672
206.000000	97.794769	129.3360
209.000000	97.685928	129.1438
212.000000	97.580307	128.9291
214.000000	97.507027	128.8227
218.000000	97.368240	128.6105
220.000000	97.296234	128.5178
224.000000	97.163498	128.3370
227.000000	97.065506	128.2032
230.000000	96.963974	128.1216
233.000000	96.869995	128.0269
236.000000	96.770462	127.9151
240.000000	96.650764	127.8625
243.000000	96.551384	127.8164
247.000000	96.430367	127.7308
250.000000	96.347740	127.6853
254.000000	96.229454	127.6660
258.000000	96.118721	127.6611
262.000000	96.011566	127.6590
265.000000	95.926735	127.6747
269.000000	95.823471	127.7122
272.000000	95.750305	127.7212
276.000000	95.648415	127.7879
280.000000	95.551735	127.8358
285.000000	95.433273	127.9578
290.000000	95.317909	128.0545
295.000000	95.208214	128.1572
300.000000	95.112450	128.3431
304.000000	95.024658	128.4305
307.000000	94.966194	128.5493
311.000000	94.889214	128.6699
315.000000	94.813293	128.7989
320.000000	94.727989	128.9747
325.000000	94.640411	129.1988
330.000000	94.556900	129.3751
335.000000	94.486664	129.5567
340.000000	94.408432	129.7451
345.000000	94.339127	129.9785
350.000000	94.274681	130.1928
355.000000	94.208595	130.4169
360.000000	94.155052	130.6657
365.000000	94.093384	130.9036
370.000000	94.040848	131.1339
375.000000	93.987991	131.3869
382.000000	93.928879	131.7260
387.000000	93.892891	132.0073
395.000000	93.845337	132.3877
400.000000	93.823479	132.5805
406.000000	93.790932	132.7879
412.000000	93.751602	133.0096
418.000000	93.722824	133.2824
425.000000	93.706841	133.4711
431.000000	93.683853	133.6625
437.000000	93.670593	133.8542
444.000000	93.656494	134.0336
450.000000	93.643631	134.1917
455.000000	93.634109	134.3313
462.000000	93.621750	134.4882
468.000000	93.611992	134.6269
475.000000	93.601051	134.7401
482.000000	93.596115	134.8976
487.000000	93.607323	134.9733
494.000000	93.597443	135.1065
500.000000	93.595444	135.2206
508.000000	93.597656	135.3124
515.000000	93.598686	135.3814
522.000000	93.610397	135.5272
530.000000	93.615356	135.5974
538.000000	93.625496	135.6583
545.000000	93.633209	135.7018
552.000000	93.643555	135.7472
560.000000	93.660217	135.7868
570.000000	93.672867	135.8141
580.000000	93.694992	135.8318
590.000000	93.715622	135.8731
600.000000	93.734970	135.8516
608.000000	93.755058	135.8539
615.000000	93.770973	135.8428
622.000000	93.790588	135.8396
630.000000	93.810181	135.8146
640.000000	93.833023	135.7706
650.000000	93.860741	135.7648
660.000000	93.881531	135.6919
670.000000	93.919075	135.6547
680.000000	93.948631	135.5913
690.000000	93.979126	135.5304
700.000000	94.011948	135.4503
710.000000	94.044685	135.3587
720.000000	94.074577	135.2249
730.000000	94.116333	135.0504
740.000000	94.145889	134.8220
750.000000	94.150085	134.5320
762.000000	94.133301	134.3070
775.000000	94.113106	134.3462
788.000000	94.119308	134.5338
800.000000	94.142136	134.6776
812.000000	94.170204	134.8067
825.000000	94.210320	134.9634
838.000000	94.250031	135.0787
850.000000	94.291374	135.2002
862.000000	94.334206	135.2845
875.000000	94.385239	135.4089
885.000000	94.422874	135.4830
900.000000	94.487793	135.6761
912.000000	94.536926	135.7472
925.000000	94.592934	135.8904
938.000000	94.657524	136.0248
950.000000	94.716904	136.1472
962.000000	94.780457	136.2578
975.000000	94.851501	136.3972
988.000000	94.924240	136.5455
1000.000000	94.999367	136.6714
1015.000000	95.092903	136.7877
1030.000000	95.188950	136.9009
1044.000000	95.285393	136.9800
1060.000000	95.395927	137.0730
1075.000000	95.503334	137.1057
1090.000000	95.611130	137.1347
1106.000000	95.729256	137.1231
1120.000000	95.833420	137.1072
1138.000000	95.967941	137.0437
1150.000000	96.054718	136.9949
1172.000000	96.217613	136.8400
1180.000000	96.276382	136.7649
1206.000000	96.465225	136.5396
1220.000000	96.563400	136.3817
1241.000000	96.709694	136.1253
1250.000000	96.770912	136.0182
1265.000000	96.871979	135.7962
1280.000000	96.970459	135.5727
1315.000000	97.193626	135.0479
1320.000000	97.222267	134.9616
1340.000000	97.344360	134.6441
1360.000000	97.458519	134.3186
1380.000000	97.572311	134.0387
1400.000000	97.683495	133.6845
1430.000000	97.845802	133.2162
1450.000000	97.954636	132.9257
1475.000000	98.086746	132.5110
1500.000000	98.216103	132.1273
1525.000000	98.347321	131.7426
1550.000000	98.473824	131.3084
1575.000000	98.601334	130.8719
1600.000000	98.725998	130.4185
1625.000000	98.846100	129.9189
1650.000000	98.965019	129.4005
1675.000000	99.076492	128.8306
1700.000000	99.180420	128.2458
1725.000000	99.280441	127.6279
1750.000000	99.369461	126.9778
1775.000000	99.448227	126.3066
1800.000000	99.516373	125.6170
1825.000000	99.565887	124.8987
1850.000000	99.604080	124.1800
1875.000000	99.618668	123.4871
1900.000000	99.612442	122.8481
1925.000000	99.588760	122.3257
1950.000000	99.544960	121.8813
1975.000000	99.484505	121.6536
2000.000000	99.413628	121.5482
2030.000000	99.325722	121.7648
2060.000000	99.255829	122.2552
2090.000000	99.208015	123.0750
2120.000000	99.203514	124.0548
2140.000000	99.227188	124.7923
2180.000000	99.340149	126.2401
2200.000000	99.426361	126.9141
2240.000000	99.651482	128.0436
2270.000000	99.851402	128.6412
2300.000000	100.072144	129.0353
2330.000000	100.297867	129.1866
2360.000000	100.528030	129.1160
2400.000000	100.821663	128.7051
2430.000000	101.030991	128.1722
2470.000000	101.286339	127.2281
2500.000000	101.453964	126.3683
2540.000000	101.646423	125.0699
2580.000000	101.797340	123.6300
2620.000000	101.906464	122.0981
2650.000000	101.960327	120.9284
2690.000000	101.994041	119.3740
2720.000000	101.993263	118.2335
2760.000000	101.959549	116.7796
2800.000000	101.886963	115.4351
2850.000000	101.763031	113.9404
2900.000000	101.601837	112.7109
2950.000000	101.411774	111.7263
3000.000000	101.204346	110.9991
3040.000000	101.030838	110.6322
3070.000000	100.898224	110.4582
3110.000000	100.719223	110.3812
3150.000000	100.539566	110.4452
3200.000000	100.323647	110.7443
3250.000000	100.112747	111.2320
3300.000000	99.913651	111.9034
3350.000000	99.726219	112.7329
3400.000000	99.549713	113.7052
3450.000000	99.389145	114.7763
3500.000000	99.235130	115.9730
3550.000000	99.095299	117.2538
3600.000000	98.970413	118.6311
3650.000000	98.854233	120.0903
3700.000000	98.748993	121.6176
3750.000000	98.652878	123.2222
3820.000000	98.535538	125.5909
3870.000000	98.463959	127.4071
3950.000000	98.361839	130.5077
4000.000000	98.315765	132.6467
4060.000000	98.287102	135.4879
4120.000000	98.351448	138.6296
4180.000000	98.426880	141.1040
4250.000000	98.496887	145.1514
4310.000000	98.720245	148.9723
4370.000000	99.113411	152.6893
4440.000000	99.765488	156.0698
4500.000000	100.416260	157.6429
4550.000000	100.950294	157.9555
4620.000000	101.590851	157.2637
4680.000000	102.025223	156.1115
4750.000000	102.423660	154.5007
4820.000000	102.743965	152.6861
4870.000000	102.929054	151.2692
4940.000000	103.125519	149.0567
5000.000000	103.229118	146.9595
5080.000000	103.252518	143.9719
5150.000000	103.151878	141.2960
5220.000000	102.928673	138.7762
5300.000000	102.535965	136.3575
5380.000000	102.019020	134.6849
5450.000000	101.503601	133.9468
5520.000000	100.964729	133.8895
5600.000000	100.345879	134.5410
5700.000000	99.578087	136.2800
5800.000000	98.836632	138.8835
5900.000000	98.127335	142.3665
6000.000000	97.477081	146.5872
6080.000000	97.000336	150.4896
6150.000000	96.618126	154.2192
6220.000000	96.277969	158.3395
6300.000000	95.948059	163.3347
6400.000000	95.636719	169.9824
6500.000000	95.437393	177.0627
6600.000000	95.362198	-175.4603
6700.000000	95.441254	-167.7333
6800.000000	95.687004	-159.8420
6900.000000	96.127678	-152.0104
7000.000000	96.774178	-144.5233
7100.000000	97.644081	-137.7231
7200.000000	98.735733	-132.0729
7300.000000	100.020355	-128.2139
7400.000000	101.416649	-126.7404
7500.000000	102.782867	-128.0480
7620.000000	104.099579	-133.1137
7750.000000	104.852936	-140.6034
7880.000000	104.986115	-147.0097
8000.000000	104.861069	-150.7838
8120.000000	104.734009	-152.8177
8250.000000	104.723587	-154.0916
8380.000000	104.871803	-155.5280
8500.000000	105.093658	-157.8216
8620.000000	105.270576	-161.5781
8750.000000	105.225471	-167.1754
8850.000000	104.913651	-171.8556
9000.000000	104.000877	-177.5046
9120.000000	103.047218	-179.6560
9250.000000	102.049774	-179.2875
9380.000000	101.314117	-177.0460
9500.000000	100.923058	-174.7232
9620.000000	100.724503	-173.1752
9750.000000	100.592194	-172.6971
9880.000000	100.389503	-173.3604
10000.000000	100.199203	-174.4414
10150.000000	99.764587	-176.8682
10300.000000	99.058289	-179.2312
10440.000000	98.182739	179.5482
10600.000000	97.101944	-179.8300
10750.000000	96.195213	-177.7280
10900.000000	95.418671	-174.7981
11060.000000	94.794579	-171.6292
11200.000000	94.276451	-168.9769
11380.000000	93.670395	-165.4145
11500.000000	93.346329	-162.6917
11720.000000	92.999619	-157.9893
11800.000000	92.937668	-156.5376
12060.000000	92.903091	-153.2645
12200.000000	92.971634	-152.7210
12410.000000	93.110115	-153.6841
12500.000000	93.154617	-154.9326
12650.000000	93.131546	-157.8971
12800.000000	92.949730	-161.9005
13150.000000	91.707214	-172.6506
13200.000000	91.435013	-174.0471
13400.000000	90.205566	-178.4177
13600.000000	88.914940	178.7626
13800.000000	87.632614	177.4430
14000.000000	86.417519	177.3574
14300.000000	84.826920	179.0694
14500.000000	84.069206	-178.8701
14750.000000	83.478546	-175.4336
15000.000000	83.388573	-170.4610
15250.000000	84.534454	-167.4037
15500.000000	86.956329	-169.7454
15750.000000	89.874802	173.3070
16000.000000	91.438583	146.3032
16250.000000	92.383774	118.5515
16500.000000	93.101044	81.9199
16750.000000	91.396866	38.1458
17000.000000	87.793892	5.8748
17250.000000	84.448547	-16.3691
17500.000000	81.792847	-35.3127
17750.000000	79.809494	-54.2043
18000.000000	78.246094	-75.3809
18250.000000	77.124542	-100.2457
18500.000000	76.238815	-129.9836
18750.000000	75.393219	-167.1213
19000.000000	74.579811	149.0798
19250.000000	73.539429	95.3796
19500.000000	72.112854	30.5031
19750.000000	69.843559	-50.4814
