* Measurement data measured by REW V5.31.3
* Source: USB-C to 3.5mm Headphone Jack Adapter, no input selected, 0, volume: 0.343
* Format: 256k Log Swept Sine, 1 sweep at -12.0 dBFS with no timing reference
* Dated: Jan 9, 2026 3:22:40 PM
* REW Settings:
*  C-weighting compensation: Off
*  Target level: 75.0 dB
* Note: ; 
* Measurement: L
* Smoothing: None
* Frequency Step: 1/48 octave
* Start Frequency: 20.000 Hz
*
* Freq(Hz)	SPL(dB)	Phase(degrees)
20.000000	109.726	-166.8556
20.299999	109.731	-167.3874
20.600000	109.732	-167.9234
20.900000	109.729	-168.4428
21.200001	109.723	-168.9298
21.400000	109.719	-169.2351
21.799999	109.716	-169.8210
22.000000	109.717	-170.1144
22.400000	109.720	-170.7234
22.700001	109.721	-171.2040
23.000000	109.717	-171.6926
23.299999	109.709	-172.1712
23.600000	109.697	-172.6245
24.000000	109.681	-173.1824
24.299999	109.671	-173.5759
24.700001	109.660	-174.0891
25.000000	109.653	-174.4746
25.400000	109.644	-174.9886
25.799999	109.633	-175.4927
26.200001	109.623	-175.9825
26.500000	109.616	-176.3450
26.900000	109.608	-176.8303
27.200001	109.601	-177.1977
27.600000	109.589	-177.6854
28.000000	109.574	-178.1592
28.500000	109.553	-178.7194
29.000000	109.533	-179.2471
29.500000	109.513	-179.7527
30.000000	109.493	179.7563
30.400000	109.478	179.3709
30.700001	109.467	179.0850
31.100000	109.451	178.7078
31.500000	109.434	178.3377
32.000000	109.414	177.8870
32.500000	109.395	177.4422
33.000000	109.376	176.9894
33.500000	109.354	176.5290
34.000000	109.329	176.0807
34.500000	109.303	175.6599
35.000000	109.278	175.2596
35.500000	109.255	174.8635
36.000000	109.233	174.4679
36.500000	109.210	174.0789
37.000000	109.187	173.6965
37.500000	109.164	173.3165
38.200001	109.130	172.7992
38.700001	109.105	172.4507
39.500000	109.067	171.9111
40.000000	109.044	171.5732
40.599998	109.015	171.1727
41.200001	108.987	170.7712
41.799999	108.955	170.3626
42.500000	108.913	169.9213
43.099998	108.880	169.5913
43.700001	108.853	169.2466
44.400002	108.817	168.8058
45.000000	108.782	168.4709
45.500000	108.757	168.2182
46.200001	108.728	167.8068
46.799999	108.691	167.4318
47.500000	108.642	167.1229
48.200001	108.615	166.8496
48.700001	108.599	166.5628
49.400002	108.555	166.1577
50.000000	108.517	165.9362
50.799999	108.493	165.5830
51.500000	108.455	165.1177
52.200001	108.394	164.8307
53.000000	108.367	164.6333
53.799999	108.350	164.0732
54.500000	108.281	163.5688
55.200001	108.208	163.3999
56.000000	108.174	163.2773
57.000000	108.137	162.8093
58.000000	108.069	162.4312
59.000000	108.021	162.1574
60.000000	107.979	161.7561
60.799999	107.927	161.3997
61.500000	107.873	161.1970
62.200001	107.832	161.0788
63.000000	107.803	160.8593
64.000000	107.751	160.4232
65.000000	107.677	160.1057
66.000000	107.620	159.8929
67.000000	107.575	159.6156
68.000000	107.524	159.2744
69.000000	107.461	158.9689
70.000000	107.402	158.7684
71.000000	107.353	158.5594
72.000000	107.303	158.3260
73.000000	107.254	158.0726
74.000000	107.195	157.8007
75.000000	107.133	157.6147
76.199997	107.072	157.3811
77.500000	107.004	157.1112
78.800003	106.934	156.8358
80.000000	106.869	156.6333
81.199997	106.805	156.4079
82.500000	106.733	156.2090
83.800003	106.663	156.0282
85.000000	106.605	155.8672
86.199997	106.546	155.6771
87.500000	106.481	155.5015
88.500000	106.432	155.3672
90.000000	106.357	155.1554
91.199997	106.295	155.0157
92.500000	106.230	154.8564
93.800003	106.163	154.6948
95.000000	106.101	154.5789
96.199997	106.042	154.4602
97.500000	105.977	154.3501
98.800003	105.917	154.2490
100.000000	105.860	154.1504
101.500000	105.793	154.0461
103.000000	105.723	153.9518
104.400002	105.662	153.9027
106.000000	105.592	153.8731
107.500000	105.522	153.8144
109.000000	105.448	153.7911
110.599998	105.369	153.7290
112.000000	105.303	153.6707
113.800003	105.228	153.5768
115.000000	105.177	153.5321
117.199997	105.089	153.5145
118.000000	105.057	153.5249
120.599998	104.946	153.4973
122.000000	104.886	153.5426
124.099998	104.801	153.5196
125.000000	104.767	153.5309
126.500000	104.708	153.5251
128.000000	104.650	153.5722
131.500000	104.514	153.6426
132.000000	104.493	153.6576
134.000000	104.423	153.7069
136.000000	104.349	153.7892
138.000000	104.275	153.8562
140.000000	104.207	153.9236
143.000000	104.099	154.0543
145.000000	104.032	154.1321
147.500000	103.952	154.2920
150.000000	103.870	154.4254
152.500000	103.791	154.5682
155.000000	103.713	154.7344
157.500000	103.635	154.8685
160.000000	103.564	155.0327
162.500000	103.487	155.2125
165.000000	103.414	155.3858
167.500000	103.347	155.5847
170.000000	103.278	155.7712
172.500000	103.209	155.9588
175.000000	103.145	156.1609
177.500000	103.080	156.4048
180.000000	103.011	156.6035
182.500000	102.957	156.8301
185.000000	102.891	157.0698
187.500000	102.832	157.3035
190.000000	102.775	157.5681
192.500000	102.715	157.8577
195.000000	102.662	158.1424
197.500000	102.610	158.4529
200.000000	102.562	158.7776
203.000000	102.512	159.1848
206.000000	102.471	159.5621
209.000000	102.439	159.9298
212.000000	102.411	160.2303
214.000000	102.397	160.4016
218.000000	102.361	160.7379
220.000000	102.338	160.8135
224.000000	102.289	161.1133
227.000000	102.252	161.2774
230.000000	102.213	161.4551
233.000000	102.177	161.6567
236.000000	102.138	161.8852
240.000000	102.080	162.1115
243.000000	102.042	162.3589
247.000000	101.992	162.6674
250.000000	101.952	162.8902
254.000000	101.908	163.2307
258.000000	101.854	163.5795
262.000000	101.812	163.8603
265.000000	101.779	164.1270
269.000000	101.739	164.4639
272.000000	101.709	164.7017
276.000000	101.672	165.0262
280.000000	101.637	165.3589
285.000000	101.595	165.7548
290.000000	101.554	166.1341
295.000000	101.515	166.4992
300.000000	101.476	166.8720
304.000000	101.449	167.1909
307.000000	101.426	167.4215
311.000000	101.395	167.7043
315.000000	101.375	167.9857
320.000000	101.342	168.3468
325.000000	101.313	168.7019
330.000000	101.286	169.0667
335.000000	101.256	169.3503
340.000000	101.227	169.6449
345.000000	101.192	169.9490
350.000000	101.153	170.2451
355.000000	101.120	170.5499
360.000000	101.083	170.8879
365.000000	101.045	171.2314
370.000000	101.008	171.6129
375.000000	100.974	171.9786
382.000000	100.927	172.5559
387.000000	100.896	172.9638
395.000000	100.852	173.6781
400.000000	100.831	174.1554
406.000000	100.812	174.8171
412.000000	100.812	175.4953
418.000000	100.837	176.0737
425.000000	100.892	176.5975
431.000000	100.929	176.7943
437.000000	100.948	176.9176
444.000000	100.947	177.0757
450.000000	100.933	177.2264
455.000000	100.920	177.3901
462.000000	100.899	177.6152
468.000000	100.881	177.8578
475.000000	100.859	178.1290
482.000000	100.841	178.4456
487.000000	100.827	178.6485
494.000000	100.809	178.9398
500.000000	100.795	179.1820
508.000000	100.771	179.5076
515.000000	100.752	179.7936
522.000000	100.729	-179.9276
530.000000	100.704	-179.6088
538.000000	100.675	-179.2522
545.000000	100.651	-178.9458
552.000000	100.628	-178.6475
560.000000	100.602	-178.2657
570.000000	100.565	-177.7947
580.000000	100.531	-177.3289
590.000000	100.498	-176.8301
600.000000	100.465	-176.3081
608.000000	100.437	-175.9217
615.000000	100.418	-175.5383
622.000000	100.393	-175.1897
630.000000	100.370	-174.7487
640.000000	100.343	-174.2060
650.000000	100.313	-173.6559
660.000000	100.286	-173.1171
670.000000	100.262	-172.5255
680.000000	100.239	-171.9078
690.000000	100.213	-171.3271
700.000000	100.194	-170.6884
710.000000	100.169	-170.0824
720.000000	100.156	-169.4574
730.000000	100.139	-168.8058
740.000000	100.124	-168.1473
750.000000	100.113	-167.4772
762.000000	100.105	-166.6504
775.000000	100.097	-165.7765
788.000000	100.097	-164.8644
800.000000	100.101	-164.0243
812.000000	100.106	-163.1521
825.000000	100.120	-162.2119
838.000000	100.140	-161.2694
850.000000	100.165	-160.3917
862.000000	100.193	-159.5327
875.000000	100.235	-158.5980
885.000000	100.269	-157.8679
900.000000	100.329	-156.7781
912.000000	100.384	-155.9784
925.000000	100.452	-155.1070
938.000000	100.523	-154.2607
950.000000	100.593	-153.5124
962.000000	100.670	-152.7634
975.000000	100.755	-152.0242
988.000000	100.847	-151.3083
1000.000000	100.935	-150.6841
1015.000000	101.048	-149.9502
1030.000000	101.165	-149.2708
1044.000000	101.277	-148.6854
1060.000000	101.412	-148.0997
1075.000000	101.532	-147.6052
1090.000000	101.656	-147.1646
1106.000000	101.785	-146.7639
1120.000000	101.900	-146.4666
1138.000000	102.038	-146.1464
1150.000000	102.131	-145.9697
1172.000000	102.292	-145.7659
1180.000000	102.348	-145.6768
1206.000000	102.520	-145.5617
1220.000000	102.603	-145.5179
1241.000000	102.721	-145.5222
1250.000000	102.769	-145.5094
1265.000000	102.844	-145.5357
1280.000000	102.916	-145.5542
1315.000000	103.054	-145.6271
1320.000000	103.074	-145.6442
1340.000000	103.140	-145.6708
1360.000000	103.196	-145.7068
1380.000000	103.249	-145.6926
1400.000000	103.297	-145.6951
1430.000000	103.356	-145.6146
1450.000000	103.393	-145.5388
1475.000000	103.435	-145.4041
1500.000000	103.473	-145.2286
1525.000000	103.509	-145.0218
1550.000000	103.545	-144.7735
1575.000000	103.581	-144.5222
1600.000000	103.615	-144.2058
1625.000000	103.654	-143.8575
1650.000000	103.693	-143.4956
1675.000000	103.736	-143.1010
1700.000000	103.780	-142.7356
1725.000000	103.830	-142.3041
1750.000000	103.880	-141.8697
1775.000000	103.933	-141.4492
1800.000000	103.992	-141.0091
1825.000000	104.055	-140.5535
1850.000000	104.121	-140.1174
1875.000000	104.189	-139.6644
1900.000000	104.261	-139.2349
1925.000000	104.336	-138.8089
1950.000000	104.418	-138.3846
1975.000000	104.499	-137.9728
2000.000000	104.587	-137.5798
2030.000000	104.699	-137.1049
2060.000000	104.810	-136.6960
2090.000000	104.929	-136.2753
2120.000000	105.051	-135.9159
2140.000000	105.134	-135.6705
2180.000000	105.310	-135.2613
2200.000000	105.396	-135.0819
2240.000000	105.580	-134.7785
2270.000000	105.717	-134.6059
2300.000000	105.858	-134.4756
2330.000000	106.001	-134.4052
2360.000000	106.144	-134.3797
2400.000000	106.337	-134.4324
2430.000000	106.480	-134.5437
2470.000000	106.670	-134.7541
2500.000000	106.806	-134.9931
2540.000000	106.988	-135.3878
2580.000000	107.163	-135.8971
2620.000000	107.328	-136.4787
2650.000000	107.446	-136.9812
2690.000000	107.591	-137.7461
2720.000000	107.688	-138.3443
2760.000000	107.807	-139.2192
2800.000000	107.909	-140.1237
2850.000000	108.016	-141.3356
2900.000000	108.094	-142.5498
2950.000000	108.149	-143.7735
3000.000000	108.175	-144.9767
3040.000000	108.183	-145.9080
3070.000000	108.177	-146.5755
3110.000000	108.159	-147.4323
3150.000000	108.132	-148.2255
3200.000000	108.084	-149.1342
3250.000000	108.024	-149.9355
3300.000000	107.957	-150.6449
3350.000000	107.884	-151.2369
3400.000000	107.807	-151.7551
3450.000000	107.729	-152.1749
3500.000000	107.652	-152.5108
3550.000000	107.577	-152.7665
3600.000000	107.504	-152.9632
3650.000000	107.435	-153.0906
3700.000000	107.372	-153.1758
3750.000000	107.313	-153.1854
3820.000000	107.242	-153.2042
3870.000000	107.201	-153.1614
3950.000000	107.143	-153.0756
4000.000000	107.118	-153.0229
4060.000000	107.095	-152.9529
4120.000000	107.084	-152.9192
4180.000000	107.080	-152.9074
4250.000000	107.092	-153.0057
4310.000000	107.104	-153.1913
4370.000000	107.116	-153.4801
4440.000000	107.123	-153.9579
4500.000000	107.117	-154.4503
4550.000000	107.104	-154.9207
4620.000000	107.069	-155.6640
4680.000000	107.021	-156.3139
4750.000000	106.942	-157.1240
4820.000000	106.844	-157.9146
4870.000000	106.756	-158.4768
4940.000000	106.619	-159.2129
5000.000000	106.481	-159.8170
5080.000000	106.271	-160.4994
5150.000000	106.061	-160.9573
5220.000000	105.834	-161.2491
5300.000000	105.562	-161.3046
5380.000000	105.280	-161.0687
5450.000000	105.040	-160.6069
5520.000000	104.816	-159.9243
5600.000000	104.585	-158.9257
5700.000000	104.340	-157.3606
5800.000000	104.159	-155.5560
5900.000000	104.053	-153.6867
6000.000000	104.009	-151.8107
6080.000000	104.029	-150.4158
6150.000000	104.074	-149.3315
6220.000000	104.147	-148.3687
6300.000000	104.251	-147.4583
6400.000000	104.402	-146.6294
6500.000000	104.565	-146.1302
6600.000000	104.731	-145.8905
6700.000000	104.887	-145.9007
6800.000000	105.044	-146.0020
6900.000000	105.195	-146.1825
7000.000000	105.358	-146.3979
7100.000000	105.542	-146.6582
7200.000000	105.767	-147.0377
7300.000000	106.036	-147.6492
7400.000000	106.338	-148.6274
7500.000000	106.668	-150.0547
7620.000000	107.089	-152.3938
7750.000000	107.596	-156.0384
7880.000000	108.050	-161.5087
8000.000000	108.288	-168.0283
8120.000000	108.253	-175.4188
8250.000000	107.870	176.5851
8380.000000	107.188	169.5053
8500.000000	106.380	164.1627
8620.000000	105.454	160.0563
8750.000000	104.390	157.1564
8850.000000	103.575	155.9254
9000.000000	102.421	155.4601
9120.000000	101.590	156.0327
9250.000000	100.787	157.3336
9380.000000	100.081	158.9229
9500.000000	99.513	160.7928
9620.000000	99.029	162.8318
9750.000000	98.594	165.0936
9880.000000	98.248	167.4100
10000.000000	98.011	169.4762
10150.000000	97.797	171.7527
10300.000000	97.664	173.7805
10440.000000	97.601	175.2130
10600.000000	97.568	176.4888
10750.000000	97.593	177.5974
10900.000000	97.714	178.4389
11060.000000	97.900	178.7603
11200.000000	98.134	178.5652
11380.000000	98.522	177.6316
11500.000000	98.844	176.4883
11720.000000	99.513	172.6376
11800.000000	99.754	170.7321
12060.000000	100.514	162.7301
12200.000000	100.878	157.3138
12410.000000	101.288	147.6017
12500.000000	101.375	143.0394
12650.000000	101.385	135.4590
12800.000000	101.278	128.2687
13150.000000	100.944	113.5323
13200.000000	100.911	111.6444
13400.000000	100.866	104.1517
13600.000000	100.984	96.4911
13800.000000	101.272	88.0565
14000.000000	101.689	77.9287
14300.000000	102.281	57.9964
14500.000000	102.172	42.0134
14750.000000	101.556	23.3679
15000.000000	100.686	5.8456
15250.000000	99.675	-9.0931
15500.000000	98.951	-22.2766
15750.000000	98.736	-35.0196
16000.000000	99.274	-49.7215
16250.000000	100.700	-69.9110
16500.000000	102.832	-104.6845
16750.000000	102.473	-159.4785
17000.000000	98.628	157.4303
17250.000000	95.165	128.8990
17500.000000	92.792	104.5297
17750.000000	91.358	78.8120
18000.000000	90.258	49.4182
18250.000000	89.522	23.6293
18500.000000	91.373	-8.8148
18750.000000	92.728	-63.4172
19000.000000	92.684	-120.1879
19250.000000	93.631	177.4360
19500.000000	93.322	94.2864
19750.000000	91.348	5.2657
