* Measurement data measured by REW V5.20
* Source: USB-C to 3.5mm Headphone Jack Adapter, USB-C to 3.5mm Headphone Jack Adapter, 0, volume: 0.138
* Format: 256k Log Swept Sine, 1 sweep at -12.0 dBFS with no timing reference
* Dated: Jul 9, 2024 5:13:22 PM
* REW Settings:
*  C-weighting compensation: Off
*  Target level: 75.0 dB
* Note: 
* Measurement: S2 R
* Smoothing: None
* Frequency Step: 1/48 octave
* Start Frequency: 20.300 Hz
*
* Freq(Hz)	SPL(dB)	Phase(degrees)
20.299999	94.742210	1.4110
20.600000	94.747894	0.2408
20.900000	94.737930	-0.8874
21.200001	94.718361	-1.9865
21.400000	94.704353	-2.6699
21.799999	94.687752	-3.8875
22.000000	94.689552	-4.4279
22.400000	94.713715	-5.4193
22.700001	94.741882	-6.1282
23.000000	94.767601	-6.8166
23.299999	94.782524	-7.4666
23.600000	94.783630	-8.0507
24.000000	94.769653	-8.7116
24.299999	94.756142	-9.1612
24.700001	94.742027	-9.8140
25.000000	94.732689	-10.4180
25.400000	94.713791	-11.4076
25.799999	94.680954	-12.5338
26.200001	94.638969	-13.6693
26.500000	94.609215	-14.4753
26.900000	94.579361	-15.4875
27.200001	94.564011	-16.2209
27.600000	94.544495	-17.1842
28.000000	94.517555	-18.1108
28.500000	94.473083	-19.1600
29.000000	94.433258	-20.1092
29.500000	94.407272	-21.0816
30.000000	94.382729	-22.1456
30.400000	94.354424	-23.0048
30.700001	94.328468	-23.6052
31.100000	94.293358	-24.3223
31.500000	94.263672	-24.9788
32.000000	94.232422	-25.8159
32.500000	94.196205	-26.7295
33.000000	94.149689	-27.6769
33.500000	94.101395	-28.6013
34.000000	94.060532	-29.4967
34.500000	94.025681	-30.3673
35.000000	93.991241	-31.1819
35.500000	93.957733	-31.9202
36.000000	93.928345	-32.6311
36.500000	93.899612	-33.3910
37.000000	93.863342	-34.2137
37.500000	93.817703	-35.0400
38.200001	93.754105	-36.1054
38.700001	93.719070	-36.8192
39.500000	93.675186	-37.9885
40.000000	93.646217	-38.7573
40.599998	93.603394	-39.7129
41.200001	93.547485	-40.6747
41.799999	93.479599	-41.5776
42.500000	93.400925	-42.5093
43.099998	93.346581	-43.2668
43.700001	93.300919	-44.0596
44.400002	93.246025	-44.9995
45.000000	93.196762	-45.7574
45.500000	93.157013	-46.3601
46.200001	93.102745	-47.2107
46.799999	93.055061	-47.9651
47.500000	92.998703	-48.8540
48.200001	92.941803	-49.7115
48.700001	92.900734	-50.2801
49.400002	92.845322	-51.0332
50.000000	92.798492	-51.7048
50.799999	92.727097	-52.6590
51.500000	92.661537	-53.4467
52.200001	92.608940	-54.1845
53.000000	92.553101	-55.0783
53.799999	92.480217	-55.9464
54.500000	92.420006	-56.6097
55.200001	92.375122	-57.2946
56.000000	92.320618	-58.1543
57.000000	92.238678	-59.1790
58.000000	92.156937	-60.2183
59.000000	92.073112	-61.1946
60.000000	92.006279	-62.1182
60.799999	91.939117	-62.8783
61.500000	91.875732	-63.4481
62.200001	91.830505	-64.0375
63.000000	91.778831	-64.8826
64.000000	91.686455	-65.8095
65.000000	91.624046	-66.5083
66.000000	91.565125	-67.3789
67.000000	91.489174	-68.2606
68.000000	91.407692	-69.1067
69.000000	91.344559	-69.7050
70.000000	91.316177	-70.5878
71.000000	91.207085	-71.6332
72.000000	91.118675	-72.2300
73.000000	91.075172	-73.0782
74.000000	90.995552	-73.7924
75.000000	90.941254	-74.4352
76.199997	90.864372	-75.4251
77.500000	90.782959	-76.3929
78.800003	90.663834	-77.1113
80.000000	90.576920	-78.0052
81.199997	90.511360	-79.0394
82.500000	90.456085	-79.7281
83.800003	90.394890	-80.4660
85.000000	90.289246	-81.3482
86.199997	90.232407	-81.9702
87.500000	90.166695	-82.9055
88.500000	90.091393	-83.4148
90.000000	90.016037	-84.1725
91.199997	89.927521	-85.0149
92.500000	89.860199	-85.8484
93.800003	89.821152	-86.5505
95.000000	89.778519	-87.0661
96.199997	89.690880	-87.7577
97.500000	89.608986	-88.7078
98.800003	89.550102	-89.5466
100.000000	89.506653	-89.8939
101.500000	89.421829	-90.6118
103.000000	89.368385	-91.4722
104.400002	89.270546	-92.2172
106.000000	89.193398	-92.8993
107.500000	89.120880	-93.8383
109.000000	89.055305	-94.3867
110.599998	88.992592	-95.2845
112.000000	88.935776	-95.9465
113.800003	88.858604	-96.7838
115.000000	88.787148	-97.4297
117.199997	88.680847	-98.3699
118.000000	88.652306	-98.6275
120.599998	88.525635	-99.8837
122.000000	88.529556	-100.4970
124.099998	88.452614	-101.2738
125.000000	88.412766	-101.6833
126.500000	88.359695	-102.2131
128.000000	88.303864	-102.7843
131.500000	88.152451	-104.5164
132.000000	88.139343	-104.7350
134.000000	88.100327	-105.1196
136.000000	88.053246	-105.9962
138.000000	87.947960	-106.8750
140.000000	87.888611	-108.1601
143.000000	87.791664	-108.2037
145.000000	87.754707	-109.1691
147.500000	87.636452	-109.8465
150.000000	87.600021	-110.4448
152.500000	87.490379	-111.4253
155.000000	87.401169	-112.4544
157.500000	87.384773	-113.0219
160.000000	87.308746	-114.3315
162.500000	87.205437	-114.0832
165.000000	87.183800	-115.6500
167.500000	87.052330	-115.9751
170.000000	87.045563	-117.0054
172.500000	86.969879	-117.6511
175.000000	86.933929	-118.4231
177.500000	86.862923	-118.8154
180.000000	86.849342	-119.9426
182.500000	86.700638	-119.6922
185.000000	86.694794	-121.0855
187.500000	86.638458	-121.3953
190.000000	86.598228	-121.9827
192.500000	86.561478	-122.6738
195.000000	86.488541	-123.0237
197.500000	86.477219	-123.6949
200.000000	86.388306	-124.2511
203.000000	86.391373	-124.6535
206.000000	86.336655	-125.4804
209.000000	86.273705	-126.0771
212.000000	86.220474	-126.6063
214.000000	86.209091	-127.1719
218.000000	86.141396	-127.8795
220.000000	86.099869	-128.2443
224.000000	86.060028	-129.0664
227.000000	86.011253	-129.4863
230.000000	85.973450	-130.0143
233.000000	85.933289	-130.5045
236.000000	85.903191	-131.0174
240.000000	85.878868	-131.4303
243.000000	85.812271	-132.2929
247.000000	85.774399	-132.9254
250.000000	85.757477	-133.5461
254.000000	85.701607	-134.2858
258.000000	85.643021	-134.9771
262.000000	85.596191	-135.5410
265.000000	85.559944	-136.0349
269.000000	85.512314	-136.6477
272.000000	85.477058	-137.0381
276.000000	85.430840	-137.6638
280.000000	85.391426	-138.1838
285.000000	85.325119	-138.8619
290.000000	85.276276	-139.4784
295.000000	85.216637	-140.1413
300.000000	85.166855	-140.6770
304.000000	85.113983	-141.2159
307.000000	85.077362	-141.5392
311.000000	85.031342	-141.9445
315.000000	84.998993	-142.3621
320.000000	84.929100	-142.8103
325.000000	84.889984	-143.1974
330.000000	84.840050	-143.6837
335.000000	84.790855	-144.1099
340.000000	84.754944	-144.5319
345.000000	84.702934	-144.9369
350.000000	84.660744	-145.2700
355.000000	84.617798	-145.7009
360.000000	84.580978	-146.1113
365.000000	84.535225	-146.4114
370.000000	84.490974	-146.6840
375.000000	84.457466	-146.9816
382.000000	84.405296	-147.4114
387.000000	84.364830	-147.6906
395.000000	84.309227	-148.1036
400.000000	84.279755	-148.3096
406.000000	84.241364	-148.6832
412.000000	84.197372	-148.9967
418.000000	84.160858	-149.2451
425.000000	84.114334	-149.5078
431.000000	84.077576	-149.8101
437.000000	84.039444	-149.9974
444.000000	83.992027	-150.2997
450.000000	83.944458	-150.4615
455.000000	83.917603	-150.5743
462.000000	83.866264	-150.7177
468.000000	83.837227	-150.8584
475.000000	83.820808	-150.8905
482.000000	83.792145	-151.0202
487.000000	83.769791	-151.1914
494.000000	83.754166	-151.3652
500.000000	83.719894	-151.5285
508.000000	83.692772	-151.6781
515.000000	83.646584	-151.8846
522.000000	83.627319	-151.8463
530.000000	83.585251	-152.0531
538.000000	83.552116	-152.1334
545.000000	83.517525	-152.1703
552.000000	83.484978	-152.2155
560.000000	83.454300	-152.2460
570.000000	83.412621	-152.3184
580.000000	83.382103	-152.2067
590.000000	83.333893	-152.1695
600.000000	83.303772	-152.1007
608.000000	83.270454	-152.0520
615.000000	83.247337	-152.0519
622.000000	83.231377	-151.9216
630.000000	83.206856	-151.8168
640.000000	83.174126	-151.6716
650.000000	83.151947	-151.5074
660.000000	83.125984	-151.2940
670.000000	83.105209	-151.0990
680.000000	83.090622	-150.8342
690.000000	83.072441	-150.5980
700.000000	83.066849	-150.3472
710.000000	83.052895	-150.1448
720.000000	83.047470	-149.8393
730.000000	83.048965	-149.5886
740.000000	83.058876	-149.3658
750.000000	83.049469	-149.0504
762.000000	83.060448	-148.7413
775.000000	83.057724	-148.3294
788.000000	83.073059	-147.9643
800.000000	83.074036	-147.5465
812.000000	83.097046	-147.1587
825.000000	83.099541	-146.7568
838.000000	83.127403	-146.3697
850.000000	83.150749	-145.8603
862.000000	83.170151	-145.3956
875.000000	83.197136	-144.9248
885.000000	83.230209	-144.5999
900.000000	83.286446	-144.0738
912.000000	83.305168	-143.5661
925.000000	83.372696	-143.1051
938.000000	83.420731	-142.6249
950.000000	83.481522	-142.1890
962.000000	83.533104	-141.6826
975.000000	83.603928	-141.2104
988.000000	83.675201	-140.7638
1000.000000	83.746513	-140.4084
1015.000000	83.840286	-139.9237
1030.000000	83.934891	-139.5273
1044.000000	84.033913	-139.0757
1060.000000	84.151306	-138.6055
1075.000000	84.248642	-138.3719
1090.000000	84.373741	-138.0719
1106.000000	84.486397	-137.7937
1120.000000	84.591644	-137.5664
1138.000000	84.720810	-137.3471
1150.000000	84.812996	-137.2009
1172.000000	84.969940	-137.0274
1180.000000	85.020218	-137.0486
1206.000000	85.213379	-136.9051
1220.000000	85.300056	-136.9043
1241.000000	85.439957	-136.8867
1250.000000	85.500534	-136.8741
1265.000000	85.586525	-136.9329
1280.000000	85.680344	-136.9261
1315.000000	85.876961	-137.1198
1320.000000	85.906174	-137.1699
1340.000000	86.009193	-137.1399
1360.000000	86.108444	-137.2459
1380.000000	86.204735	-137.3145
1400.000000	86.295738	-137.3674
1430.000000	86.434158	-137.4471
1450.000000	86.528130	-137.5075
1475.000000	86.628593	-137.6040
1500.000000	86.731544	-137.6405
1525.000000	86.836441	-137.6094
1550.000000	86.937378	-137.6333
1575.000000	87.044540	-137.6479
1600.000000	87.138870	-137.6615
1625.000000	87.243301	-137.6564
1650.000000	87.335312	-137.6681
1675.000000	87.427910	-137.6680
1700.000000	87.530075	-137.5944
1725.000000	87.627800	-137.5660
1750.000000	87.731590	-137.5785
1775.000000	87.824890	-137.4621
1800.000000	87.931969	-137.4610
1825.000000	88.029808	-137.4516
1850.000000	88.135254	-137.3901
1875.000000	88.232483	-137.3396
1900.000000	88.335648	-137.3380
1925.000000	88.446487	-137.3679
1950.000000	88.539917	-137.3758
1975.000000	88.645866	-137.3752
2000.000000	88.746536	-137.3813
2030.000000	88.872894	-137.4049
2060.000000	89.007744	-137.4429
2090.000000	89.133926	-137.4801
2120.000000	89.258240	-137.5687
2140.000000	89.342979	-137.6174
2180.000000	89.508995	-137.7492
2200.000000	89.589874	-137.8628
2240.000000	89.756165	-137.9892
2270.000000	89.878578	-138.1535
2300.000000	90.004845	-138.3162
2330.000000	90.125496	-138.5246
2360.000000	90.243027	-138.7288
2400.000000	90.404770	-139.0210
2430.000000	90.525421	-139.2835
2470.000000	90.677887	-139.6199
2500.000000	90.791710	-139.9260
2540.000000	90.947388	-140.3391
2580.000000	91.085266	-140.8293
2620.000000	91.226700	-141.2719
2650.000000	91.328308	-141.6989
2690.000000	91.463242	-142.2012
2720.000000	91.560425	-142.6418
2760.000000	91.685211	-143.2643
2800.000000	91.807404	-143.8594
2850.000000	91.953796	-144.7082
2900.000000	92.085548	-145.5857
2950.000000	92.213547	-146.4764
3000.000000	92.329178	-147.4667
3040.000000	92.414513	-148.2398
3070.000000	92.472702	-148.8927
3110.000000	92.545593	-149.7564
3150.000000	92.614700	-150.6389
3200.000000	92.684357	-151.7939
3250.000000	92.732681	-152.9627
3300.000000	92.769798	-154.1911
3350.000000	92.785072	-155.3952
3400.000000	92.784119	-156.5733
3450.000000	92.762047	-157.7016
3500.000000	92.729515	-158.6680
3550.000000	92.705589	-159.6292
3600.000000	92.682800	-160.5438
3650.000000	92.673187	-161.5560
3700.000000	92.644455	-162.7142
3750.000000	92.600204	-163.9149
3820.000000	92.500366	-165.6006
3870.000000	92.407700	-166.8197
3950.000000	92.215408	-168.5861
4000.000000	92.085144	-169.6259
4060.000000	91.907646	-170.7305
4120.000000	91.715393	-171.7157
4180.000000	91.525330	-172.6004
4250.000000	91.299484	-173.6047
4310.000000	91.098343	-174.3335
4370.000000	90.905334	-175.1062
4440.000000	90.663216	-175.9262
4500.000000	90.454353	-176.6172
4550.000000	90.271057	-177.1025
4620.000000	90.010239	-177.7568
4680.000000	89.790527	-178.2196
4750.000000	89.522461	-178.7513
4820.000000	89.250946	-179.1861
4870.000000	89.058006	-179.4797
4940.000000	88.798279	-179.8130
5000.000000	88.566895	179.9935
5080.000000	88.262039	179.8212
5150.000000	87.998367	179.6380
5220.000000	87.755508	179.6218
5300.000000	87.481674	179.7521
5380.000000	87.221275	179.8352
5450.000000	86.995506	179.9033
5520.000000	86.779480	-179.8875
5600.000000	86.538528	-179.7109
5700.000000	86.256065	-179.2858
5800.000000	86.016541	-178.6370
5900.000000	85.810524	-177.7534
6000.000000	85.649170	-176.8447
6080.000000	85.570236	-176.0107
6150.000000	85.519867	-175.2386
6220.000000	85.503830	-174.4585
6300.000000	85.518478	-173.5898
6400.000000	85.550697	-172.3512
6500.000000	85.673325	-170.9384
6600.000000	85.865883	-169.3937
6700.000000	86.180893	-167.7602
6800.000000	86.625610	-166.5116
6900.000000	87.182388	-165.6773
7000.000000	87.821648	-165.6902
7100.000000	88.471870	-166.4222
7200.000000	89.130951	-167.7791
7300.000000	89.799713	-169.8231
7400.000000	90.449959	-172.4184
7500.000000	91.090034	-175.5957
7620.000000	91.824234	179.4437
7750.000000	92.500183	172.6150
7880.000000	92.906494	164.3205
8000.000000	92.950111	155.9368
8120.000000	92.627419	148.0149
8250.000000	91.991066	141.0425
8380.000000	91.163956	135.8625
8500.000000	90.371689	132.4832
8620.000000	89.536911	130.3557
8750.000000	88.671822	129.1220
8850.000000	88.004059	128.8816
9000.000000	87.081436	129.5190
9120.000000	86.408562	130.4198
9250.000000	85.745270	131.8779
9380.000000	85.121902	133.4506
9500.000000	84.554985	135.4367
9620.000000	84.126900	136.8650
9750.000000	83.620491	138.5697
9880.000000	83.132256	140.2453
10000.000000	82.686836	141.7377
10150.000000	82.131561	143.5287
10300.000000	81.545807	144.7554
10440.000000	81.073524	145.7120
10600.000000	80.444687	146.8848
10750.000000	79.826836	147.3554
10900.000000	79.190323	147.1914
11060.000000	78.393974	146.6704
11200.000000	77.674667	145.1170
11380.000000	76.597366	142.7625
11500.000000	75.801003	140.8942
11720.000000	74.220062	134.9746
11800.000000	73.515549	131.9885
12060.000000	71.596596	119.7558
12200.000000	70.870651	110.9109
12410.000000	70.254448	93.4085
12500.000000	70.469261	85.8283
12650.000000	70.562759	72.8886
12800.000000	71.398026	61.7800
13150.000000	73.554398	46.6193
13200.000000	73.963402	45.6204
13400.000000	75.480621	41.0949
13600.000000	76.908310	37.2745
13800.000000	78.458282	33.4616
14000.000000	79.980232	28.9673
14300.000000	82.181091	20.4764
14500.000000	83.519310	13.1675
14750.000000	85.088707	1.7315
15000.000000	86.367950	-12.4255
15250.000000	87.319473	-28.8297
15500.000000	87.975494	-47.3692
15750.000000	88.295189	-68.7555
16000.000000	88.207748	-93.7302
16250.000000	87.490707	-122.9164
16500.000000	85.850250	-156.5953
16750.000000	83.017532	165.0873
17000.000000	78.984787	118.4429
17250.000000	74.851387	51.4998
17500.000000	74.556648	-24.5251
17750.000000	76.358719	-77.1225
18000.000000	77.908226	-117.8348
18250.000000	78.822380	-156.2954
18500.000000	79.132919	164.8018
18750.000000	79.239975	123.9141
19000.000000	79.113060	79.1880
19250.000000	78.994225	27.8556
19500.000000	78.486496	-32.3893
19750.000000	77.485374	-103.9172
