* Measurement data measured by REW V5.40 beta 124
* Source: USB-C to 3.5mm Headphone Jack Adapter, , 0, volume: 0.310
* Format: 256k Log Swept Sine, 1 sweep at -12.0 dBFS with no timing reference
* Dated: Jun 24, 2026, 9:05:45 PM
* REW Settings:
*  C-weighting compensation: Off
*  Target level: 75.0 dB
* Note: ; 
* Measurement: L
* Smoothing: None
* Frequency Step: 1/48 octave
* Start Frequency: 20.000 Hz
*
* Freq(Hz)	SPL(dB)	Phase(degrees)
20.000000	110.669	-162.0116
20.299999	110.677	-162.6557
20.600000	110.680	-163.2838
20.900000	110.680	-163.8800
21.200001	110.681	-164.4389
21.400000	110.684	-164.7987
21.799999	110.694	-165.5140
22.000000	110.700	-165.8817
22.400000	110.711	-166.6513
22.700001	110.713	-167.2457
23.000000	110.708	-167.8277
23.299999	110.698	-168.3714
23.600000	110.687	-168.8663
24.000000	110.675	-169.4589
24.299999	110.672	-169.8806
24.700001	110.676	-170.4558
25.000000	110.680	-170.9158
25.400000	110.682	-171.5647
25.799999	110.677	-172.2220
26.200001	110.664	-172.8481
26.500000	110.653	-173.2844
26.900000	110.639	-173.8245
27.200001	110.631	-174.2114
27.600000	110.626	-174.7253
28.000000	110.622	-175.2565
28.500000	110.616	-175.9500
29.000000	110.604	-176.6490
29.500000	110.585	-177.3186
30.000000	110.565	-177.9461
30.400000	110.550	-178.4279
30.700001	110.539	-178.7839
31.100000	110.524	-179.2531
31.500000	110.508	-179.7110
32.000000	110.489	179.7393
32.500000	110.471	179.2040
33.000000	110.455	178.6586
33.500000	110.435	178.0991
34.000000	110.411	177.5525
34.500000	110.384	177.0446
35.000000	110.360	176.5663
35.500000	110.339	176.0854
36.000000	110.318	175.5880
36.500000	110.295	175.0906
37.000000	110.269	174.6113
37.500000	110.245	174.1451
38.200001	110.210	173.4948
38.700001	110.182	173.0439
39.500000	110.140	172.3705
40.000000	110.117	171.9515
40.599998	110.087	171.4337
41.200001	110.051	170.9420
41.799999	110.017	170.4988
42.500000	109.986	169.9653
43.099998	109.955	169.4425
43.700001	109.910	168.9385
44.400002	109.855	168.4767
45.000000	109.824	168.1187
45.500000	109.804	167.7521
46.200001	109.763	167.1644
46.799999	109.715	166.7384
47.500000	109.672	166.3538
48.200001	109.646	165.8898
48.700001	109.620	165.4974
49.400002	109.568	165.0331
50.000000	109.532	164.7312
50.799999	109.494	164.2556
51.500000	109.442	163.8583
52.200001	109.401	163.6299
53.000000	109.392	163.2002
53.799999	109.343	162.4525
54.500000	109.255	162.0178
55.200001	109.193	161.8232
56.000000	109.152	161.4372
57.000000	109.071	160.8431
58.000000	108.999	160.4098
59.000000	108.937	159.8971
60.000000	108.873	159.3872
60.799999	108.818	158.9850
61.500000	108.768	158.6774
62.200001	108.722	158.4023
63.000000	108.672	158.0766
64.000000	108.605	157.6667
65.000000	108.534	157.2690
66.000000	108.462	156.9081
67.000000	108.391	156.5338
68.000000	108.313	156.1859
69.000000	108.243	155.8959
70.000000	108.179	155.5526
71.000000	108.107	155.2026
72.000000	108.036	154.8983
73.000000	107.968	154.5839
74.000000	107.895	154.2867
75.000000	107.825	154.0177
76.199997	107.742	153.7139
77.500000	107.655	153.3665
78.800003	107.557	153.0743
80.000000	107.480	152.8480
81.199997	107.398	152.5484
82.500000	107.304	152.2880
83.800003	107.214	152.0357
85.000000	107.130	151.8223
86.199997	107.051	151.6288
87.500000	106.962	151.3959
88.500000	106.891	151.2708
90.000000	106.792	151.0682
91.199997	106.709	150.9189
92.500000	106.622	150.7714
93.800003	106.534	150.6205
95.000000	106.456	150.5208
96.199997	106.380	150.4013
97.500000	106.296	150.3046
98.800003	106.213	150.1909
100.000000	106.133	150.1291
101.500000	106.039	150.0615
103.000000	105.944	149.9960
104.400002	105.858	149.9496
106.000000	105.759	149.9084
107.500000	105.670	149.8844
109.000000	105.579	149.8620
110.599998	105.484	149.8672
112.000000	105.404	149.8817
113.800003	105.301	149.9189
115.000000	105.233	149.9595
117.199997	105.107	150.0380
118.000000	105.065	150.0544
120.599998	104.919	150.3047
122.000000	104.851	150.2477
124.099998	104.742	150.3860
125.000000	104.696	150.4580
126.500000	104.623	150.5768
128.000000	104.549	150.7074
131.500000	104.378	151.0030
132.000000	104.355	151.0501
134.000000	104.265	151.2368
136.000000	104.178	151.4146
138.000000	104.091	151.6453
140.000000	104.004	151.8529
143.000000	103.883	152.2193
145.000000	103.801	152.4489
147.500000	103.705	152.7805
150.000000	103.610	153.1078
152.500000	103.522	153.4297
155.000000	103.435	153.7766
157.500000	103.354	154.1306
160.000000	103.273	154.4940
162.500000	103.194	154.8642
165.000000	103.121	155.2346
167.500000	103.049	155.5853
170.000000	102.980	155.9460
172.500000	102.911	156.3090
175.000000	102.850	156.7061
177.500000	102.789	157.0891
180.000000	102.723	157.5104
182.500000	102.666	157.8344
185.000000	102.614	158.2228
187.500000	102.564	158.5878
190.000000	102.515	158.9791
192.500000	102.460	159.3861
195.000000	102.412	159.7644
197.500000	102.367	160.1708
200.000000	102.323	160.6170
203.000000	102.274	161.1546
206.000000	102.235	161.7057
209.000000	102.207	162.2517
212.000000	102.189	162.7672
214.000000	102.181	163.0758
218.000000	102.164	163.5810
220.000000	102.158	163.7956
224.000000	102.133	164.2204
227.000000	102.114	164.5391
230.000000	102.094	164.8506
233.000000	102.068	165.1361
236.000000	102.047	165.4408
240.000000	102.044	165.7823
243.000000	102.002	166.1519
247.000000	101.970	166.5609
250.000000	101.956	166.8330
254.000000	101.931	167.2056
258.000000	101.905	167.5902
262.000000	101.886	167.9641
265.000000	101.865	168.2407
269.000000	101.847	168.5923
272.000000	101.833	168.8586
276.000000	101.813	169.2136
280.000000	101.797	169.5284
285.000000	101.775	169.9514
290.000000	101.751	170.3610
295.000000	101.735	170.7542
300.000000	101.712	171.1900
304.000000	101.700	171.4213
307.000000	101.692	171.6542
311.000000	101.678	171.9552
315.000000	101.666	172.2235
320.000000	101.650	172.5698
325.000000	101.636	172.9276
330.000000	101.618	173.2795
335.000000	101.605	173.5927
340.000000	101.591	173.9287
345.000000	101.579	174.2314
350.000000	101.568	174.5335
355.000000	101.553	174.8528
360.000000	101.540	175.0698
365.000000	101.527	175.4036
370.000000	101.507	175.6794
375.000000	101.486	175.9494
382.000000	101.458	176.3427
387.000000	101.436	176.6190
395.000000	101.399	177.1101
400.000000	101.376	177.4337
406.000000	101.349	177.8524
412.000000	101.320	178.2948
418.000000	101.297	178.7737
425.000000	101.278	179.3564
431.000000	101.268	179.8804
437.000000	101.263	-179.6058
444.000000	101.271	-179.0322
450.000000	101.280	-178.5606
455.000000	101.289	-178.2092
462.000000	101.308	-177.7438
468.000000	101.325	-177.4023
475.000000	101.340	-177.0388
482.000000	101.358	-176.6838
487.000000	101.365	-176.4384
494.000000	101.377	-176.1224
500.000000	101.383	-175.8983
508.000000	101.390	-175.5380
515.000000	101.396	-175.2513
522.000000	101.399	-174.9569
530.000000	101.404	-174.6475
538.000000	101.405	-174.3313
545.000000	101.406	-174.0587
552.000000	101.405	-173.7951
560.000000	101.405	-173.4849
570.000000	101.402	-173.1152
580.000000	101.392	-172.7182
590.000000	101.384	-172.3213
600.000000	101.377	-171.9232
608.000000	101.368	-171.5689
615.000000	101.362	-171.2708
622.000000	101.353	-170.9671
630.000000	101.349	-170.6085
640.000000	101.339	-170.1534
650.000000	101.331	-169.6887
660.000000	101.307	-169.2119
670.000000	101.311	-168.7477
680.000000	101.302	-168.2756
690.000000	101.296	-167.7788
700.000000	101.289	-167.2732
710.000000	101.284	-166.7583
720.000000	101.284	-166.1921
730.000000	101.279	-165.6979
740.000000	101.274	-165.1459
750.000000	101.275	-164.6061
762.000000	101.277	-163.9358
775.000000	101.282	-163.2245
788.000000	101.291	-162.4613
800.000000	101.299	-161.7581
812.000000	101.314	-161.0582
825.000000	101.335	-160.2922
838.000000	101.356	-159.4915
850.000000	101.381	-158.7416
862.000000	101.413	-158.0209
875.000000	101.450	-157.2114
885.000000	101.481	-156.5906
900.000000	101.528	-155.6700
912.000000	101.584	-154.9326
925.000000	101.645	-154.1426
938.000000	101.708	-153.3658
950.000000	101.769	-152.6805
962.000000	101.840	-152.0012
975.000000	101.921	-151.2685
988.000000	102.003	-150.5820
1000.000000	102.088	-149.9576
1015.000000	102.198	-149.2184
1030.000000	102.311	-148.5264
1044.000000	102.423	-147.9336
1060.000000	102.554	-147.3282
1075.000000	102.680	-146.7917
1090.000000	102.807	-146.3314
1106.000000	102.947	-145.8892
1120.000000	103.067	-145.5479
1138.000000	103.220	-145.2021
1150.000000	103.322	-145.0124
1172.000000	103.504	-144.7511
1180.000000	103.567	-144.6705
1206.000000	103.771	-144.5270
1220.000000	103.873	-144.4810
1241.000000	104.020	-144.4870
1250.000000	104.079	-144.5023
1265.000000	104.175	-144.5451
1280.000000	104.267	-144.5936
1315.000000	104.458	-144.7888
1320.000000	104.490	-144.8241
1340.000000	104.579	-144.9504
1360.000000	104.667	-145.0981
1380.000000	104.754	-145.1969
1400.000000	104.823	-145.3662
1430.000000	104.928	-145.5381
1450.000000	104.991	-145.6425
1475.000000	105.061	-145.7525
1500.000000	105.128	-145.8277
1525.000000	105.191	-145.9070
1550.000000	105.248	-145.9379
1575.000000	105.304	-145.9475
1600.000000	105.358	-145.9373
1625.000000	105.414	-145.8816
1650.000000	105.467	-145.8172
1675.000000	105.521	-145.7513
1700.000000	105.573	-145.6732
1725.000000	105.630	-145.5688
1750.000000	105.685	-145.4500
1775.000000	105.745	-145.3456
1800.000000	105.806	-145.2446
1825.000000	105.866	-145.1269
1850.000000	105.927	-144.9982
1875.000000	105.989	-144.9067
1900.000000	106.054	-144.8084
1925.000000	106.122	-144.7125
1950.000000	106.186	-144.6212
1975.000000	106.253	-144.5490
2000.000000	106.321	-144.4728
2030.000000	106.403	-144.4220
2060.000000	106.487	-144.3736
2090.000000	106.571	-144.3551
2120.000000	106.654	-144.3471
2140.000000	106.711	-144.3559
2180.000000	106.821	-144.4012
2200.000000	106.874	-144.4427
2240.000000	106.984	-144.5387
2270.000000	107.062	-144.6450
2300.000000	107.141	-144.7674
2330.000000	107.216	-144.9142
2360.000000	107.289	-145.0791
2400.000000	107.384	-145.3290
2430.000000	107.451	-145.5334
2470.000000	107.536	-145.8448
2500.000000	107.597	-146.0664
2540.000000	107.671	-146.4056
2580.000000	107.741	-146.7609
2620.000000	107.803	-147.1209
2650.000000	107.846	-147.3986
2690.000000	107.897	-147.7692
2720.000000	107.933	-148.0418
2760.000000	107.976	-148.4422
2800.000000	108.014	-148.7792
2850.000000	108.052	-149.2222
2900.000000	108.087	-149.6413
2950.000000	108.115	-150.0376
3000.000000	108.141	-150.4273
3040.000000	108.158	-150.7063
3070.000000	108.171	-150.9187
3110.000000	108.184	-151.1940
3150.000000	108.200	-151.4649
3200.000000	108.216	-151.7871
3250.000000	108.230	-152.1144
3300.000000	108.246	-152.4362
3350.000000	108.259	-152.7463
3400.000000	108.272	-153.0615
3450.000000	108.285	-153.3823
3500.000000	108.299	-153.7166
3550.000000	108.311	-154.0876
3600.000000	108.321	-154.4604
3650.000000	108.333	-154.8783
3700.000000	108.339	-155.3055
3750.000000	108.342	-155.7940
3820.000000	108.340	-156.5095
3870.000000	108.333	-157.0629
3950.000000	108.307	-158.0272
4000.000000	108.279	-158.6772
4060.000000	108.236	-159.4882
4120.000000	108.177	-160.3313
4180.000000	108.101	-161.2193
4250.000000	107.990	-162.2457
4310.000000	107.872	-163.1264
4370.000000	107.735	-163.9788
4440.000000	107.547	-164.9181
4500.000000	107.363	-165.6431
4550.000000	107.197	-166.1928
4620.000000	106.938	-166.8245
4680.000000	106.699	-167.2126
4750.000000	106.408	-167.4617
4820.000000	106.103	-167.4944
4870.000000	105.880	-167.3642
4940.000000	105.569	-166.9568
5000.000000	105.306	-166.4126
5080.000000	104.974	-165.4099
5150.000000	104.700	-164.3318
5220.000000	104.450	-163.0398
5300.000000	104.200	-161.3951
5380.000000	103.988	-159.6118
5450.000000	103.832	-157.9346
5520.000000	103.713	-156.2433
5600.000000	103.615	-154.2663
5700.000000	103.544	-151.8673
5800.000000	103.529	-149.5901
5900.000000	103.559	-147.4826
6000.000000	103.622	-145.5302
6080.000000	103.698	-144.1114
6150.000000	103.776	-142.9452
6220.000000	103.866	-141.8773
6300.000000	103.987	-140.7750
6400.000000	104.152	-139.5056
6500.000000	104.330	-138.3781
6600.000000	104.533	-137.3714
6700.000000	104.763	-136.4638
6800.000000	105.009	-135.7045
6900.000000	105.295	-135.0602
7000.000000	105.611	-134.6115
7100.000000	105.964	-134.4160
7200.000000	106.347	-134.5733
7300.000000	106.746	-134.9729
7400.000000	107.209	-135.6848
7500.000000	107.709	-137.1034
7620.000000	108.312	-139.8173
7750.000000	108.925	-144.1084
7880.000000	109.403	-149.8461
8000.000000	109.645	-156.2142
8120.000000	109.628	-163.0802
8250.000000	109.307	-170.1972
8380.000000	108.754	-176.2779
8500.000000	108.114	179.1821
8620.000000	107.403	175.6588
8750.000000	106.595	172.9595
8850.000000	105.975	171.6490
9000.000000	105.090	170.5652
9120.000000	104.436	170.4116
9250.000000	103.786	170.6600
9380.000000	103.184	171.2124
9500.000000	102.656	172.1927
9620.000000	102.218	173.4171
9750.000000	101.811	174.8972
9880.000000	101.478	176.3489
10000.000000	101.232	177.6633
10150.000000	101.002	179.1617
10300.000000	100.860	-179.4209
10440.000000	100.803	-178.3913
10600.000000	100.831	-177.7031
10750.000000	100.927	-177.6004
10900.000000	101.100	-178.0506
11060.000000	101.333	-179.3528
11200.000000	101.580	178.8765
11380.000000	101.937	175.5298
11500.000000	102.172	172.6824
11720.000000	102.593	166.0711
11800.000000	102.739	163.2191
12060.000000	103.054	152.4166
12200.000000	103.086	145.8837
12410.000000	102.932	136.0103
12500.000000	102.806	131.9212
12650.000000	102.545	125.5503
12800.000000	102.253	119.7282
13150.000000	101.742	108.0117
13200.000000	101.698	106.4083
13400.000000	101.601	99.8040
13600.000000	101.570	92.8194
13800.000000	101.719	85.7912
14000.000000	102.047	76.1985
14300.000000	101.997	56.5291
14500.000000	101.264	43.3313
14750.000000	100.060	31.1553
15000.000000	99.231	21.7115
15250.000000	98.999	11.5986
15500.000000	99.094	-2.0287
15750.000000	99.235	-19.7566
16000.000000	99.200	-41.8129
16250.000000	98.863	-67.2148
16500.000000	98.142	-94.8658
16750.000000	97.176	-124.1204
17000.000000	96.042	-154.0917
17250.000000	94.908	175.2307
17500.000000	93.965	143.5766
17750.000000	93.215	110.2000
18000.000000	92.624	74.0577
18250.000000	91.970	34.1860
18500.000000	91.024	-9.3531
18750.000000	89.885	-55.6176
19000.000000	88.970	-107.5066
19250.000000	87.520	-172.1626
19500.000000	84.725	114.9966
19750.000000	81.560	34.8711
