* Measurement data measured by REW V5.31.3
* Source: USB-C to 3.5mm Headphone Jack Adapter, USB-C to 3.5mm Headphone Jack Adapter, 0, volume: 0.138
* Format: 256k Log Swept Sine, 1 sweep at -12.0 dBFS with no timing reference
* Dated: Dec 7, 2024 1:55:15 PM
* REW Settings:
*  C-weighting compensation: Off
*  Target level: 75.0 dB
* Note: 
* Measurement: L
* Smoothing: None
* Frequency Step: 1/48 octave
* Start Frequency: 20.300 Hz
*
* Freq(Hz)	SPL(dB)	Phase(degrees)
20.299999	97.883	-115.9615
20.600000	97.958	-116.3919
20.900000	98.047	-116.8109
21.200001	98.146	-117.3389
21.400000	98.214	-117.7688
21.799999	98.340	-118.7702
22.000000	98.396	-119.3054
22.400000	98.493	-120.3591
22.700001	98.559	-121.0774
23.000000	98.623	-121.7225
23.299999	98.688	-122.3098
23.600000	98.751	-122.8627
24.000000	98.829	-123.5712
24.299999	98.880	-124.0781
24.700001	98.937	-124.7063
25.000000	98.977	-125.1445
25.400000	99.035	-125.7172
25.799999	99.101	-126.3315
26.200001	99.169	-127.0146
26.500000	99.218	-127.5556
26.900000	99.278	-128.2623
27.200001	99.320	-128.7505
27.600000	99.377	-129.3354
28.000000	99.438	-129.8772
28.500000	99.517	-130.5708
29.000000	99.587	-131.3138
29.500000	99.644	-132.0537
30.000000	99.696	-132.7355
30.400000	99.742	-133.2524
30.700001	99.779	-133.6453
31.100000	99.828	-134.1907
31.500000	99.872	-134.7455
32.000000	99.918	-135.3970
32.500000	99.964	-135.9736
33.000000	100.017	-136.5280
33.500000	100.074	-137.1249
34.000000	100.122	-137.7473
34.500000	100.160	-138.3203
35.000000	100.197	-138.8154
35.500000	100.240	-139.2875
36.000000	100.284	-139.7969
36.500000	100.320	-140.3338
37.000000	100.349	-140.8499
37.500000	100.378	-141.3336
38.200001	100.423	-142.0121
38.700001	100.457	-142.5093
39.500000	100.510	-143.2801
40.000000	100.544	-143.7355
40.599998	100.583	-144.2425
41.200001	100.625	-144.7196
41.799999	100.672	-145.2592
42.500000	100.708	-146.0095
43.099998	100.714	-146.5606
43.700001	100.729	-146.8976
44.400002	100.784	-147.2951
45.000000	100.825	-147.8394
45.500000	100.834	-148.2997
46.200001	100.839	-148.7047
46.799999	100.883	-148.9902
47.500000	100.948	-149.6691
48.200001	100.945	-150.5759
48.700001	100.898	-151.0091
49.400002	100.860	-151.1104
50.000000	100.913	-151.1231
50.799999	101.037	-151.7601
51.500000	101.065	-152.5570
52.200001	101.039	-152.8452
53.000000	101.076	-152.9432
53.799999	101.135	-153.6893
54.500000	101.130	-154.4126
55.200001	101.131	-154.7460
56.000000	101.177	-155.1057
57.000000	101.201	-155.7159
58.000000	101.222	-156.3281
59.000000	101.193	-157.0864
60.000000	101.165	-157.1508
60.799999	101.228	-157.2912
61.500000	101.273	-157.7570
62.200001	101.285	-158.2126
63.000000	101.291	-158.6375
64.000000	101.290	-159.1335
65.000000	101.298	-159.4947
66.000000	101.316	-159.8722
67.000000	101.332	-160.2537
68.000000	101.343	-160.7535
69.000000	101.343	-161.1196
70.000000	101.369	-161.4848
71.000000	101.376	-161.9590
72.000000	101.381	-162.3152
73.000000	101.388	-162.7351
74.000000	101.379	-163.0988
75.000000	101.388	-163.4349
76.199997	101.402	-163.9149
77.500000	101.403	-164.3056
78.800003	101.414	-164.7677
80.000000	101.416	-165.1665
81.199997	101.424	-165.5224
82.500000	101.423	-165.9035
83.800003	101.429	-166.4410
85.000000	101.431	-166.7691
86.199997	101.446	-167.1091
87.500000	101.433	-167.4367
88.500000	101.433	-167.6404
90.000000	101.449	-168.0494
91.199997	101.444	-168.4547
92.500000	101.439	-168.8079
93.800003	101.429	-169.1414
95.000000	101.432	-169.3924
96.199997	101.435	-169.7389
97.500000	101.431	-170.0541
98.800003	101.431	-170.3806
100.000000	101.424	-170.6440
101.500000	101.422	-170.9890
103.000000	101.414	-171.3098
104.400002	101.415	-171.6455
106.000000	101.406	-171.9755
107.500000	101.400	-172.2976
109.000000	101.395	-172.6056
110.599998	101.387	-172.9601
112.000000	101.382	-173.2202
113.800003	101.374	-173.5520
115.000000	101.366	-173.7966
117.199997	101.355	-174.1887
118.000000	101.347	-174.3506
120.599998	101.338	-174.8746
122.000000	101.329	-175.0384
124.099998	101.316	-175.4017
125.000000	101.310	-175.5612
126.500000	101.295	-175.7909
128.000000	101.284	-176.0497
131.500000	101.261	-176.5934
132.000000	101.257	-176.6654
134.000000	101.245	-176.9601
136.000000	101.226	-177.2665
138.000000	101.222	-177.5458
140.000000	101.196	-177.8365
143.000000	101.173	-178.2488
145.000000	101.157	-178.5116
147.500000	101.133	-178.8329
150.000000	101.111	-179.1434
152.500000	101.090	-179.4583
155.000000	101.059	-179.7503
157.500000	101.040	179.9352
160.000000	101.012	179.6742
162.500000	100.988	179.4011
165.000000	100.962	179.1167
167.500000	100.935	178.8592
170.000000	100.904	178.6068
172.500000	100.876	178.3806
175.000000	100.844	178.1530
177.500000	100.812	177.9288
180.000000	100.785	177.6914
182.500000	100.745	177.5242
185.000000	100.709	177.3481
187.500000	100.670	177.1730
190.000000	100.633	177.0341
192.500000	100.593	176.9515
195.000000	100.556	176.9084
197.500000	100.531	176.9438
200.000000	100.507	176.9480
203.000000	100.506	176.9596
206.000000	100.505	176.8369
209.000000	100.506	176.6857
212.000000	100.496	176.4515
214.000000	100.489	176.2926
218.000000	100.458	175.9920
220.000000	100.440	175.7922
224.000000	100.400	175.5208
227.000000	100.373	175.3280
230.000000	100.340	175.1454
233.000000	100.308	174.9658
236.000000	100.277	174.8339
240.000000	100.229	174.5902
243.000000	100.198	174.5016
247.000000	100.155	174.3288
250.000000	100.122	174.2132
254.000000	100.079	174.0780
258.000000	100.034	173.9294
262.000000	99.991	173.8157
265.000000	99.957	173.7373
269.000000	99.913	173.6039
272.000000	99.878	173.5342
276.000000	99.834	173.4608
280.000000	99.793	173.3665
285.000000	99.739	173.2747
290.000000	99.683	173.1847
295.000000	99.632	173.1096
300.000000	99.575	173.0728
304.000000	99.535	173.0216
307.000000	99.503	172.9929
311.000000	99.462	172.9624
315.000000	99.415	172.9307
320.000000	99.362	172.9629
325.000000	99.308	172.9279
330.000000	99.261	172.9296
335.000000	99.209	172.9532
340.000000	99.151	172.9826
345.000000	99.107	172.9920
350.000000	99.055	173.0502
355.000000	99.002	173.0934
360.000000	98.953	173.1627
365.000000	98.902	173.2063
370.000000	98.855	173.2946
375.000000	98.805	173.3627
382.000000	98.739	173.5092
387.000000	98.688	173.6024
395.000000	98.615	173.8173
400.000000	98.573	173.9549
406.000000	98.526	174.0887
412.000000	98.473	174.2327
418.000000	98.428	174.4037
425.000000	98.371	174.5813
431.000000	98.319	174.7186
437.000000	98.272	174.8753
444.000000	98.215	175.0933
450.000000	98.169	175.2767
455.000000	98.128	175.4332
462.000000	98.071	175.6693
468.000000	98.028	175.8773
475.000000	97.975	176.1199
482.000000	97.921	176.3709
487.000000	97.887	176.5603
494.000000	97.835	176.8256
500.000000	97.794	177.0626
508.000000	97.738	177.3930
515.000000	97.694	177.6906
522.000000	97.646	177.9578
530.000000	97.594	178.3075
538.000000	97.541	178.6651
545.000000	97.500	178.9847
552.000000	97.458	179.3051
560.000000	97.409	179.6945
570.000000	97.351	-179.8261
580.000000	97.295	-179.3528
590.000000	97.239	-178.8437
600.000000	97.192	-178.3064
608.000000	97.145	-177.8967
615.000000	97.115	-177.5413
622.000000	97.080	-177.1483
630.000000	97.046	-176.7299
640.000000	96.998	-176.1761
650.000000	96.959	-175.6107
660.000000	96.918	-175.0493
670.000000	96.880	-174.4683
680.000000	96.846	-173.8925
690.000000	96.810	-173.2879
700.000000	96.778	-172.6829
710.000000	96.747	-172.0940
720.000000	96.717	-171.4715
730.000000	96.693	-170.8714
740.000000	96.666	-170.2653
750.000000	96.645	-169.6465
762.000000	96.617	-168.8655
775.000000	96.585	-168.0510
788.000000	96.556	-167.2019
800.000000	96.524	-166.3365
812.000000	96.501	-165.3985
825.000000	96.492	-164.3248
838.000000	96.501	-163.3023
850.000000	96.515	-162.3695
862.000000	96.533	-161.4505
875.000000	96.558	-160.4541
885.000000	96.583	-159.7122
900.000000	96.628	-158.5881
912.000000	96.672	-157.7213
925.000000	96.724	-156.7934
938.000000	96.777	-155.8994
950.000000	96.832	-155.0961
962.000000	96.893	-154.2850
975.000000	96.962	-153.4596
988.000000	97.031	-152.6278
1000.000000	97.105	-151.8849
1015.000000	97.203	-150.9880
1030.000000	97.305	-150.1381
1044.000000	97.401	-149.3910
1060.000000	97.519	-148.5822
1075.000000	97.632	-147.8696
1090.000000	97.750	-147.1918
1106.000000	97.876	-146.5314
1120.000000	97.990	-146.0067
1138.000000	98.134	-145.3750
1150.000000	98.233	-144.9760
1172.000000	98.410	-144.3614
1180.000000	98.475	-144.1499
1206.000000	98.679	-143.5324
1220.000000	98.786	-143.2497
1241.000000	98.947	-142.8639
1250.000000	99.014	-142.7123
1265.000000	99.125	-142.4727
1280.000000	99.231	-142.2747
1315.000000	99.476	-141.8346
1320.000000	99.510	-141.7676
1340.000000	99.645	-141.5759
1360.000000	99.776	-141.3800
1380.000000	99.907	-141.2085
1400.000000	100.035	-141.0525
1430.000000	100.225	-140.8443
1450.000000	100.352	-140.6929
1475.000000	100.512	-140.5623
1500.000000	100.671	-140.4318
1525.000000	100.834	-140.3293
1550.000000	101.003	-140.2751
1575.000000	101.174	-140.2569
1600.000000	101.349	-140.2900
1625.000000	101.525	-140.3633
1650.000000	101.707	-140.5328
1675.000000	101.890	-140.7583
1700.000000	102.077	-141.0839
1725.000000	102.264	-141.5114
1750.000000	102.449	-142.0307
1775.000000	102.628	-142.6922
1800.000000	102.801	-143.4610
1825.000000	102.966	-144.3653
1850.000000	103.112	-145.3531
1875.000000	103.246	-146.4438
1900.000000	103.358	-147.6157
1925.000000	103.452	-148.8346
1950.000000	103.525	-150.0958
1975.000000	103.578	-151.3642
2000.000000	103.610	-152.6467
2030.000000	103.624	-154.1540
2060.000000	103.612	-155.6121
2090.000000	103.579	-157.0145
2120.000000	103.523	-158.3335
2140.000000	103.477	-159.1678
2180.000000	103.362	-160.7159
2200.000000	103.297	-161.4234
2240.000000	103.149	-162.7283
2270.000000	103.025	-163.5876
2300.000000	102.894	-164.3354
2330.000000	102.757	-164.9977
2360.000000	102.616	-165.5509
2400.000000	102.424	-166.1568
2430.000000	102.277	-166.5025
2470.000000	102.081	-166.8312
2500.000000	101.935	-166.9978
2540.000000	101.740	-167.1010
2580.000000	101.548	-167.0902
2620.000000	101.360	-166.9306
2650.000000	101.225	-166.7536
2690.000000	101.051	-166.4047
2720.000000	100.925	-166.0838
2760.000000	100.763	-165.5802
2800.000000	100.615	-164.9912
2850.000000	100.443	-164.1798
2900.000000	100.288	-163.2779
2950.000000	100.147	-162.3004
3000.000000	100.021	-161.2774
3040.000000	99.933	-160.4220
3070.000000	99.874	-159.7600
3110.000000	99.804	-158.8744
3150.000000	99.743	-157.9741
3200.000000	99.677	-156.8025
3250.000000	99.629	-155.6559
3300.000000	99.592	-154.4972
3350.000000	99.565	-153.3535
3400.000000	99.558	-152.2141
3450.000000	99.553	-151.1065
3500.000000	99.563	-149.9940
3550.000000	99.583	-148.9229
3600.000000	99.607	-147.8633
3650.000000	99.643	-146.8243
3700.000000	99.687	-145.8126
3750.000000	99.740	-144.8215
3820.000000	99.824	-143.4768
3870.000000	99.894	-142.5260
3950.000000	100.023	-141.0677
4000.000000	100.118	-140.1689
4060.000000	100.243	-139.1228
4120.000000	100.387	-138.1213
4180.000000	100.552	-137.1949
4250.000000	100.767	-136.2107
4310.000000	100.973	-135.5079
4370.000000	101.201	-134.9559
4440.000000	101.487	-134.5515
4500.000000	101.745	-134.4654
4550.000000	101.963	-134.5694
4620.000000	102.266	-134.9746
4680.000000	102.525	-135.5989
4750.000000	102.816	-136.6521
4820.000000	103.088	-138.0795
4870.000000	103.260	-139.3597
4940.000000	103.463	-141.4187
5000.000000	103.580	-143.4200
5080.000000	103.655	-146.3144
5150.000000	103.632	-148.8949
5220.000000	103.529	-151.3350
5300.000000	103.327	-153.8074
5380.000000	103.059	-155.8463
5450.000000	102.793	-157.2072
5520.000000	102.509	-158.1587
5600.000000	102.185	-158.8112
5700.000000	101.808	-159.0345
5800.000000	101.475	-158.7350
5900.000000	101.203	-158.1509
6000.000000	100.994	-157.3632
6080.000000	100.862	-156.7128
6150.000000	100.768	-156.1594
6220.000000	100.691	-155.6247
6300.000000	100.615	-155.0615
6400.000000	100.542	-154.3418
6500.000000	100.487	-153.5608
6600.000000	100.461	-152.7353
6700.000000	100.466	-151.8302
6800.000000	100.516	-150.9041
6900.000000	100.612	-149.9734
7000.000000	100.768	-149.0555
7100.000000	100.993	-148.1956
7200.000000	101.301	-147.5776
7300.000000	101.697	-147.2756
7400.000000	102.182	-147.4739
7500.000000	102.768	-148.2921
7620.000000	103.617	-150.5894
7750.000000	104.680	-155.6758
7880.000000	105.714	-164.8264
8000.000000	106.269	-177.3680
8120.000000	106.034	168.0064
8250.000000	104.860	154.0254
8380.000000	103.204	144.3774
8500.000000	101.595	138.8877
8620.000000	100.040	135.7904
8750.000000	98.467	134.4000
8850.000000	97.350	134.3780
9000.000000	95.846	135.5873
9120.000000	94.790	137.3757
9250.000000	93.770	139.8002
9380.000000	92.867	142.5569
9500.000000	92.129	145.4479
9620.000000	91.490	148.4733
9750.000000	90.916	152.0340
9880.000000	90.451	155.5320
10000.000000	90.099	158.7660
10150.000000	89.793	162.6356
10300.000000	89.630	166.3664
10440.000000	89.541	169.1512
10600.000000	89.592	171.9500
10750.000000	89.697	173.7166
10900.000000	89.793	174.6945
11060.000000	89.848	175.2354
11200.000000	89.872	175.8102
11380.000000	89.922	176.8828
11500.000000	90.012	177.6426
11720.000000	90.334	179.3462
11800.000000	90.518	179.8379
12060.000000	91.331	-179.1118
12200.000000	91.914	-178.8717
12410.000000	93.144	-178.9288
12500.000000	93.846	-179.5306
12650.000000	95.274	178.0342
12800.000000	97.007	172.7550
13150.000000	101.373	138.2707
13200.000000	101.671	129.9886
13400.000000	100.943	97.0492
13600.000000	98.602	75.6230
13800.000000	96.430	63.5472
14000.000000	94.798	55.7583
14300.000000	93.260	46.6116
14500.000000	92.775	40.5103
14750.000000	92.678	31.1090
15000.000000	92.883	17.7947
15250.000000	92.596	2.8501
15500.000000	93.658	-6.6407
15750.000000	96.235	-32.4337
16000.000000	96.940	-78.5113
16250.000000	94.080	-120.3297
16500.000000	90.674	-146.6783
16750.000000	88.312	-166.8358
17000.000000	86.416	170.9504
17250.000000	84.657	148.6274
17500.000000	83.145	126.4129
17750.000000	82.074	102.6957
18000.000000	81.397	76.1815
18250.000000	81.132	45.5027
18500.000000	81.137	8.8831
18750.000000	81.327	-35.1842
19000.000000	81.410	-87.3948
19250.000000	81.492	-149.5042
19500.000000	81.219	135.6958
19750.000000	80.225	45.8326
