* Measurement data measured by REW V5.40 beta 124
* Source: USB-C to 3.5mm Headphone Jack Adapter, no input selected, 0, volume: no control
* Format: 256k Log Swept Sine, 1 sweep at -12.0 dBFS with no timing reference
* Dated: Jun 12, 2026, 6:52:12 PM
* REW Settings:
*  C-weighting compensation: Off
*  Target level: 75.0 dB
* Note: ; 
* Measurement: L
* Smoothing: None
* Frequency Step: 1/48 octave
* Start Frequency: 20.000 Hz
*
* Freq(Hz)	SPL(dB)	Phase(degrees)
20.000000	104.231	-168.0220
20.299999	104.218	-168.8169
20.600000	104.196	-169.5468
20.900000	104.169	-170.1843
21.200001	104.145	-170.7331
21.400000	104.135	-171.0665
21.799999	104.128	-171.7217
22.000000	104.129	-172.0685
22.400000	104.136	-172.8229
22.700001	104.137	-173.4337
23.000000	104.133	-174.0580
23.299999	104.123	-174.6734
23.600000	104.111	-175.2669
24.000000	104.093	-176.0247
24.299999	104.079	-176.5754
24.700001	104.062	-177.2925
25.000000	104.048	-177.8165
25.400000	104.032	-178.4975
25.799999	104.017	-179.1694
26.200001	104.002	-179.8438
26.500000	103.987	179.6555
26.900000	103.963	179.0266
27.200001	103.943	178.6061
27.600000	103.923	178.1157
28.000000	103.915	177.6577
28.500000	103.921	177.0109
29.000000	103.919	176.2274
29.500000	103.891	175.4185
30.000000	103.844	174.7529
30.400000	103.809	174.3446
30.700001	103.790	174.0697
31.100000	103.775	173.6801
31.500000	103.763	173.2260
32.000000	103.739	172.5954
32.500000	103.704	171.9691
33.000000	103.666	171.3777
33.500000	103.629	170.7940
34.000000	103.594	170.1951
34.500000	103.558	169.5848
35.000000	103.522	168.9676
35.500000	103.485	168.3469
36.000000	103.445	167.7473
36.500000	103.407	167.1946
37.000000	103.375	166.6730
37.500000	103.346	166.1462
38.200001	103.298	165.4471
38.700001	103.264	165.0592
39.500000	103.241	164.5268
40.000000	103.237	164.0777
40.599998	103.209	163.4511
41.200001	103.158	162.9388
41.799999	103.115	162.5589
42.500000	103.080	162.0401
43.099998	103.038	161.5078
43.700001	102.988	161.0206
44.400002	102.939	160.4323
45.000000	102.890	159.8241
45.500000	102.832	159.3599
46.200001	102.759	158.9202
46.799999	102.731	158.5568
47.500000	102.702	157.8967
48.200001	102.635	157.2314
48.700001	102.582	156.9394
49.400002	102.537	156.6543
50.000000	102.517	156.2952
50.799999	102.467	155.6851
51.500000	102.404	155.2458
52.200001	102.348	154.8547
53.000000	102.279	154.3239
53.799999	102.190	153.8390
54.500000	102.119	153.5274
55.200001	102.066	153.2101
56.000000	102.016	152.7625
57.000000	101.957	152.0814
58.000000	101.874	151.3592
59.000000	101.784	150.9008
60.000000	101.731	150.5201
60.799999	101.691	150.0903
61.500000	101.642	149.7060
62.200001	101.587	149.3791
63.000000	101.529	149.0422
64.000000	101.460	148.5852
65.000000	101.387	148.1201
66.000000	101.315	147.6776
67.000000	101.245	147.2575
68.000000	101.181	146.8361
69.000000	101.111	146.4041
70.000000	101.039	146.0291
71.000000	100.971	145.6500
72.000000	100.899	145.2617
73.000000	100.828	144.8855
74.000000	100.761	144.4871
75.000000	100.688	144.0459
76.199997	100.598	143.6304
77.500000	100.516	143.1138
78.800003	100.422	142.7141
80.000000	100.352	142.2316
81.199997	100.248	141.8616
82.500000	100.173	141.5049
83.800003	100.077	141.0530
85.000000	99.995	140.6977
86.199997	99.912	140.3459
87.500000	99.827	139.9368
88.500000	99.755	139.6241
90.000000	99.643	139.2070
91.199997	99.564	138.9115
92.500000	99.473	138.5156
93.800003	99.382	138.2010
95.000000	99.300	137.8610
96.199997	99.214	137.5773
97.500000	99.128	137.2305
98.800003	99.035	136.8707
100.000000	98.948	136.5479
101.500000	98.841	136.1273
103.000000	98.726	135.7207
104.400002	98.618	135.3392
106.000000	98.488	134.9336
107.500000	98.354	134.5475
109.000000	98.211	134.1804
110.599998	98.038	133.8935
112.000000	97.885	133.7271
113.800003	97.681	133.7473
115.000000	97.531	133.8859
117.199997	97.303	134.3992
118.000000	97.252	134.6996
120.599998	97.054	135.7137
122.000000	97.079	135.6752
124.099998	97.038	135.7621
125.000000	97.000	135.8197
126.500000	96.978	135.8102
128.000000	96.914	135.6822
131.500000	96.758	135.1328
132.000000	96.730	135.0089
134.000000	96.600	134.7066
136.000000	96.458	134.3657
138.000000	96.259	134.2068
140.000000	96.066	134.1434
143.000000	95.752	134.6836
145.000000	95.577	135.5256
147.500000	95.415	136.7484
150.000000	95.276	137.7859
152.500000	95.236	138.7001
155.000000	95.177	139.5633
157.500000	95.145	140.4736
160.000000	95.117	141.4090
162.500000	95.148	142.4983
165.000000	95.261	143.4095
167.500000	95.428	143.6566
170.000000	95.570	143.1407
172.500000	95.640	142.2947
175.000000	95.631	141.4175
177.500000	95.582	140.6463
180.000000	95.500	139.9693
182.500000	95.440	139.5891
185.000000	95.371	139.2755
187.500000	95.298	138.9328
190.000000	95.255	138.6168
192.500000	95.228	138.1731
195.000000	95.195	137.5237
197.500000	95.160	136.5499
200.000000	95.111	135.2981
203.000000	94.985	133.3008
206.000000	94.749	130.8125
209.000000	94.338	128.0687
212.000000	93.712	125.3665
214.000000	93.152	123.9167
218.000000	91.647	122.5657
220.000000	90.677	123.4301
224.000000	88.450	131.0583
227.000000	87.077	144.3961
230.000000	86.898	162.3755
233.000000	88.030	177.6200
236.000000	89.671	-173.0049
240.000000	91.752	-166.4788
243.000000	93.308	-164.9466
247.000000	95.193	-164.9713
250.000000	96.548	-166.6147
254.000000	98.221	-171.2978
258.000000	99.633	-178.5937
262.000000	100.667	172.1198
265.000000	101.155	164.4075
269.000000	101.412	153.9291
272.000000	101.333	146.4312
276.000000	100.927	137.5471
280.000000	100.275	130.2982
285.000000	99.291	123.7708
290.000000	98.256	119.7369
295.000000	97.275	117.6888
300.000000	96.385	117.3775
304.000000	95.799	118.4370
307.000000	95.650	118.9379
311.000000	95.090	121.0245
315.000000	95.669	119.8675
320.000000	94.809	116.1810
325.000000	94.144	116.8098
330.000000	93.667	117.9853
335.000000	93.293	119.2556
340.000000	92.983	120.4805
345.000000	92.725	121.6863
350.000000	92.512	122.8500
355.000000	92.320	123.9533
360.000000	92.154	124.9896
365.000000	92.021	125.9025
370.000000	91.892	126.7910
375.000000	91.785	127.5985
382.000000	91.648	128.6997
387.000000	91.553	129.4131
395.000000	91.421	130.4390
400.000000	91.342	131.0743
406.000000	91.260	131.7248
412.000000	91.179	132.4207
418.000000	91.114	133.0161
425.000000	91.037	133.6951
431.000000	90.980	134.2510
437.000000	90.923	134.8564
444.000000	90.851	135.4601
450.000000	90.808	135.9789
455.000000	90.756	136.3052
462.000000	90.709	136.9268
468.000000	90.668	137.3594
475.000000	90.619	137.8971
482.000000	90.576	138.4072
487.000000	90.546	138.7662
494.000000	90.507	139.2592
500.000000	90.469	139.6841
508.000000	90.439	140.2013
515.000000	90.402	140.6952
522.000000	90.375	141.1628
530.000000	90.345	141.7104
538.000000	90.315	142.2542
545.000000	90.299	142.6348
552.000000	90.279	143.0179
560.000000	90.256	143.5157
570.000000	90.250	144.1953
580.000000	90.234	144.6925
590.000000	90.225	145.2718
600.000000	90.234	145.8825
608.000000	90.217	146.2731
615.000000	90.221	146.6984
622.000000	90.215	147.0452
630.000000	90.228	147.4692
640.000000	90.230	147.9730
650.000000	90.239	148.4719
660.000000	90.252	149.0161
670.000000	90.273	149.4478
680.000000	90.304	149.9034
690.000000	90.324	150.4417
700.000000	90.355	150.9203
710.000000	90.387	151.3951
720.000000	90.427	151.7640
730.000000	90.466	152.1835
740.000000	90.513	152.6403
750.000000	90.547	153.0099
762.000000	90.614	153.4125
775.000000	90.666	153.8818
788.000000	90.729	154.3069
800.000000	90.791	154.7432
812.000000	90.834	155.1294
825.000000	90.891	155.5453
838.000000	90.948	156.0703
850.000000	91.013	156.5948
862.000000	91.073	157.0425
875.000000	91.169	157.6617
885.000000	91.223	158.0863
900.000000	91.362	158.7700
912.000000	91.449	159.2512
925.000000	91.566	159.8356
938.000000	91.702	160.3570
950.000000	91.825	160.7793
962.000000	91.953	161.1948
975.000000	92.103	161.5640
988.000000	92.258	161.8650
1000.000000	92.409	162.2253
1015.000000	92.601	162.3849
1030.000000	92.805	162.6001
1044.000000	92.986	162.7506
1060.000000	93.203	162.7896
1075.000000	93.414	162.7539
1090.000000	93.623	162.6510
1106.000000	93.844	162.4583
1120.000000	94.031	162.1927
1138.000000	94.283	161.8694
1150.000000	94.442	161.5071
1172.000000	94.732	160.7897
1180.000000	94.838	160.5396
1206.000000	95.161	159.4861
1220.000000	95.336	158.8702
1241.000000	95.579	157.8526
1250.000000	95.676	157.3649
1265.000000	95.842	156.5474
1280.000000	95.998	155.6988
1315.000000	96.322	153.5728
1320.000000	96.362	153.2780
1340.000000	96.524	151.9498
1360.000000	96.678	150.6198
1380.000000	96.805	149.3177
1400.000000	96.929	147.9461
1430.000000	97.076	145.9393
1450.000000	97.163	144.6168
1475.000000	97.249	142.9273
1500.000000	97.309	141.2844
1525.000000	97.354	139.7147
1550.000000	97.380	138.2147
1575.000000	97.392	136.7451
1600.000000	97.385	135.3363
1625.000000	97.363	134.0278
1650.000000	97.336	132.7968
1675.000000	97.292	131.6408
1700.000000	97.237	130.6371
1725.000000	97.187	129.6660
1750.000000	97.123	128.7581
1775.000000	97.056	127.9871
1800.000000	96.986	127.2393
1825.000000	96.907	126.6155
1850.000000	96.824	126.0244
1875.000000	96.745	125.5688
1900.000000	96.662	125.1490
1925.000000	96.584	124.7965
1950.000000	96.506	124.5818
1975.000000	96.424	124.3647
2000.000000	96.346	124.2505
2030.000000	96.262	124.1649
2060.000000	96.177	124.1630
2090.000000	96.107	124.1906
2120.000000	96.029	124.3177
2140.000000	95.988	124.4650
2180.000000	95.910	124.7429
2200.000000	95.872	124.8959
2240.000000	95.814	125.3359
2270.000000	95.778	125.6837
2300.000000	95.743	126.0091
2330.000000	95.723	126.4001
2360.000000	95.701	126.8321
2400.000000	95.693	127.3500
2430.000000	95.687	127.8047
2470.000000	95.689	128.3304
2500.000000	95.697	128.7697
2540.000000	95.716	129.3161
2580.000000	95.739	129.8605
2620.000000	95.758	130.3293
2650.000000	95.784	130.6603
2690.000000	95.814	131.1307
2720.000000	95.829	131.4124
2760.000000	95.848	131.8200
2800.000000	95.857	132.1571
2850.000000	95.857	132.6687
2900.000000	95.835	133.2632
2950.000000	95.794	134.0030
3000.000000	95.752	134.9676
3040.000000	95.725	135.9168
3070.000000	95.706	136.7224
3110.000000	95.699	137.8625
3150.000000	95.707	139.1523
3200.000000	95.733	140.8873
3250.000000	95.809	142.7973
3300.000000	95.926	144.6779
3350.000000	96.095	146.5114
3400.000000	96.303	148.1669
3450.000000	96.547	149.6130
3500.000000	96.800	150.8259
3550.000000	97.057	151.7404
3600.000000	97.305	152.5590
3650.000000	97.557	153.1935
3700.000000	97.802	153.7520
3750.000000	98.051	154.1639
3820.000000	98.384	154.4862
3870.000000	98.615	154.5687
3950.000000	98.950	154.4627
4000.000000	99.144	154.2316
4060.000000	99.354	153.8604
4120.000000	99.539	153.4388
4180.000000	99.698	152.8828
4250.000000	99.845	152.1515
4310.000000	99.930	151.4915
4370.000000	99.982	150.8625
4440.000000	99.997	150.3387
4500.000000	100.042	149.5907
4550.000000	99.958	149.1297
4620.000000	99.847	148.8795
4680.000000	99.722	148.8881
4750.000000	99.548	149.2581
4820.000000	99.360	150.0400
4870.000000	99.217	150.9455
4940.000000	99.040	152.5393
5000.000000	98.910	154.3426
5080.000000	98.804	157.2007
5150.000000	98.793	159.9830
5220.000000	98.861	162.9296
5300.000000	99.058	166.1620
5380.000000	99.354	169.0977
5450.000000	99.685	171.2112
5520.000000	100.057	172.7283
5600.000000	100.496	173.7111
5700.000000	101.001	173.7814
5800.000000	101.373	172.7923
5900.000000	101.547	171.3361
6000.000000	101.535	169.9864
6080.000000	101.413	169.3248
6150.000000	101.257	169.1721
6220.000000	101.072	169.4216
6300.000000	100.859	170.2033
6400.000000	100.611	171.7764
6500.000000	100.408	173.8815
6600.000000	100.268	176.3935
6700.000000	100.196	179.1851
6800.000000	100.206	-177.9178
6900.000000	100.329	-175.1116
7000.000000	100.446	-173.6308
7100.000000	100.470	-169.8033
7200.000000	100.816	-167.0780
7300.000000	101.120	-165.7472
7400.000000	101.366	-161.5577
7500.000000	102.142	-160.5466
7620.000000	102.875	-161.1085
7750.000000	103.617	-163.2228
7880.000000	104.214	-167.2946
8000.000000	104.516	-172.5375
8120.000000	104.495	-178.3839
8250.000000	104.116	175.7303
8380.000000	103.480	171.0215
8500.000000	102.746	167.8363
8620.000000	101.922	165.8422
8750.000000	100.980	165.0052
8850.000000	100.251	165.2956
9000.000000	99.223	167.1770
9120.000000	98.492	169.5893
9250.000000	97.802	172.7563
9380.000000	97.231	176.3171
9500.000000	96.772	179.7769
9620.000000	96.398	-176.6977
9750.000000	96.074	-172.7561
9880.000000	95.808	-168.9325
10000.000000	95.632	-165.4306
10150.000000	95.505	-161.0457
10300.000000	95.331	-157.6054
10440.000000	95.261	-154.1122
10600.000000	95.256	-150.5175
10750.000000	95.317	-147.4662
10900.000000	95.439	-145.0773
11060.000000	95.614	-143.3541
11200.000000	95.746	-142.7072
11380.000000	95.896	-142.9960
11500.000000	95.942	-143.8475
11720.000000	95.834	-146.7928
11800.000000	95.740	-148.1575
12060.000000	95.158	-153.5166
12200.000000	94.669	-156.8726
12410.000000	93.619	-162.1494
12500.000000	92.961	-164.4986
12650.000000	91.505	-166.3684
12800.000000	89.973	-163.2283
13150.000000	88.753	-149.9503
13200.000000	88.828	-148.6014
13400.000000	89.073	-145.5612
13600.000000	89.499	-145.5597
13800.000000	89.961	-148.0513
14000.000000	90.366	-152.7778
14300.000000	90.640	-163.6567
14500.000000	90.538	-172.0981
14750.000000	89.991	177.1797
15000.000000	89.323	168.9512
15250.000000	88.611	160.4762
15500.000000	87.919	152.0462
15750.000000	87.164	143.5749
16000.000000	86.381	135.1325
16250.000000	85.645	128.4458
16500.000000	85.780	118.9062
16750.000000	85.438	104.3518
17000.000000	85.481	91.2496
17250.000000	86.646	61.2480
17500.000000	83.874	26.5244
17750.000000	81.621	1.4990
18000.000000	79.503	-28.9809
18250.000000	76.650	-61.6611
18500.000000	73.822	-94.5765
18750.000000	71.388	-134.4757
19000.000000	68.788	-179.1177
19250.000000	67.405	123.9796
19500.000000	66.641	54.7326
19750.000000	65.639	-25.9038
