* Measurement data measured by REW V5.31.3
* Source: USB-C to 3.5mm Headphone Jack Adapter, USB-C to 3.5mm Headphone Jack Adapter, 0, volume: 0.138
* Format: 256k Log Swept Sine, 1 sweep at -12.0 dBFS with no timing reference
* Dated: Oct 25, 2024 2:07:26 PM
* REW Settings:
*  C-weighting compensation: Off
*  Target level: 75.0 dB
* Note: 
* Measurement: L
* Smoothing: None
* Frequency Step: 1/48 octave
* Start Frequency: 20.000 Hz
*
* Freq(Hz)	SPL(dB)	Phase(degrees)
20.000000	95.650	-152.5911
20.299999	95.665	-153.0352
20.600000	95.680	-153.4618
20.900000	95.695	-153.8756
21.200001	95.711	-154.2830
21.400000	95.722	-154.5539
21.799999	95.741	-155.0957
22.000000	95.750	-155.3647
22.400000	95.764	-155.8906
22.700001	95.774	-156.2664
23.000000	95.783	-156.6244
23.299999	95.793	-156.9692
23.600000	95.805	-157.3100
24.000000	95.822	-157.7743
24.299999	95.833	-158.1323
24.700001	95.844	-158.6093
25.000000	95.849	-158.9494
25.400000	95.855	-159.3628
25.799999	95.864	-159.7376
26.200001	95.878	-160.1078
26.500000	95.891	-160.4036
26.900000	95.906	-160.8270
27.200001	95.913	-161.1532
27.600000	95.916	-161.5647
28.000000	95.915	-161.9241
28.500000	95.917	-162.3069
29.000000	95.928	-162.6752
29.500000	95.941	-163.0713
30.000000	95.951	-163.4820
30.400000	95.957	-163.8009
30.700001	95.961	-164.0320
31.100000	95.966	-164.3360
31.500000	95.972	-164.6423
32.000000	95.976	-165.0226
32.500000	95.978	-165.3812
33.000000	95.981	-165.7148
33.500000	95.987	-166.0437
34.000000	95.993	-166.3840
34.500000	95.996	-166.7255
35.000000	95.996	-167.0468
35.500000	95.997	-167.3422
36.000000	96.000	-167.6267
36.500000	96.004	-167.9171
37.000000	96.008	-168.2152
37.500000	96.008	-168.5093
38.200001	96.007	-168.8921
38.700001	96.008	-169.1499
39.500000	96.012	-169.5718
40.000000	96.012	-169.8386
40.599998	96.011	-170.1370
41.200001	96.011	-170.4142
41.799999	96.014	-170.6959
42.500000	96.014	-171.0296
43.099998	96.012	-171.2903
43.700001	96.012	-171.5300
44.400002	96.015	-171.8240
45.000000	96.014	-172.0998
45.500000	96.010	-172.3275
46.200001	96.001	-172.6048
46.799999	95.998	-172.8147
47.500000	96.001	-173.1074
48.200001	95.994	-173.4395
48.700001	95.986	-173.6226
49.400002	95.990	-173.8290
50.000000	96.003	-174.1035
50.799999	95.992	-174.5008
51.500000	95.987	-174.6055
52.200001	96.029	-174.7863
53.000000	96.051	-175.4652
53.799999	95.984	-175.9181
54.500000	95.948	-175.8325
55.200001	95.965	-175.8485
56.000000	95.970	-176.1469
57.000000	95.951	-176.3987
58.000000	95.942	-176.6866
59.000000	95.928	-176.9416
60.000000	95.928	-177.2517
60.799999	95.918	-177.5202
61.500000	95.912	-177.7003
62.200001	95.911	-177.8805
63.000000	95.912	-178.0948
64.000000	95.909	-178.3868
65.000000	95.901	-178.5918
66.000000	95.914	-178.8510
67.000000	95.893	-179.2560
68.000000	95.865	-179.3828
69.000000	95.868	-179.5687
70.000000	95.861	-179.8292
71.000000	95.847	179.9040
72.000000	95.828	179.7793
73.000000	95.844	179.5830
74.000000	95.824	179.1890
75.000000	95.796	179.0983
76.199997	95.804	178.8561
77.500000	95.784	178.5437
78.800003	95.779	178.2923
80.000000	95.763	178.0382
81.199997	95.764	177.8837
82.500000	95.752	177.5071
83.800003	95.726	177.3404
85.000000	95.712	177.1140
86.199997	95.695	176.9207
87.500000	95.677	176.6836
88.500000	95.671	176.5374
90.000000	95.656	176.2041
91.199997	95.644	176.0188
92.500000	95.629	175.7797
93.800003	95.614	175.5881
95.000000	95.601	175.3965
96.199997	95.587	175.2066
97.500000	95.572	175.0010
98.800003	95.555	174.8109
100.000000	95.543	174.6265
101.500000	95.521	174.3957
103.000000	95.503	174.1824
104.400002	95.485	173.9579
106.000000	95.463	173.7771
107.500000	95.446	173.5199
109.000000	95.417	173.3220
110.599998	95.393	173.2134
112.000000	95.383	172.9763
113.800003	95.361	172.7194
115.000000	95.349	172.5406
117.199997	95.326	172.3020
118.000000	95.308	172.1981
120.599998	95.300	171.7938
122.000000	95.249	171.7701
124.099998	95.218	171.4838
125.000000	95.208	171.3754
126.500000	95.186	171.2284
128.000000	95.157	171.0396
131.500000	95.088	170.6594
132.000000	95.077	170.6979
134.000000	95.068	170.4454
136.000000	95.042	170.2806
138.000000	95.005	170.1263
140.000000	94.978	169.9847
143.000000	94.920	169.7277
145.000000	94.875	169.5812
147.500000	94.826	169.4592
150.000000	94.766	169.4103
152.500000	94.740	169.3789
155.000000	94.718	169.5215
157.500000	94.704	169.5575
160.000000	94.720	169.5989
162.500000	94.726	169.4106
165.000000	94.755	168.9029
167.500000	94.714	168.6352
170.000000	94.687	168.3196
172.500000	94.655	168.0296
175.000000	94.600	167.6314
177.500000	94.594	167.6811
180.000000	94.555	167.3486
182.500000	94.521	167.2158
185.000000	94.484	167.0076
187.500000	94.443	166.8128
190.000000	94.410	166.6595
192.500000	94.369	166.5081
195.000000	94.333	166.3261
197.500000	94.297	166.1633
200.000000	94.255	166.0347
203.000000	94.211	165.9349
206.000000	94.165	165.7404
209.000000	94.119	165.5927
212.000000	94.066	165.4584
214.000000	94.050	165.4318
218.000000	93.981	165.2461
220.000000	93.961	165.0611
224.000000	93.892	165.0397
227.000000	93.852	164.9055
230.000000	93.807	164.8234
233.000000	93.762	164.7311
236.000000	93.719	164.6595
240.000000	93.664	164.5778
243.000000	93.611	164.5223
247.000000	93.554	164.4325
250.000000	93.513	164.3443
254.000000	93.452	164.2672
258.000000	93.397	164.2038
262.000000	93.338	164.1559
265.000000	93.290	164.1425
269.000000	93.235	164.0666
272.000000	93.193	164.0377
276.000000	93.136	164.0188
280.000000	93.076	163.9873
285.000000	93.006	163.9996
290.000000	92.935	164.0081
295.000000	92.862	164.0171
300.000000	92.790	164.0661
304.000000	92.732	164.1057
307.000000	92.692	164.1585
311.000000	92.637	164.2064
315.000000	92.581	164.2983
320.000000	92.518	164.4440
325.000000	92.459	164.5820
330.000000	92.411	164.6960
335.000000	92.364	164.7666
340.000000	92.310	164.8112
345.000000	92.255	164.8514
350.000000	92.194	164.8897
355.000000	92.132	164.9838
360.000000	92.071	165.0582
365.000000	92.011	165.1833
370.000000	91.951	165.2794
375.000000	91.890	165.4139
382.000000	91.807	165.6071
387.000000	91.750	165.7922
395.000000	91.661	166.0494
400.000000	91.607	166.2219
406.000000	91.538	166.4687
412.000000	91.480	166.7048
418.000000	91.418	166.9431
425.000000	91.353	167.2495
431.000000	91.297	167.4988
437.000000	91.249	167.7448
444.000000	91.183	168.0234
450.000000	91.135	168.2992
455.000000	91.092	168.4704
462.000000	91.035	168.7609
468.000000	90.986	168.9811
475.000000	90.924	169.2531
482.000000	90.868	169.5642
487.000000	90.823	169.7712
494.000000	90.765	170.0693
500.000000	90.713	170.3424
508.000000	90.648	170.7328
515.000000	90.590	171.0703
522.000000	90.535	171.4120
530.000000	90.472	171.8260
538.000000	90.414	172.2305
545.000000	90.362	172.6136
552.000000	90.312	172.9912
560.000000	90.256	173.4431
570.000000	90.192	173.9925
580.000000	90.123	174.6082
590.000000	90.062	175.1808
600.000000	89.998	175.7770
608.000000	89.956	176.2427
615.000000	89.918	176.6851
622.000000	89.882	177.1463
630.000000	89.841	177.6530
640.000000	89.785	178.2455
650.000000	89.741	178.9204
660.000000	89.702	179.5493
670.000000	89.653	-179.7993
680.000000	89.616	-179.1308
690.000000	89.583	-178.4572
700.000000	89.548	-177.7767
710.000000	89.513	-177.0964
720.000000	89.485	-176.3938
730.000000	89.458	-175.6952
740.000000	89.436	-175.0097
750.000000	89.416	-174.3151
762.000000	89.395	-173.4531
775.000000	89.377	-172.4841
788.000000	89.360	-171.5739
800.000000	89.351	-170.6970
812.000000	89.345	-169.8176
825.000000	89.350	-168.8995
838.000000	89.354	-167.9095
850.000000	89.362	-167.0323
862.000000	89.378	-166.1598
875.000000	89.396	-165.2210
885.000000	89.415	-164.4702
900.000000	89.453	-163.3919
912.000000	89.486	-162.5736
925.000000	89.532	-161.6653
938.000000	89.578	-160.7684
950.000000	89.626	-159.9438
962.000000	89.678	-159.1147
975.000000	89.746	-158.2916
988.000000	89.810	-157.4541
1000.000000	89.872	-156.7519
1015.000000	89.969	-155.8440
1030.000000	90.054	-155.0119
1044.000000	90.148	-154.2393
1060.000000	90.248	-153.4322
1075.000000	90.357	-152.7044
1090.000000	90.462	-152.0477
1106.000000	90.576	-151.3558
1120.000000	90.683	-150.8009
1138.000000	90.814	-150.1407
1150.000000	90.899	-149.7335
1172.000000	91.059	-149.0674
1180.000000	91.116	-148.8413
1206.000000	91.299	-148.1608
1220.000000	91.397	-147.8061
1241.000000	91.541	-147.3686
1250.000000	91.600	-147.1730
1265.000000	91.699	-146.9056
1280.000000	91.799	-146.5935
1315.000000	92.024	-145.9903
1320.000000	92.054	-145.9442
1340.000000	92.181	-145.6030
1360.000000	92.303	-145.3119
1380.000000	92.421	-145.0470
1400.000000	92.546	-144.7835
1430.000000	92.730	-144.3999
1450.000000	92.850	-144.1968
1475.000000	93.001	-143.9234
1500.000000	93.153	-143.6736
1525.000000	93.313	-143.4491
1550.000000	93.465	-143.2709
1575.000000	93.632	-143.1140
1600.000000	93.795	-142.9977
1625.000000	93.959	-142.9173
1650.000000	94.125	-142.8881
1675.000000	94.298	-142.9097
1700.000000	94.470	-142.9905
1725.000000	94.646	-143.1418
1750.000000	94.820	-143.3303
1775.000000	94.995	-143.5938
1800.000000	95.172	-143.9612
1825.000000	95.344	-144.3739
1850.000000	95.516	-144.8813
1875.000000	95.687	-145.4436
1900.000000	95.853	-146.1024
1925.000000	96.014	-146.8596
1950.000000	96.166	-147.6931
1975.000000	96.311	-148.6198
2000.000000	96.443	-149.6418
2030.000000	96.595	-150.9153
2060.000000	96.722	-152.3221
2090.000000	96.828	-153.8189
2120.000000	96.913	-155.3815
2140.000000	96.956	-156.4680
2180.000000	97.004	-158.6423
2200.000000	97.011	-159.7703
2240.000000	96.986	-161.9700
2270.000000	96.937	-163.5747
2300.000000	96.864	-165.1207
2330.000000	96.770	-166.5935
2360.000000	96.650	-167.9759
2400.000000	96.469	-169.6415
2430.000000	96.311	-170.7368
2470.000000	96.089	-172.0045
2500.000000	95.911	-172.8133
2540.000000	95.661	-173.7178
2580.000000	95.410	-174.3921
2620.000000	95.158	-174.8603
2650.000000	94.969	-175.0862
2690.000000	94.720	-175.2567
2720.000000	94.536	-175.2593
2760.000000	94.299	-175.1537
2800.000000	94.068	-174.9042
2850.000000	93.797	-174.4216
2900.000000	93.541	-173.7731
2950.000000	93.305	-172.9334
3000.000000	93.096	-172.0159
3040.000000	92.937	-171.1726
3070.000000	92.828	-170.5100
3110.000000	92.701	-169.5964
3150.000000	92.588	-168.6059
3200.000000	92.468	-167.4110
3250.000000	92.371	-166.1938
3300.000000	92.297	-164.9795
3350.000000	92.242	-163.8487
3400.000000	92.206	-162.7681
3450.000000	92.181	-161.7774
3500.000000	92.167	-160.8876
3550.000000	92.153	-160.0478
3600.000000	92.138	-159.3178
3650.000000	92.121	-158.6276
3700.000000	92.101	-158.0121
3750.000000	92.082	-157.4013
3820.000000	92.036	-156.5261
3870.000000	92.002	-155.8885
3950.000000	91.951	-154.8468
4000.000000	91.929	-154.2312
4060.000000	91.880	-153.3612
4120.000000	91.845	-152.5776
4180.000000	91.816	-151.7268
4250.000000	91.769	-150.7661
4310.000000	91.726	-149.8622
4370.000000	91.692	-148.9879
4440.000000	91.642	-147.8569
4500.000000	91.604	-146.8576
4550.000000	91.568	-145.8694
4620.000000	91.535	-144.4095
4680.000000	91.515	-142.9790
4750.000000	91.525	-141.0779
4820.000000	91.597	-138.9778
4870.000000	91.690	-137.4706
4940.000000	91.916	-135.3544
5000.000000	92.200	-133.9335
5080.000000	92.672	-132.7948
5150.000000	93.090	-133.0365
5220.000000	93.453	-134.2579
5300.000000	93.700	-136.4631
5380.000000	93.770	-138.7952
5450.000000	93.700	-140.5364
5520.000000	93.566	-141.9005
5600.000000	93.362	-142.7679
5700.000000	93.088	-143.2149
5800.000000	92.836	-143.0142
5900.000000	92.597	-142.6664
6000.000000	92.338	-141.9084
6080.000000	92.135	-141.0479
6150.000000	91.963	-139.8958
6220.000000	91.811	-138.5993
6300.000000	91.680	-136.8256
6400.000000	91.573	-134.3133
6500.000000	91.539	-131.5931
6600.000000	91.576	-128.8138
6700.000000	91.703	-125.9686
6800.000000	91.891	-123.2115
6900.000000	92.149	-120.5384
7000.000000	92.471	-117.9477
7100.000000	92.853	-115.3453
7200.000000	93.356	-112.6202
7300.000000	94.037	-110.0272
7400.000000	94.942	-108.3376
7500.000000	95.995	-108.1091
7620.000000	97.376	-110.2995
7750.000000	98.875	-116.5607
7880.000000	100.004	-127.2673
8000.000000	100.352	-139.4304
8120.000000	99.982	-150.7587
8250.000000	99.086	-159.8288
8380.000000	98.010	-165.2500
8500.000000	97.122	-167.4363
8620.000000	96.465	-168.4079
8750.000000	95.888	-169.2884
8850.000000	95.494	-169.6309
9000.000000	95.004	-169.4970
9120.000000	94.729	-169.1922
9250.000000	94.526	-168.7961
9380.000000	94.407	-168.3927
9500.000000	94.379	-167.9959
9620.000000	94.447	-167.7293
9750.000000	94.614	-167.8302
9880.000000	94.870	-168.3813
10000.000000	95.162	-169.3713
10150.000000	95.607	-171.5136
10300.000000	96.134	-174.7836
10440.000000	96.654	-179.1942
10600.000000	97.186	173.5219
10750.000000	97.353	164.2202
10900.000000	96.791	155.5118
11060.000000	96.309	152.5399
11200.000000	96.592	146.8873
11380.000000	95.809	136.8732
11500.000000	95.357	135.8155
11720.000000	95.714	126.8278
11800.000000	95.446	121.3962
12060.000000	94.247	112.4938
12200.000000	93.899	107.2114
12410.000000	93.189	99.4129
12500.000000	92.903	96.1178
12650.000000	92.375	90.3449
12800.000000	91.779	84.6018
13150.000000	90.316	73.9395
13200.000000	90.138	72.4708
13400.000000	89.464	66.1028
13600.000000	88.717	59.3929
13800.000000	87.989	54.1750
14000.000000	87.563	48.8369
14300.000000	87.194	38.2682
14500.000000	86.871	29.1653
14750.000000	86.044	17.4401
15000.000000	85.456	10.4288
15250.000000	85.621	-0.1312
15500.000000	85.503	-10.7981
15750.000000	86.347	-21.4366
16000.000000	87.595	-38.3696
16250.000000	88.853	-58.6235
16500.000000	91.367	-80.2157
16750.000000	94.508	-127.4574
17000.000000	93.315	171.7756
17250.000000	89.612	127.8736
17500.000000	86.174	97.5137
17750.000000	84.260	71.2830
18000.000000	83.028	39.4819
18250.000000	81.901	3.3350
18500.000000	80.672	-35.9860
18750.000000	79.557	-78.4219
19000.000000	79.152	-125.4832
19250.000000	78.608	173.1901
19500.000000	77.083	104.1257
19750.000000	75.344	26.3547
