* Measurement data measured by REW V5.31.3
* Source: USB-C to 3.5mm Headphone Jack Adapter, USB-C to 3.5mm Headphone Jack Adapter, 0, volume: 0.138
* Format: 256k Log Swept Sine, 1 sweep at -12.0 dBFS with no timing reference
* Dated: Oct 25, 2024 2:11:07 PM
* REW Settings:
*  C-weighting compensation: Off
*  Target level: 75.0 dB
* Note: 
* Measurement: R
* Smoothing: None
* Frequency Step: 1/48 octave
* Start Frequency: 20.000 Hz
*
* Freq(Hz)	SPL(dB)	Phase(degrees)
20.000000	94.053	-146.9073
20.299999	94.076	-147.4541
20.600000	94.097	-147.9835
20.900000	94.118	-148.4962
21.200001	94.138	-148.9945
21.400000	94.151	-149.3199
21.799999	94.176	-149.9560
22.000000	94.188	-150.2668
22.400000	94.210	-150.8731
22.700001	94.226	-151.3139
23.000000	94.242	-151.7433
23.299999	94.257	-152.1622
23.600000	94.272	-152.5716
24.000000	94.291	-153.1036
24.299999	94.305	-153.4922
24.700001	94.323	-153.9971
25.000000	94.336	-154.3686
25.400000	94.354	-154.8599
25.799999	94.371	-155.3512
26.200001	94.384	-155.8395
26.500000	94.392	-156.1961
26.900000	94.399	-156.6460
27.200001	94.404	-156.9590
27.600000	94.413	-157.3495
28.000000	94.425	-157.7280
28.500000	94.444	-158.2212
29.000000	94.461	-158.7498
29.500000	94.469	-159.2807
30.000000	94.471	-159.7648
30.400000	94.474	-160.1105
30.700001	94.478	-160.3562
31.100000	94.486	-160.6844
31.500000	94.496	-161.0263
32.000000	94.505	-161.4648
32.500000	94.510	-161.8871
33.000000	94.515	-162.2775
33.500000	94.523	-162.6521
34.000000	94.532	-163.0342
34.500000	94.538	-163.4232
35.000000	94.540	-163.7959
35.500000	94.541	-164.1367
36.000000	94.545	-164.4549
36.500000	94.550	-164.7721
37.000000	94.556	-165.0994
37.500000	94.559	-165.4308
38.200001	94.560	-165.8788
38.700001	94.561	-166.1818
39.500000	94.562	-166.6500
40.000000	94.564	-166.9408
40.599998	94.565	-167.2902
41.200001	94.566	-167.6317
41.799999	94.566	-167.9564
42.500000	94.567	-168.3189
43.099998	94.569	-168.6270
43.700001	94.569	-168.9303
44.400002	94.569	-169.2702
45.000000	94.569	-169.5538
45.500000	94.567	-169.7857
46.200001	94.564	-170.0968
46.799999	94.561	-170.3540
47.500000	94.558	-170.6550
48.200001	94.554	-170.9578
48.700001	94.552	-171.1826
49.400002	94.544	-171.5075
50.000000	94.533	-171.7435
50.799999	94.532	-171.9833
51.500000	94.547	-172.2999
52.200001	94.542	-172.7421
53.000000	94.506	-173.0432
53.799999	94.503	-173.1029
54.500000	94.527	-173.3118
55.200001	94.531	-173.6543
56.000000	94.517	-173.9271
57.000000	94.514	-174.2045
58.000000	94.502	-174.5094
59.000000	94.499	-174.7378
60.000000	94.502	-175.0822
60.799999	94.494	-175.3568
61.500000	94.488	-175.5787
62.200001	94.480	-175.7886
63.000000	94.475	-175.9778
64.000000	94.479	-176.2876
65.000000	94.458	-176.5931
66.000000	94.453	-176.7098
67.000000	94.461	-177.0286
68.000000	94.441	-177.3201
69.000000	94.435	-177.5668
70.000000	94.417	-177.8584
71.000000	94.407	-178.0383
72.000000	94.408	-178.3039
73.000000	94.397	-178.5755
74.000000	94.385	-178.7832
75.000000	94.378	-178.9504
76.199997	94.375	-179.2087
77.500000	94.360	-179.4660
78.800003	94.356	-179.7652
80.000000	94.334	-179.9972
81.199997	94.342	179.7725
82.500000	94.315	179.4160
83.800003	94.309	179.2773
85.000000	94.295	179.0119
86.199997	94.283	178.8508
87.500000	94.263	178.6008
88.500000	94.253	178.4972
90.000000	94.243	178.1754
91.199997	94.230	177.9735
92.500000	94.215	177.7238
93.800003	94.205	177.5216
95.000000	94.192	177.3112
96.199997	94.180	177.1303
97.500000	94.164	176.9311
98.800003	94.152	176.7497
100.000000	94.140	176.5524
101.500000	94.122	176.3483
103.000000	94.106	176.1151
104.400002	94.092	175.9437
106.000000	94.071	175.6634
107.500000	94.051	175.5216
109.000000	94.036	175.2895
110.599998	94.009	175.1842
112.000000	94.009	174.9586
113.800003	93.980	174.7259
115.000000	93.965	174.5370
117.199997	93.944	174.2359
118.000000	93.933	174.1730
120.599998	93.893	173.7581
122.000000	93.887	173.7220
124.099998	93.862	173.5373
125.000000	93.855	173.4215
126.500000	93.829	173.2004
128.000000	93.812	173.1199
131.500000	93.774	172.6676
132.000000	93.762	172.6285
134.000000	93.741	172.5084
136.000000	93.717	172.2719
138.000000	93.692	172.1475
140.000000	93.667	171.9897
143.000000	93.632	171.6294
145.000000	93.607	171.4804
147.500000	93.573	171.2968
150.000000	93.540	171.1430
152.500000	93.514	170.8627
155.000000	93.475	170.6498
157.500000	93.439	170.5089
160.000000	93.401	170.3534
162.500000	93.372	170.0992
165.000000	93.365	169.7635
167.500000	93.307	169.7596
170.000000	93.283	169.8254
172.500000	93.228	169.6426
175.000000	93.208	169.2708
177.500000	93.193	169.1196
180.000000	93.149	169.0658
182.500000	93.125	168.9518
185.000000	93.100	168.8729
187.500000	93.068	168.7744
190.000000	93.008	168.6328
192.500000	92.996	168.4620
195.000000	92.962	168.2447
197.500000	92.932	168.1889
200.000000	92.896	168.0887
203.000000	92.853	167.9252
206.000000	92.820	167.8091
209.000000	92.771	167.7182
212.000000	92.730	167.6170
214.000000	92.702	167.5320
218.000000	92.641	167.4107
220.000000	92.614	167.3862
224.000000	92.560	167.2715
227.000000	92.522	167.2062
230.000000	92.482	167.2124
233.000000	92.446	167.1306
236.000000	92.416	167.1616
240.000000	92.349	167.0492
243.000000	92.322	167.0735
247.000000	92.282	166.9674
250.000000	92.250	166.9443
254.000000	92.212	166.8517
258.000000	92.171	166.8196
262.000000	92.128	166.7106
265.000000	92.099	166.6343
269.000000	92.047	166.5245
272.000000	92.012	166.4659
276.000000	91.964	166.3871
280.000000	91.908	166.2961
285.000000	91.842	166.2439
290.000000	91.778	166.2197
295.000000	91.711	166.1874
300.000000	91.647	166.1676
304.000000	91.593	166.1842
307.000000	91.555	166.1943
311.000000	91.505	166.1998
315.000000	91.455	166.2354
320.000000	91.394	166.2709
325.000000	91.332	166.3253
330.000000	91.271	166.3686
335.000000	91.210	166.4508
340.000000	91.146	166.5262
345.000000	91.093	166.5981
350.000000	91.031	166.7026
355.000000	90.974	166.7768
360.000000	90.917	166.9107
365.000000	90.855	167.0017
370.000000	90.803	167.1193
375.000000	90.746	167.2751
382.000000	90.669	167.4451
387.000000	90.617	167.5940
395.000000	90.528	167.8259
400.000000	90.472	167.9762
406.000000	90.413	168.2003
412.000000	90.351	168.4041
418.000000	90.283	168.5912
425.000000	90.218	168.8931
431.000000	90.156	169.1383
437.000000	90.096	169.3720
444.000000	90.030	169.7197
450.000000	89.979	170.0070
455.000000	89.930	170.2626
462.000000	89.880	170.5925
468.000000	89.834	170.8910
475.000000	89.786	171.2159
482.000000	89.731	171.4845
487.000000	89.699	171.6935
494.000000	89.643	171.9903
500.000000	89.595	172.2642
508.000000	89.531	172.6500
515.000000	89.482	172.9867
522.000000	89.431	173.3163
530.000000	89.374	173.7278
538.000000	89.321	174.1467
545.000000	89.274	174.5067
552.000000	89.225	174.8973
560.000000	89.176	175.3194
570.000000	89.114	175.8395
580.000000	89.053	176.3931
590.000000	88.994	176.9450
600.000000	88.932	177.5106
608.000000	88.888	178.0174
615.000000	88.847	178.3884
622.000000	88.818	178.8359
630.000000	88.776	179.3217
640.000000	88.723	179.9440
650.000000	88.678	-179.4153
660.000000	88.634	-178.7910
670.000000	88.595	-178.1279
680.000000	88.554	-177.4626
690.000000	88.519	-176.8532
700.000000	88.488	-176.1698
710.000000	88.453	-175.4757
720.000000	88.426	-174.8283
730.000000	88.403	-174.1512
740.000000	88.374	-173.4343
750.000000	88.354	-172.7286
762.000000	88.329	-171.8892
775.000000	88.315	-170.9825
788.000000	88.296	-170.0588
800.000000	88.292	-169.1981
812.000000	88.290	-168.2828
825.000000	88.290	-167.3702
838.000000	88.299	-166.4194
850.000000	88.304	-165.5559
862.000000	88.315	-164.7102
875.000000	88.341	-163.7299
885.000000	88.363	-163.0064
900.000000	88.396	-161.9166
912.000000	88.425	-161.1031
925.000000	88.465	-160.1831
938.000000	88.513	-159.2942
950.000000	88.562	-158.4864
962.000000	88.615	-157.7057
975.000000	88.676	-156.8594
988.000000	88.743	-156.0112
1000.000000	88.800	-155.2697
1015.000000	88.896	-154.4345
1030.000000	88.988	-153.5577
1044.000000	89.073	-152.8253
1060.000000	89.177	-152.0300
1075.000000	89.278	-151.2944
1090.000000	89.386	-150.5903
1106.000000	89.503	-149.9274
1120.000000	89.601	-149.3986
1138.000000	89.729	-148.7413
1150.000000	89.819	-148.3244
1172.000000	89.973	-147.6311
1180.000000	90.033	-147.4122
1206.000000	90.216	-146.7225
1220.000000	90.309	-146.3651
1241.000000	90.447	-145.9191
1250.000000	90.513	-145.7101
1265.000000	90.609	-145.4081
1280.000000	90.704	-145.1497
1315.000000	90.925	-144.5331
1320.000000	90.954	-144.4643
1340.000000	91.078	-144.1469
1360.000000	91.201	-143.8277
1380.000000	91.326	-143.5625
1400.000000	91.443	-143.2547
1430.000000	91.619	-142.8852
1450.000000	91.738	-142.6414
1475.000000	91.887	-142.3640
1500.000000	92.040	-142.0814
1525.000000	92.193	-141.8489
1550.000000	92.351	-141.6385
1575.000000	92.509	-141.4895
1600.000000	92.665	-141.3328
1625.000000	92.831	-141.2238
1650.000000	92.999	-141.1846
1675.000000	93.169	-141.1776
1700.000000	93.338	-141.2392
1725.000000	93.513	-141.3425
1750.000000	93.683	-141.5093
1775.000000	93.863	-141.7430
1800.000000	94.037	-142.0696
1825.000000	94.212	-142.4743
1850.000000	94.386	-142.9191
1875.000000	94.556	-143.4789
1900.000000	94.723	-144.1024
1925.000000	94.885	-144.8199
1950.000000	95.037	-145.6246
1975.000000	95.184	-146.5299
2000.000000	95.324	-147.4631
2030.000000	95.477	-148.7557
2060.000000	95.609	-150.1285
2090.000000	95.720	-151.5809
2120.000000	95.808	-153.1188
2140.000000	95.856	-154.1763
2180.000000	95.913	-156.3375
2200.000000	95.925	-157.4427
2240.000000	95.914	-159.6210
2270.000000	95.881	-161.2243
2300.000000	95.814	-162.7673
2330.000000	95.731	-164.2548
2360.000000	95.624	-165.6701
2400.000000	95.453	-167.3749
2430.000000	95.308	-168.5393
2470.000000	95.091	-169.9026
2500.000000	94.919	-170.8019
2540.000000	94.676	-171.7832
2580.000000	94.426	-172.5614
2620.000000	94.170	-173.1398
2650.000000	93.978	-173.4509
2690.000000	93.724	-173.6861
2720.000000	93.539	-173.7478
2760.000000	93.295	-173.7054
2800.000000	93.059	-173.4984
2850.000000	92.774	-173.0650
2900.000000	92.515	-172.4405
2950.000000	92.272	-171.6451
3000.000000	92.058	-170.7458
3040.000000	91.899	-170.0062
3070.000000	91.792	-169.3846
3110.000000	91.654	-168.5465
3150.000000	91.535	-167.6797
3200.000000	91.397	-166.5022
3250.000000	91.276	-165.3358
3300.000000	91.176	-164.1482
3350.000000	91.096	-162.9401
3400.000000	91.040	-161.7825
3450.000000	90.996	-160.6150
3500.000000	90.971	-159.5237
3550.000000	90.957	-158.5347
3600.000000	90.953	-157.6294
3650.000000	90.949	-156.7909
3700.000000	90.953	-155.9990
3750.000000	90.956	-155.3445
3820.000000	90.951	-154.4218
3870.000000	90.938	-153.8567
3950.000000	90.922	-152.8850
4000.000000	90.923	-152.2374
4060.000000	90.901	-151.5830
4120.000000	90.895	-150.9416
4180.000000	90.885	-150.3263
4250.000000	90.860	-149.6662
4310.000000	90.836	-149.1112
4370.000000	90.803	-148.5211
4440.000000	90.750	-147.8052
4500.000000	90.707	-147.1480
4550.000000	90.659	-146.4953
4620.000000	90.581	-145.5776
4680.000000	90.515	-144.6652
4750.000000	90.433	-143.3909
4820.000000	90.365	-141.8856
4870.000000	90.327	-140.6459
4940.000000	90.308	-138.6419
5000.000000	90.328	-136.6559
5080.000000	90.470	-133.7507
5150.000000	90.731	-131.3000
5220.000000	91.124	-129.3464
5300.000000	91.697	-128.3083
5380.000000	92.255	-128.9906
5450.000000	92.638	-130.7894
5520.000000	92.865	-133.1306
5600.000000	92.923	-135.8339
5700.000000	92.777	-138.4876
5800.000000	92.519	-140.1035
5900.000000	92.229	-140.7213
6000.000000	91.944	-140.6604
6080.000000	91.736	-140.1808
6150.000000	91.572	-139.4888
6220.000000	91.424	-138.6611
6300.000000	91.286	-137.3971
6400.000000	91.172	-135.6199
6500.000000	91.115	-133.6723
6600.000000	91.117	-131.5465
6700.000000	91.179	-129.3589
6800.000000	91.316	-127.1099
6900.000000	91.523	-124.9041
7000.000000	91.806	-122.7601
7100.000000	92.179	-120.8680
7200.000000	92.622	-119.1910
7300.000000	93.169	-117.7298
7400.000000	93.841	-116.6733
7500.000000	94.694	-116.5301
7620.000000	95.877	-118.5997
7750.000000	97.153	-124.4199
7880.000000	98.152	-134.0927
8000.000000	98.512	-145.6579
8120.000000	98.164	-157.2764
8250.000000	97.178	-167.2176
8380.000000	95.892	-173.5594
8500.000000	94.617	-176.1031
8620.000000	93.534	-175.2100
8750.000000	92.940	-172.9626
8850.000000	92.666	-172.3354
9000.000000	92.243	-172.0427
9120.000000	91.904	-171.6926
9250.000000	91.559	-170.7949
9380.000000	91.330	-169.1765
9500.000000	91.254	-167.7039
9620.000000	91.305	-166.4699
9750.000000	91.448	-165.6849
9880.000000	91.652	-165.2762
10000.000000	91.889	-165.1585
10150.000000	92.249	-165.4821
10300.000000	92.678	-166.2007
10440.000000	93.194	-167.4750
10600.000000	93.884	-169.7702
10750.000000	94.619	-172.9043
10900.000000	95.447	-177.4352
11060.000000	96.406	175.7554
11200.000000	97.240	167.3721
11380.000000	98.028	152.4764
11500.000000	98.134	139.9971
11720.000000	96.309	119.3082
11800.000000	95.550	117.2869
12060.000000	95.062	106.6595
12200.000000	94.052	96.5143
12410.000000	92.504	91.6125
12500.000000	92.182	88.6280
12650.000000	91.398	82.8823
12800.000000	90.573	79.0088
13150.000000	89.067	69.0806
13200.000000	88.819	68.0093
13400.000000	88.163	64.2556
13600.000000	87.697	58.7655
13800.000000	87.245	52.3419
14000.000000	86.749	44.9428
14300.000000	85.652	35.0364
14500.000000	85.316	31.3037
14750.000000	85.486	22.7867
15000.000000	85.668	11.3929
15250.000000	85.708	-1.7249
15500.000000	85.989	-13.0934
15750.000000	87.065	-27.6504
16000.000000	88.391	-47.8696
16250.000000	89.718	-71.1792
16500.000000	92.095	-100.6147
16750.000000	94.157	-150.8065
17000.000000	92.651	152.0188
17250.000000	89.067	104.3912
17500.000000	85.557	72.4058
17750.000000	82.750	36.7806
18000.000000	79.355	9.9390
18250.000000	77.549	-15.8525
18500.000000	77.329	-47.2718
18750.000000	77.257	-89.3878
19000.000000	74.820	-140.3478
19250.000000	74.383	172.2996
19500.000000	73.881	109.3099
19750.000000	72.781	35.3406
