* Measurement data measured by REW V5.31.3
* Source: USB-C to 3.5mm Headphone Jack Adapter, , 0, volume: 0.343
* Format: 256k Log Swept Sine, 1 sweep at -12.0 dBFS with no timing reference
* Dated: Feb 27, 2026 3:13:02 PM
* REW Settings:
*  C-weighting compensation: Off
*  Target level: 75.0 dB
* Note: ; 
* Measurement: R
* Smoothing: None
* Frequency Step: 1/48 octave
* Start Frequency: 20.000 Hz
*
* Freq(Hz)	SPL(dB)	Phase(degrees)
20.000000	111.434	18.8848
20.299999	111.435	18.2113
20.600000	111.435	17.5632
20.900000	111.433	16.9424
21.200001	111.433	16.3442
21.400000	111.434	15.9527
21.799999	111.437	15.1727
22.000000	111.439	14.7805
22.400000	111.440	13.9930
22.700001	111.439	13.4078
23.000000	111.435	12.8360
23.299999	111.431	12.2823
23.600000	111.427	11.7455
24.000000	111.422	11.0454
24.299999	111.420	10.5237
24.700001	111.416	9.8276
25.000000	111.411	9.3092
25.400000	111.403	8.6319
25.799999	111.392	7.9775
26.200001	111.381	7.3453
26.500000	111.372	6.8835
26.900000	111.359	6.2848
27.200001	111.348	5.8517
27.600000	111.334	5.2994
28.000000	111.321	4.7724
28.500000	111.309	4.1287
29.000000	111.300	3.4739
29.500000	111.288	2.8017
30.000000	111.272	2.1289
30.400000	111.256	1.6014
30.700001	111.243	1.2138
31.100000	111.224	0.7073
31.500000	111.204	0.2127
32.000000	111.176	-0.3851
32.500000	111.148	-0.9562
33.000000	111.120	-1.5027
33.500000	111.094	-2.0311
34.000000	111.069	-2.5493
34.500000	111.047	-3.0673
35.000000	111.025	-3.5957
35.500000	111.001	-4.1337
36.000000	110.972	-4.6633
36.500000	110.941	-5.1624
37.000000	110.910	-5.6258
37.500000	110.883	-6.0680
38.200001	110.849	-6.6855
38.700001	110.825	-7.1368
39.500000	110.785	-7.8728
40.000000	110.755	-8.3244
40.599998	110.715	-8.8260
41.200001	110.678	-9.2771
41.799999	110.647	-9.7151
42.500000	110.615	-10.2630
43.099998	110.582	-10.7575
43.700001	110.544	-11.2416
44.400002	110.494	-11.7648
45.000000	110.451	-12.1688
45.500000	110.419	-12.4830
46.200001	110.379	-12.9300
46.799999	110.346	-13.3421
47.500000	110.301	-13.8189
48.200001	110.257	-14.2610
48.700001	110.229	-14.5815
49.400002	110.183	-15.0494
50.000000	110.138	-15.4086
50.799999	110.084	-15.7927
51.500000	110.049	-16.1502
52.200001	110.008	-16.5526
53.000000	109.959	-16.9587
53.799999	109.919	-17.4069
54.500000	109.870	-17.9022
55.200001	109.797	-18.2905
56.000000	109.730	-18.4989
57.000000	109.693	-18.8934
58.000000	109.634	-19.5101
59.000000	109.561	-19.9636
60.000000	109.507	-20.3912
60.799999	109.460	-20.7775
61.500000	109.413	-21.0871
62.200001	109.367	-21.3524
63.000000	109.319	-21.6550
64.000000	109.251	-22.0411
65.000000	109.184	-22.3407
66.000000	109.130	-22.6887
67.000000	109.065	-23.0878
68.000000	109.000	-23.4199
69.000000	108.938	-23.7680
70.000000	108.875	-24.0750
71.000000	108.819	-24.3751
72.000000	108.757	-24.7036
73.000000	108.691	-24.9703
74.000000	108.633	-25.2210
75.000000	108.575	-25.5058
76.199997	108.500	-25.8516
77.500000	108.421	-26.1979
78.800003	108.341	-26.5179
80.000000	108.274	-26.7949
81.199997	108.202	-27.0828
82.500000	108.127	-27.3334
83.800003	108.054	-27.6122
85.000000	107.982	-27.8475
86.199997	107.914	-28.0642
87.500000	107.841	-28.3225
88.500000	107.783	-28.4855
90.000000	107.704	-28.7645
91.199997	107.630	-28.9539
92.500000	107.564	-29.1165
93.800003	107.494	-29.3405
95.000000	107.426	-29.5085
96.199997	107.363	-29.6660
97.500000	107.294	-29.8462
98.800003	107.224	-30.0151
100.000000	107.161	-30.1549
101.500000	107.084	-30.3304
103.000000	107.004	-30.4973
104.400002	106.934	-30.6283
106.000000	106.853	-30.7859
107.500000	106.779	-30.9351
109.000000	106.704	-31.0540
110.599998	106.625	-31.1707
112.000000	106.560	-31.2706
113.800003	106.470	-31.3947
115.000000	106.416	-31.4834
117.199997	106.315	-31.6292
118.000000	106.277	-31.6818
120.599998	106.162	-31.8574
122.000000	106.100	-31.8630
124.099998	105.999	-31.9077
125.000000	105.963	-31.9607
126.500000	105.891	-32.0100
128.000000	105.828	-32.0687
131.500000	105.682	-32.1402
132.000000	105.661	-32.1592
134.000000	105.575	-32.1985
136.000000	105.491	-32.2264
138.000000	105.409	-32.2624
140.000000	105.332	-32.2957
143.000000	105.214	-32.2709
145.000000	105.134	-32.2951
147.500000	105.040	-32.2716
150.000000	104.944	-32.2359
152.500000	104.854	-32.2049
155.000000	104.761	-32.1719
157.500000	104.668	-32.1097
160.000000	104.585	-32.0750
162.500000	104.497	-31.9986
165.000000	104.411	-31.9282
167.500000	104.329	-31.8595
170.000000	104.246	-31.7894
172.500000	104.164	-31.6884
175.000000	104.083	-31.5868
177.500000	104.003	-31.4970
180.000000	103.925	-31.3737
182.500000	103.848	-31.2993
185.000000	103.769	-31.1553
187.500000	103.691	-31.0250
190.000000	103.620	-30.9099
192.500000	103.540	-30.7410
195.000000	103.466	-30.6141
197.500000	103.399	-30.4378
200.000000	103.324	-30.2719
203.000000	103.235	-30.0243
206.000000	103.150	-29.7583
209.000000	103.068	-29.4592
212.000000	102.999	-29.1086
214.000000	102.959	-28.8816
218.000000	102.889	-28.4636
220.000000	102.860	-28.2907
224.000000	102.800	-28.0501
227.000000	102.751	-27.9052
230.000000	102.701	-27.7701
233.000000	102.647	-27.6555
236.000000	102.587	-27.5222
240.000000	102.510	-27.2607
243.000000	102.448	-27.1615
247.000000	102.364	-26.9379
250.000000	102.306	-26.7354
254.000000	102.230	-26.5115
258.000000	102.152	-26.2444
262.000000	102.081	-25.9799
265.000000	102.027	-25.7874
269.000000	101.956	-25.5125
272.000000	101.903	-25.3051
276.000000	101.830	-25.0033
280.000000	101.761	-24.7418
285.000000	101.680	-24.3572
290.000000	101.599	-23.9916
295.000000	101.521	-23.6051
300.000000	101.445	-23.2443
304.000000	101.384	-22.9173
307.000000	101.336	-22.6792
311.000000	101.279	-22.3730
315.000000	101.226	-22.0550
320.000000	101.156	-21.6603
325.000000	101.086	-21.2415
330.000000	101.021	-20.8601
335.000000	100.956	-20.4106
340.000000	100.892	-19.9580
345.000000	100.834	-19.5041
350.000000	100.786	-19.0638
355.000000	100.740	-18.6249
360.000000	100.700	-18.1849
365.000000	100.660	-17.7683
370.000000	100.615	-17.4326
375.000000	100.580	-17.1102
382.000000	100.516	-16.5714
387.000000	100.475	-16.2971
395.000000	100.405	-15.6773
400.000000	100.360	-15.3896
406.000000	100.308	-14.9315
412.000000	100.256	-14.4538
418.000000	100.203	-14.0198
425.000000	100.149	-13.4753
431.000000	100.106	-13.0486
437.000000	100.058	-12.6130
444.000000	100.013	-12.0862
450.000000	99.972	-11.6603
455.000000	99.935	-11.2753
462.000000	99.891	-10.7661
468.000000	99.849	-10.3207
475.000000	99.808	-9.8093
482.000000	99.770	-9.2794
487.000000	99.740	-8.9120
494.000000	99.703	-8.4223
500.000000	99.666	-7.9746
508.000000	99.625	-7.4360
515.000000	99.586	-6.9050
522.000000	99.555	-6.4159
530.000000	99.514	-5.8483
538.000000	99.476	-5.2663
545.000000	99.449	-4.7467
552.000000	99.415	-4.2207
560.000000	99.379	-3.6498
570.000000	99.336	-2.9233
580.000000	99.300	-2.2178
590.000000	99.266	-1.5000
600.000000	99.230	-0.7614
608.000000	99.207	-0.1788
615.000000	99.177	0.3326
622.000000	99.160	0.8377
630.000000	99.134	1.3998
640.000000	99.112	2.1056
650.000000	99.083	2.8409
660.000000	99.054	3.5767
670.000000	99.033	4.3158
680.000000	99.016	5.0280
690.000000	98.993	5.7680
700.000000	98.976	6.4708
710.000000	98.958	7.2489
720.000000	98.948	7.9696
730.000000	98.934	8.7356
740.000000	98.919	9.4920
750.000000	98.908	10.2441
762.000000	98.898	11.1316
775.000000	98.896	12.1140
788.000000	98.886	13.1429
800.000000	98.888	14.0880
812.000000	98.890	15.0446
825.000000	98.897	16.1009
838.000000	98.903	17.1571
850.000000	98.920	18.1169
862.000000	98.937	19.1481
875.000000	98.964	20.2808
885.000000	98.992	21.1296
900.000000	99.039	22.4731
912.000000	99.087	23.5349
925.000000	99.146	24.6846
938.000000	99.221	25.8397
950.000000	99.303	26.8922
962.000000	99.396	27.9470
975.000000	99.515	28.9740
988.000000	99.643	29.9827
1000.000000	99.771	30.7594
1015.000000	99.937	31.6268
1030.000000	100.101	32.3337
1044.000000	100.251	32.8582
1060.000000	100.415	33.3465
1075.000000	100.557	33.7421
1090.000000	100.690	34.0913
1106.000000	100.821	34.4412
1120.000000	100.930	34.7177
1138.000000	101.061	35.0439
1150.000000	101.147	35.2453
1172.000000	101.302	35.5996
1180.000000	101.352	35.7168
1206.000000	101.524	36.1009
1220.000000	101.609	36.2844
1241.000000	101.736	36.5273
1250.000000	101.786	36.6365
1265.000000	101.874	36.7798
1280.000000	101.953	36.9266
1315.000000	102.135	37.2452
1320.000000	102.162	37.2762
1340.000000	102.259	37.4400
1360.000000	102.352	37.6075
1380.000000	102.444	37.7564
1400.000000	102.529	37.9056
1430.000000	102.656	38.1230
1450.000000	102.735	38.2710
1475.000000	102.834	38.4424
1500.000000	102.926	38.6249
1525.000000	103.021	38.8078
1550.000000	103.111	38.9848
1575.000000	103.201	39.1717
1600.000000	103.291	39.3441
1625.000000	103.379	39.5240
1650.000000	103.466	39.6878
1675.000000	103.555	39.8526
1700.000000	103.640	40.0074
1725.000000	103.725	40.1458
1750.000000	103.812	40.2911
1775.000000	103.897	40.4207
1800.000000	103.980	40.5393
1825.000000	104.066	40.6400
1850.000000	104.148	40.7291
1875.000000	104.228	40.8087
1900.000000	104.313	40.8961
1925.000000	104.394	40.9357
1950.000000	104.473	41.0016
1975.000000	104.552	41.0343
2000.000000	104.628	41.0547
2030.000000	104.720	41.0541
2060.000000	104.811	41.0461
2090.000000	104.897	41.0222
2120.000000	104.981	40.9817
2140.000000	105.038	40.9465
2180.000000	105.144	40.8681
2200.000000	105.194	40.8225
2240.000000	105.295	40.7053
2270.000000	105.366	40.6049
2300.000000	105.435	40.5148
2330.000000	105.499	40.3960
2360.000000	105.565	40.3050
2400.000000	105.644	40.1518
2430.000000	105.703	40.0339
2470.000000	105.777	39.8729
2500.000000	105.830	39.7682
2540.000000	105.897	39.6248
2580.000000	105.959	39.4893
2620.000000	106.023	39.3477
2650.000000	106.071	39.2390
2690.000000	106.128	39.1167
2720.000000	106.174	39.0445
2760.000000	106.232	38.9246
2800.000000	106.290	38.8120
2850.000000	106.362	38.6827
2900.000000	106.437	38.5385
2950.000000	106.513	38.3818
3000.000000	106.592	38.2315
3040.000000	106.652	38.0901
3070.000000	106.699	37.9801
3110.000000	106.763	37.8085
3150.000000	106.829	37.6079
3200.000000	106.912	37.3404
3250.000000	106.996	37.0117
3300.000000	107.075	36.6275
3350.000000	107.155	36.2196
3400.000000	107.234	35.7409
3450.000000	107.306	35.2098
3500.000000	107.373	34.6153
3550.000000	107.433	33.9797
3600.000000	107.488	33.2910
3650.000000	107.531	32.5525
3700.000000	107.568	31.7899
3750.000000	107.592	30.9695
3820.000000	107.610	29.8117
3870.000000	107.606	28.9599
3950.000000	107.573	27.5837
4000.000000	107.539	26.7465
4060.000000	107.482	25.7712
4120.000000	107.413	24.8514
4180.000000	107.330	23.9938
4250.000000	107.228	23.0508
4310.000000	107.134	22.2859
4370.000000	107.033	21.5231
4440.000000	106.900	20.6529
4500.000000	106.771	19.9581
4550.000000	106.656	19.4163
4620.000000	106.482	18.7281
4680.000000	106.323	18.2093
4750.000000	106.128	17.7164
4820.000000	105.926	17.3240
4870.000000	105.775	17.1064
4940.000000	105.562	16.9230
5000.000000	105.373	16.8089
5080.000000	105.113	16.8567
5150.000000	104.885	17.0419
5220.000000	104.660	17.4017
5300.000000	104.412	17.9647
5380.000000	104.175	18.7353
5450.000000	103.985	19.4941
5520.000000	103.806	20.3351
5600.000000	103.617	21.3982
5700.000000	103.408	22.8650
5800.000000	103.228	24.4473
5900.000000	103.074	26.1424
6000.000000	102.959	27.9152
6080.000000	102.884	29.4027
6150.000000	102.839	30.7578
6220.000000	102.816	32.1066
6300.000000	102.812	33.6923
6400.000000	102.846	35.6780
6500.000000	102.923	37.6523
6600.000000	103.047	39.5893
6700.000000	103.215	41.4427
6800.000000	103.436	43.1744
6900.000000	103.716	44.7965
7000.000000	104.053	46.1891
7100.000000	104.453	47.3259
7200.000000	104.922	48.1241
7300.000000	105.461	48.4285
7400.000000	106.058	48.0511
7500.000000	106.711	46.9417
7620.000000	107.554	44.3124
7750.000000	108.483	39.3088
7880.000000	109.276	31.5609
8000.000000	109.674	22.1318
8120.000000	109.573	11.7642
8250.000000	108.919	1.5740
8380.000000	107.910	-6.2324
8500.000000	106.853	-11.3378
8620.000000	105.761	-14.6647
8750.000000	104.593	-16.6153
8850.000000	103.738	-17.0592
9000.000000	102.550	-16.1742
9120.000000	101.712	-14.3240
9250.000000	100.936	-11.2219
9380.000000	100.344	-6.7900
9500.000000	100.073	-1.9050
9620.000000	100.150	3.4381
9750.000000	100.693	8.1827
9880.000000	101.618	10.2704
10000.000000	102.447	8.8221
10150.000000	103.267	4.4348
10300.000000	103.774	-0.9740
10440.000000	104.100	-6.2380
10600.000000	104.415	-12.4491
10750.000000	104.683	-18.9785
10900.000000	104.901	-26.5681
11060.000000	104.971	-36.0177
11200.000000	104.808	-45.1577
11380.000000	104.215	-57.0957
11500.000000	103.599	-64.4741
11720.000000	102.176	-75.8136
11800.000000	101.627	-79.2207
12060.000000	99.866	-87.9375
12200.000000	98.985	-91.6260
12410.000000	97.782	-96.6119
12500.000000	97.303	-98.5738
12650.000000	96.514	-101.6862
12800.000000	95.771	-104.5948
13150.000000	94.210	-110.5332
13200.000000	94.026	-111.3151
13400.000000	93.340	-114.3646
13600.000000	92.763	-117.3605
13800.000000	92.353	-120.6740
14000.000000	92.097	-124.3853
14300.000000	91.982	-131.2348
14500.000000	92.132	-137.2300
14750.000000	92.513	-147.0002
15000.000000	92.986	-160.1226
15250.000000	93.590	-177.1971
15500.000000	93.824	161.1859
15750.000000	93.419	136.9351
16000.000000	92.514	112.8083
16250.000000	91.358	90.0527
16500.000000	90.170	68.3115
16750.000000	89.295	46.9927
17000.000000	88.749	24.4543
17250.000000	88.602	-0.7416
17500.000000	88.809	-32.1404
17750.000000	88.218	-71.9804
18000.000000	86.722	-100.3486
18250.000000	88.378	-135.4241
18500.000000	89.657	169.1179
18750.000000	88.848	100.3798
19000.000000	85.985	32.8662
19250.000000	81.990	-31.0486
19500.000000	79.399	-95.4620
19750.000000	76.633	-172.2751
