* Measurement data measured by REW V5.20
* Source: USB-C to 3.5mm Headphone Jack Adapter, USB-C to 3.5mm Headphone Jack Adapter, 0, volume: 0.138
* Format: 256k Log Swept Sine, 1 sweep at -12.0 dBFS with no timing reference
* Dated: Jul 1, 2024 5:03:26 PM
* REW Settings:
*  C-weighting compensation: Off
*  Target level: 75.0 dB
* Note: ; 
* Measurement: UUDD L
* Smoothing: None
* Frequency Step: 1/48 octave
* Start Frequency: 20.300 Hz
*
* Freq(Hz)	SPL(dB)	Phase(degrees)
20.299999	99.642609	-150.4634
20.600000	99.703270	-150.9653
20.900000	99.750771	-151.4529
21.200001	99.787216	-151.9512
21.400000	99.806503	-152.2788
21.799999	99.839211	-152.9032
22.000000	99.855667	-153.1979
22.400000	99.893585	-153.7662
22.700001	99.927879	-154.1971
23.000000	99.965057	-154.6476
23.299999	100.001442	-155.1193
23.600000	100.033485	-155.5993
24.000000	100.066925	-156.2126
24.299999	100.087128	-156.6297
24.700001	100.113953	-157.1265
25.000000	100.137848	-157.4803
25.400000	100.175705	-157.9768
25.799999	100.215027	-158.5369
26.200001	100.248482	-159.1432
26.500000	100.268013	-159.5921
26.900000	100.290268	-160.1366
27.200001	100.308418	-160.4935
27.600000	100.339409	-160.9267
28.000000	100.377396	-161.3596
28.500000	100.424438	-161.9515
29.000000	100.459572	-162.5732
29.500000	100.484680	-163.1620
30.000000	100.511490	-163.7126
30.400000	100.537674	-164.1606
30.700001	100.558243	-164.5143
31.100000	100.583252	-165.0010
31.500000	100.603851	-165.4740
32.000000	100.627617	-166.0105
32.500000	100.656189	-166.5049
33.000000	100.689415	-167.0217
33.500000	100.719269	-167.5899
34.000000	100.739670	-168.1743
34.500000	100.753036	-168.7280
35.000000	100.766197	-169.2430
35.500000	100.782669	-169.7448
36.000000	100.801163	-170.2542
36.500000	100.819595	-170.7712
37.000000	100.837196	-171.2878
37.500000	100.853622	-171.7995
38.200001	100.873711	-172.5008
38.700001	100.886543	-172.9899
39.500000	100.906235	-173.7751
40.000000	100.916580	-174.2727
40.599998	100.926697	-174.8469
41.200001	100.939026	-175.3761
41.799999	100.956123	-175.8936
42.500000	100.973267	-176.5379
43.099998	100.978424	-177.1049
43.700001	100.979980	-177.6518
44.400002	100.986412	-178.2866
45.000000	100.993240	-178.8364
45.500000	100.997658	-179.2690
46.200001	101.005829	-179.8239
46.799999	101.015121	179.6932
47.500000	101.019966	179.0851
48.200001	101.018463	178.4833
48.700001	101.019814	178.0659
49.400002	101.024338	177.4622
50.000000	101.022354	176.9451
50.799999	101.012558	176.3431
51.500000	101.011169	175.8654
52.200001	101.015373	175.3145
53.000000	101.008156	174.6037
53.799999	100.993416	173.9771
54.500000	100.993690	173.4836
55.200001	100.995270	172.9304
56.000000	100.976547	172.3073
57.000000	100.956734	171.6050
58.000000	100.942978	170.8251
59.000000	100.950966	170.3170
60.000000	100.987396	169.5588
60.799999	100.942787	168.7834
61.500000	100.886017	168.3616
62.200001	100.869759	167.9828
63.000000	100.866890	167.3445
64.000000	100.833466	166.6253
65.000000	100.812706	166.0587
66.000000	100.799545	165.3273
67.000000	100.767738	164.6111
68.000000	100.736839	164.0524
69.000000	100.713150	163.4368
70.000000	100.681183	162.7866
71.000000	100.656693	162.1608
72.000000	100.626450	161.4925
73.000000	100.586769	160.9067
74.000000	100.556656	160.3735
75.000000	100.529320	159.8301
76.199997	100.497749	159.1344
77.500000	100.442657	158.3229
78.800003	100.395210	157.5483
80.000000	100.354912	156.8984
81.199997	100.330948	156.2836
82.500000	100.262032	155.5626
83.800003	100.209030	154.8910
85.000000	100.162247	154.1908
86.199997	100.114098	153.5920
87.500000	100.062225	152.9632
88.500000	100.015495	152.4177
90.000000	99.947144	151.7124
91.199997	99.904564	151.0836
92.500000	99.842934	150.4396
93.800003	99.785019	149.8068
95.000000	99.725891	149.2267
96.199997	99.663956	148.7584
97.500000	99.609772	148.2268
98.800003	99.543961	147.5651
100.000000	99.490295	147.0059
101.500000	99.415764	146.3575
103.000000	99.345070	145.7520
104.400002	99.263245	145.1358
106.000000	99.184402	144.4569
107.500000	99.101334	143.8519
109.000000	99.021286	143.2433
110.599998	98.934219	142.6438
112.000000	98.876755	142.1802
113.800003	98.773399	141.4663
115.000000	98.704498	141.0452
117.199997	98.587669	140.2723
118.000000	98.555344	140.0646
120.599998	98.369904	139.1541
122.000000	98.328995	138.9013
124.099998	98.155762	138.0429
125.000000	98.141724	137.6345
126.500000	98.104446	137.0546
128.000000	98.025803	136.8042
131.500000	97.742119	135.8979
132.000000	97.725769	135.5905
134.000000	97.630318	135.0405
136.000000	97.512665	134.6617
138.000000	97.418465	133.9749
140.000000	97.282005	133.2989
143.000000	97.078064	132.6300
145.000000	97.008461	131.9783
147.500000	96.805771	131.8660
150.000000	96.655037	130.7779
152.500000	96.510712	130.5038
155.000000	96.388893	130.0189
157.500000	96.203629	129.6112
160.000000	96.034073	129.1254
162.500000	95.891785	128.0635
165.000000	95.741989	128.2047
167.500000	95.589539	127.7893
170.000000	95.421753	127.3609
172.500000	95.260941	127.0731
175.000000	95.112625	126.7697
177.500000	94.942841	126.4611
180.000000	94.805710	126.1541
182.500000	94.630905	125.9636
185.000000	94.486664	125.7532
187.500000	94.330559	125.5603
190.000000	94.180359	125.3348
192.500000	94.028206	125.1315
195.000000	93.876450	124.9410
197.500000	93.714600	124.7321
200.000000	93.562370	124.5783
203.000000	93.370171	124.4259
206.000000	93.178223	124.2931
209.000000	92.991188	124.1991
212.000000	92.801865	124.1661
214.000000	92.675041	124.1359
218.000000	92.426048	124.1681
220.000000	92.301338	124.1824
224.000000	92.054565	124.2286
227.000000	91.870552	124.3182
230.000000	91.690964	124.4292
233.000000	91.502457	124.5602
236.000000	91.322449	124.7311
240.000000	91.089951	124.9480
243.000000	90.903137	125.2109
247.000000	90.671623	125.5721
250.000000	90.495781	125.8716
254.000000	90.265076	126.3053
258.000000	90.036659	126.7545
262.000000	89.816162	127.2880
265.000000	89.648911	127.6872
269.000000	89.430145	128.2916
272.000000	89.273705	128.7496
276.000000	89.063293	129.4040
280.000000	88.859772	130.1489
285.000000	88.614967	131.0478
290.000000	88.383263	132.0461
295.000000	88.153091	133.0136
300.000000	87.956749	134.2448
304.000000	87.746414	134.9828
307.000000	87.621925	135.6353
311.000000	87.466370	136.5178
315.000000	87.302010	137.5239
320.000000	87.116364	138.7205
325.000000	86.945648	139.9699
330.000000	86.766975	141.2239
335.000000	86.605827	142.5845
340.000000	86.462822	143.8623
345.000000	86.313843	145.1938
350.000000	86.180077	146.5642
355.000000	86.064934	147.9017
360.000000	85.948570	149.2904
365.000000	85.849281	150.6472
370.000000	85.748329	152.0189
375.000000	85.663795	153.4066
382.000000	85.561516	155.2810
387.000000	85.497971	156.6542
395.000000	85.415260	158.7507
400.000000	85.379807	160.0094
406.000000	85.330841	161.4849
412.000000	85.316376	162.9103
418.000000	85.275291	164.1645
425.000000	85.253593	165.7766
431.000000	85.219307	167.0338
437.000000	85.196587	168.3713
444.000000	85.164795	169.8567
450.000000	85.160812	171.1856
455.000000	85.161140	172.2219
462.000000	85.170876	173.6982
468.000000	85.175423	174.9637
475.000000	85.192291	176.2599
482.000000	85.209900	177.6113
487.000000	85.233978	178.5616
494.000000	85.260689	179.7556
500.000000	85.293503	-179.2602
508.000000	85.329659	-177.9097
515.000000	85.367661	-176.8204
522.000000	85.402710	-175.7173
530.000000	85.452499	-174.5573
538.000000	85.500702	-173.4259
545.000000	85.549637	-172.4469
552.000000	85.593452	-171.4651
560.000000	85.645630	-170.3972
570.000000	85.707817	-169.1626
580.000000	85.780228	-167.9633
590.000000	85.840012	-166.7946
600.000000	85.912888	-165.6307
608.000000	85.962959	-164.7641
615.000000	86.010254	-164.0055
622.000000	86.052490	-163.2924
630.000000	86.107117	-162.4088
640.000000	86.170715	-161.4171
650.000000	86.235374	-160.4570
660.000000	86.274307	-159.2159
670.000000	86.365036	-158.5493
680.000000	86.434044	-157.6591
690.000000	86.499794	-156.7111
700.000000	86.564743	-155.8526
710.000000	86.626427	-154.9807
720.000000	86.690575	-154.0745
730.000000	86.754425	-153.2669
740.000000	86.812721	-152.4260
750.000000	86.877487	-151.6092
762.000000	86.957382	-150.6794
775.000000	87.043877	-149.5680
788.000000	87.125877	-148.5272
800.000000	87.206902	-147.5690
812.000000	87.284142	-146.6368
825.000000	87.366234	-145.6156
838.000000	87.456703	-144.5304
850.000000	87.541092	-143.5855
862.000000	87.629822	-142.5294
875.000000	87.748199	-141.3198
885.000000	87.850281	-140.5218
900.000000	87.985123	-139.3060
912.000000	88.160080	-138.9250
925.000000	88.259857	-138.3412
938.000000	88.349442	-137.5016
950.000000	88.426910	-136.5950
962.000000	88.530457	-135.6081
975.000000	88.682373	-134.5874
988.000000	88.837196	-133.7025
1000.000000	88.999176	-133.0871
1015.000000	89.186691	-132.4311
1030.000000	89.356720	-131.8102
1044.000000	89.507393	-131.2560
1060.000000	89.679092	-130.6512
1075.000000	89.842506	-130.1356
1090.000000	89.999886	-129.6250
1106.000000	90.169014	-129.1489
1120.000000	90.319824	-128.6821
1138.000000	90.514275	-128.2651
1150.000000	90.644073	-127.9612
1172.000000	90.868652	-127.5441
1180.000000	90.951599	-127.3999
1206.000000	91.209564	-127.0711
1220.000000	91.345078	-126.9082
1241.000000	91.531029	-126.7696
1250.000000	91.613342	-126.7125
1265.000000	91.749794	-126.6120
1280.000000	91.865776	-126.5509
1315.000000	92.134773	-126.4402
1320.000000	92.173172	-126.4435
1340.000000	92.316879	-126.3848
1360.000000	92.451302	-126.3261
1380.000000	92.570908	-126.1970
1400.000000	92.705917	-126.2404
1430.000000	92.884369	-126.1524
1450.000000	92.997612	-126.0878
1475.000000	93.134315	-126.0038
1500.000000	93.262299	-125.8433
1525.000000	93.400192	-125.7814
1550.000000	93.530426	-125.6309
1575.000000	93.661964	-125.5239
1600.000000	93.786659	-125.3597
1625.000000	93.912277	-125.1805
1650.000000	94.040413	-125.0436
1675.000000	94.165901	-124.8841
1700.000000	94.292809	-124.7195
1725.000000	94.418312	-124.5783
1750.000000	94.544800	-124.3956
1775.000000	94.675598	-124.2296
1800.000000	94.807365	-124.0784
1825.000000	94.936340	-123.9458
1850.000000	95.072754	-123.8197
1875.000000	95.205521	-123.7115
1900.000000	95.345009	-123.6305
1925.000000	95.482651	-123.5629
1950.000000	95.618729	-123.5004
1975.000000	95.755356	-123.4801
2000.000000	95.895378	-123.4489
2030.000000	96.064270	-123.4887
2060.000000	96.232849	-123.5215
2090.000000	96.400970	-123.6196
2120.000000	96.568237	-123.7630
2140.000000	96.681404	-123.8569
2180.000000	96.904221	-124.1399
2200.000000	97.013901	-124.3140
2240.000000	97.231400	-124.7235
2270.000000	97.391861	-125.0700
2300.000000	97.550591	-125.5000
2330.000000	97.703270	-125.9365
2360.000000	97.850372	-126.4445
2400.000000	98.036346	-127.1626
2430.000000	98.170891	-127.7534
2470.000000	98.339348	-128.5837
2500.000000	98.454124	-129.2284
2540.000000	98.598640	-130.1289
2580.000000	98.730667	-131.0736
2620.000000	98.846054	-132.0277
2650.000000	98.926682	-132.7653
2690.000000	99.021095	-133.7150
2720.000000	99.084183	-134.4462
2760.000000	99.156624	-135.4102
2800.000000	99.216949	-136.3468
2850.000000	99.278580	-137.5052
2900.000000	99.320137	-138.6250
2950.000000	99.344872	-139.6704
3000.000000	99.354996	-140.6489
3040.000000	99.354828	-141.3198
3070.000000	99.351059	-141.7758
3110.000000	99.347160	-142.2800
3150.000000	99.351578	-142.7074
3200.000000	99.379044	-143.1972
3250.000000	99.421700	-143.7902
3300.000000	99.461746	-144.5118
3350.000000	99.489555	-145.3078
3400.000000	99.503761	-146.0919
3450.000000	99.506905	-146.8812
3500.000000	99.501801	-147.6470
3550.000000	99.490334	-148.3734
3600.000000	99.475639	-149.0719
3650.000000	99.458153	-149.7658
3700.000000	99.437767	-150.4406
3750.000000	99.410919	-151.1263
3820.000000	99.368492	-152.0737
3870.000000	99.331482	-152.7664
3950.000000	99.258827	-153.8659
4000.000000	99.203094	-154.5754
4060.000000	99.116547	-155.4337
4120.000000	99.006325	-156.2311
4180.000000	98.874512	-156.8609
4250.000000	98.709084	-157.2893
4310.000000	98.586197	-157.4387
4370.000000	98.488655	-157.5704
4440.000000	98.391647	-157.7357
4500.000000	98.314018	-157.9392
4550.000000	98.250648	-158.0913
4620.000000	98.160439	-158.3642
4680.000000	98.084457	-158.6138
4750.000000	97.993469	-158.9355
4820.000000	97.891411	-159.2431
4870.000000	97.815155	-159.4995
4940.000000	97.701347	-159.8391
5000.000000	97.594444	-160.1178
5080.000000	97.440384	-160.4571
5150.000000	97.300583	-160.6449
5220.000000	97.154221	-160.7585
5300.000000	96.981644	-160.8321
5380.000000	96.813721	-160.8019
5450.000000	96.667267	-160.7080
5520.000000	96.516922	-160.5497
5600.000000	96.353989	-160.3168
5700.000000	96.148224	-159.9081
5800.000000	95.949493	-159.3753
5900.000000	95.759071	-158.7228
6000.000000	95.588737	-157.9482
6080.000000	95.461594	-157.2071
6150.000000	95.361473	-156.5401
6220.000000	95.272484	-155.7994
6300.000000	95.185410	-154.8983
6400.000000	95.100716	-153.7343
6500.000000	95.043159	-152.4726
6600.000000	95.036751	-151.2061
6700.000000	95.052361	-149.9379
6800.000000	95.108383	-148.6542
6900.000000	95.208115	-147.2892
7000.000000	95.376015	-145.9877
7100.000000	95.623550	-144.8923
7200.000000	95.944267	-144.0690
7300.000000	96.339233	-143.8328
7400.000000	96.786377	-144.1411
7500.000000	97.272499	-145.1349
7620.000000	97.890961	-147.4545
7750.000000	98.549576	-151.6432
7880.000000	99.093315	-157.7309
8000.000000	99.372513	-164.8987
8120.000000	99.332001	-172.8156
8250.000000	98.919746	178.8437
8380.000000	98.215057	171.7510
8500.000000	97.411438	166.4854
8620.000000	96.520988	162.4755
8750.000000	95.516418	159.5223
8850.000000	94.749611	158.1681
9000.000000	93.674187	157.3322
9120.000000	92.885185	157.5448
9250.000000	92.114609	158.3459
9380.000000	91.440689	159.6725
9500.000000	90.925735	161.5547
9620.000000	90.422951	162.8350
9750.000000	90.005646	164.8922
9880.000000	89.657814	167.0001
10000.000000	89.412796	168.8832
10150.000000	89.194687	171.4613
10300.000000	89.086533	173.9826
10440.000000	89.069214	176.0559
10600.000000	89.164940	178.2499
10750.000000	89.366104	179.9858
10900.000000	89.665192	-178.7783
11060.000000	90.116272	-177.9662
11200.000000	90.584335	-178.0339
11380.000000	91.291847	-179.2447
11500.000000	91.795921	179.0991
11720.000000	92.711845	174.2092
11800.000000	93.018753	171.9059
12060.000000	93.936569	163.3941
12200.000000	94.418243	158.5515
12410.000000	95.333229	150.4166
12500.000000	95.828819	146.1869
12650.000000	96.808159	137.2276
12800.000000	97.839470	124.1783
13150.000000	97.620934	78.1555
13200.000000	97.124420	72.0739
13400.000000	94.700874	53.8318
13600.000000	92.395508	42.8347
13800.000000	90.501762	35.5410
14000.000000	89.043480	29.7299
14300.000000	87.476852	21.6133
14500.000000	86.798950	15.9745
14750.000000	86.309769	7.7595
15000.000000	85.843849	-3.2081
15250.000000	86.258301	-14.0522
15500.000000	86.639793	-28.4438
15750.000000	87.108238	-46.2002
16000.000000	87.645523	-67.3524
16250.000000	88.023918	-91.9785
16500.000000	88.160492	-119.6450
16750.000000	87.975021	-149.4404
17000.000000	87.531738	179.0885
17250.000000	86.813118	145.9146
17500.000000	85.997787	110.7007
17750.000000	85.158546	72.6306
18000.000000	84.175201	29.3466
18250.000000	82.869705	-23.2380
18500.000000	79.618195	-84.0043
18750.000000	74.368561	-147.2996
19000.000000	65.415344	159.7422
19250.000000	60.893703	116.4817
19500.000000	50.130718	24.3480
19750.000000	54.684189	177.1455
