* Measurement data measured by REW V5.31.3
* Source: USB-C to 3.5mm Headphone Jack Adapter, USB-C to 3.5mm Headphone Jack Adapter, 0, volume: 0.138
* Format: 256k Log Swept Sine, 1 sweep at -12.0 dBFS with no timing reference
* Dated: Jul 2, 2025 3:48:51 PM
* REW Settings:
*  C-weighting compensation: Off
*  Target level: 75.0 dB
* Note: ; 
* Measurement: L
* Smoothing: None
* Frequency Step: 1/48 octave
* Start Frequency: 20.300 Hz
*
* Freq(Hz)	SPL(dB)	Phase(degrees)
20.299999	101.143	-143.6808
20.600000	101.173	-144.2851
20.900000	101.194	-144.8166
21.200001	101.213	-145.3576
21.400000	101.227	-145.7373
21.799999	101.257	-146.5588
22.000000	101.274	-147.0011
22.400000	101.310	-147.9303
22.700001	101.336	-148.6357
23.000000	101.361	-149.3162
23.299999	101.384	-149.9457
23.600000	101.405	-150.5081
24.000000	101.434	-151.1567
24.299999	101.456	-151.5938
24.700001	101.483	-152.1655
25.000000	101.500	-152.6171
25.400000	101.512	-153.2609
25.799999	101.513	-153.9218
26.200001	101.510	-154.5536
26.500000	101.513	-154.9962
26.900000	101.530	-155.5649
27.200001	101.552	-155.9991
27.600000	101.588	-156.6109
28.000000	101.620	-157.2472
28.500000	101.644	-158.0071
29.000000	101.655	-158.6649
29.500000	101.664	-159.2480
30.000000	101.676	-159.8391
30.400000	101.685	-160.3436
30.700001	101.691	-160.7336
31.100000	101.698	-161.2524
31.500000	101.704	-161.7602
32.000000	101.713	-162.3821
32.500000	101.722	-162.9923
33.000000	101.727	-163.5768
33.500000	101.733	-164.1281
34.000000	101.740	-164.6644
34.500000	101.745	-165.2027
35.000000	101.744	-165.7296
35.500000	101.737	-166.2177
36.000000	101.732	-166.6659
36.500000	101.733	-167.1046
37.000000	101.738	-167.5632
37.500000	101.743	-168.0427
38.200001	101.745	-168.7080
38.700001	101.742	-169.1566
39.500000	101.737	-169.8483
40.000000	101.732	-170.2943
40.599998	101.724	-170.8387
41.200001	101.715	-171.3434
41.799999	101.711	-171.7988
42.500000	101.712	-172.3532
43.099998	101.703	-172.8649
43.700001	101.686	-173.3245
44.400002	101.679	-173.7938
45.000000	101.682	-174.2617
45.500000	101.675	-174.6877
46.200001	101.643	-175.1595
46.799999	101.626	-175.4380
47.500000	101.628	-175.8899
48.200001	101.617	-176.5256
48.700001	101.597	-176.9182
49.400002	101.581	-177.2967
50.000000	101.583	-177.6106
50.799999	101.575	-178.0976
51.500000	101.556	-178.4949
52.200001	101.537	-178.9246
53.000000	101.501	-179.4698
53.799999	101.463	-179.8993
54.500000	101.449	179.7567
55.200001	101.442	179.3406
56.000000	101.428	178.8751
57.000000	101.410	178.3987
58.000000	101.392	177.9090
59.000000	101.359	177.3797
60.000000	101.323	176.9420
60.799999	101.308	176.5900
61.500000	101.292	176.1956
62.200001	101.262	175.7982
63.000000	101.226	175.4398
64.000000	101.197	175.0846
65.000000	101.183	174.6956
66.000000	101.157	174.2178
67.000000	101.114	173.8125
68.000000	101.081	173.4437
69.000000	101.048	173.0328
70.000000	101.014	172.6976
71.000000	100.988	172.3938
72.000000	100.963	172.0106
73.000000	100.927	171.5537
74.000000	100.884	171.1745
75.000000	100.852	170.8945
76.199997	100.818	170.5211
77.500000	100.767	170.1152
78.800003	100.731	169.7465
80.000000	100.691	169.3657
81.199997	100.652	169.0034
82.500000	100.605	168.6040
83.800003	100.567	168.2599
85.000000	100.526	167.9347
86.199997	100.483	167.6235
87.500000	100.437	167.2793
88.500000	100.404	167.0208
90.000000	100.355	166.6959
91.199997	100.314	166.4067
92.500000	100.265	166.1093
93.800003	100.224	165.8205
95.000000	100.179	165.5715
96.199997	100.142	165.3112
97.500000	100.092	165.0671
98.800003	100.052	164.8737
100.000000	100.008	164.6035
101.500000	99.954	164.3049
103.000000	99.901	164.0349
104.400002	99.852	163.7835
106.000000	99.801	163.5120
107.500000	99.748	163.3006
109.000000	99.694	163.0406
110.599998	99.641	162.8002
112.000000	99.591	162.5997
113.800003	99.527	162.3460
115.000000	99.484	162.1943
117.199997	99.407	161.9141
118.000000	99.380	161.8240
120.599998	99.282	161.5055
122.000000	99.239	161.3662
124.099998	99.163	161.1554
125.000000	99.130	161.0703
126.500000	99.075	160.9595
128.000000	99.018	160.8257
131.500000	98.890	160.6481
132.000000	98.871	160.6278
134.000000	98.801	160.5838
136.000000	98.730	160.6000
138.000000	98.674	160.6508
140.000000	98.621	160.6993
143.000000	98.572	160.7272
145.000000	98.542	160.6906
147.500000	98.506	160.5489
150.000000	98.460	160.3557
152.500000	98.408	160.1317
155.000000	98.348	159.9464
157.500000	98.280	159.7319
160.000000	98.218	159.5793
162.500000	98.152	159.4549
165.000000	98.080	159.3204
167.500000	98.014	159.2310
170.000000	97.945	159.1543
172.500000	97.876	159.0825
175.000000	97.812	159.0154
177.500000	97.748	158.9957
180.000000	97.690	158.9461
182.500000	97.621	158.9949
185.000000	97.556	158.9770
187.500000	97.494	159.0011
190.000000	97.434	159.0193
192.500000	97.377	159.0372
195.000000	97.309	159.0530
197.500000	97.256	159.0860
200.000000	97.198	159.1713
203.000000	97.130	159.2869
206.000000	97.063	159.4265
209.000000	97.006	159.5206
212.000000	96.956	159.6641
214.000000	96.916	159.7521
218.000000	96.856	159.8770
220.000000	96.836	159.9636
224.000000	96.767	160.0086
227.000000	96.719	160.0309
230.000000	96.671	160.0805
233.000000	96.616	160.1229
236.000000	96.568	160.1620
240.000000	96.492	160.2539
243.000000	96.442	160.3378
247.000000	96.374	160.4649
250.000000	96.323	160.5450
254.000000	96.261	160.6900
258.000000	96.190	160.8244
262.000000	96.129	160.9966
265.000000	96.081	161.1147
269.000000	96.021	161.2617
272.000000	95.974	161.3913
276.000000	95.912	161.5874
280.000000	95.856	161.7761
285.000000	95.784	162.0034
290.000000	95.713	162.2462
295.000000	95.645	162.5077
300.000000	95.579	162.7953
304.000000	95.527	163.0018
307.000000	95.491	163.1854
311.000000	95.443	163.4199
315.000000	95.399	163.6500
320.000000	95.343	163.9548
325.000000	95.294	164.2368
330.000000	95.247	164.4919
335.000000	95.199	164.7588
340.000000	95.150	165.0224
345.000000	95.106	165.2555
350.000000	95.058	165.5254
355.000000	95.008	165.7829
360.000000	94.967	166.0532
365.000000	94.917	166.3105
370.000000	94.873	166.5862
375.000000	94.829	166.8621
382.000000	94.769	167.2719
387.000000	94.727	167.5396
395.000000	94.665	167.9785
400.000000	94.627	168.2794
406.000000	94.583	168.6198
412.000000	94.540	168.9409
418.000000	94.496	169.3040
425.000000	94.452	169.7149
431.000000	94.411	170.0813
437.000000	94.372	170.4165
444.000000	94.329	170.8295
450.000000	94.295	171.1825
455.000000	94.266	171.4606
462.000000	94.227	171.8812
468.000000	94.196	172.2160
475.000000	94.161	172.6109
482.000000	94.127	173.0204
487.000000	94.102	173.3050
494.000000	94.068	173.7087
500.000000	94.042	174.0535
508.000000	94.008	174.5110
515.000000	93.978	174.9048
522.000000	93.950	175.3055
530.000000	93.919	175.7642
538.000000	93.889	176.2172
545.000000	93.865	176.6275
552.000000	93.843	177.0087
560.000000	93.814	177.4763
570.000000	93.786	178.0435
580.000000	93.754	178.5978
590.000000	93.724	179.1543
600.000000	93.697	179.7221
608.000000	93.685	-179.8277
615.000000	93.667	-179.4396
622.000000	93.650	-179.0361
630.000000	93.635	-178.5822
640.000000	93.614	-178.0242
650.000000	93.599	-177.4628
660.000000	93.581	-176.9331
670.000000	93.568	-176.3747
680.000000	93.556	-175.8342
690.000000	93.544	-175.2474
700.000000	93.536	-174.7298
710.000000	93.529	-174.1640
720.000000	93.525	-173.6313
730.000000	93.520	-173.1019
740.000000	93.522	-172.5344
750.000000	93.523	-172.0016
762.000000	93.526	-171.4123
775.000000	93.539	-170.8220
788.000000	93.544	-170.4100
800.000000	93.444	-170.1710
812.000000	93.408	-168.5609
825.000000	93.488	-167.6339
838.000000	93.536	-166.9513
850.000000	93.584	-166.3640
862.000000	93.624	-165.8015
875.000000	93.672	-165.2607
885.000000	93.717	-164.9138
900.000000	93.775	-164.5505
912.000000	93.803	-164.4719
925.000000	93.779	-164.4370
938.000000	93.701	-164.1490
950.000000	93.632	-163.4460
962.000000	93.590	-162.5381
975.000000	93.597	-161.4733
988.000000	93.630	-160.5416
1000.000000	93.672	-159.7390
1015.000000	93.734	-158.8364
1030.000000	93.803	-158.0545
1044.000000	93.874	-157.4084
1060.000000	93.954	-156.6943
1075.000000	94.024	-156.0857
1090.000000	94.099	-155.5424
1106.000000	94.173	-155.0233
1120.000000	94.242	-154.6054
1138.000000	94.325	-154.0754
1150.000000	94.378	-153.7689
1172.000000	94.467	-153.2354
1180.000000	94.500	-153.0712
1206.000000	94.594	-152.5561
1220.000000	94.643	-152.2894
1241.000000	94.708	-151.9019
1250.000000	94.732	-151.7542
1265.000000	94.770	-151.4770
1280.000000	94.806	-151.2322
1315.000000	94.873	-150.6323
1320.000000	94.882	-150.5283
1340.000000	94.911	-150.1446
1360.000000	94.938	-149.7450
1380.000000	94.959	-149.3383
1400.000000	94.976	-148.8803
1430.000000	95.003	-148.0933
1450.000000	95.020	-147.5377
1475.000000	95.043	-146.7837
1500.000000	95.068	-145.9779
1525.000000	95.099	-145.0984
1550.000000	95.132	-144.2028
1575.000000	95.176	-143.2272
1600.000000	95.227	-142.2399
1625.000000	95.290	-141.2195
1650.000000	95.361	-140.1737
1675.000000	95.444	-139.1448
1700.000000	95.538	-138.0643
1725.000000	95.642	-137.0158
1750.000000	95.760	-135.9295
1775.000000	95.885	-134.8971
1800.000000	96.022	-133.8679
1825.000000	96.175	-132.7991
1850.000000	96.352	-131.7709
1875.000000	96.555	-130.8575
1900.000000	96.769	-130.1000
1925.000000	96.982	-129.4973
1950.000000	97.190	-129.0434
1975.000000	97.400	-128.6352
2000.000000	97.608	-128.2953
2030.000000	97.865	-127.9471
2060.000000	98.115	-127.7218
2090.000000	98.369	-127.5891
2120.000000	98.627	-127.5312
2140.000000	98.802	-127.5571
2180.000000	99.167	-127.8260
2200.000000	99.348	-128.1080
2240.000000	99.689	-128.9882
2270.000000	99.915	-129.8236
2300.000000	100.120	-130.7349
2330.000000	100.307	-131.7188
2360.000000	100.471	-132.7696
2400.000000	100.660	-134.2576
2430.000000	100.776	-135.4155
2470.000000	100.895	-136.9919
2500.000000	100.958	-138.1428
2540.000000	101.007	-139.6639
2580.000000	101.022	-141.0631
2620.000000	101.007	-142.2813
2650.000000	100.979	-143.0835
2690.000000	100.929	-143.9416
2720.000000	100.893	-144.4044
2760.000000	100.864	-144.8585
2800.000000	100.873	-145.3354
2850.000000	100.878	-146.2581
2900.000000	100.823	-147.2609
2950.000000	100.721	-147.9980
3000.000000	100.601	-148.3708
3040.000000	100.512	-148.3826
3070.000000	100.462	-148.2543
3110.000000	100.422	-148.0578
3150.000000	100.401	-147.9204
3200.000000	100.380	-147.7846
3250.000000	100.358	-147.6514
3300.000000	100.336	-147.4609
3350.000000	100.314	-147.1348
3400.000000	100.307	-146.5836
3450.000000	100.344	-145.8632
3500.000000	100.449	-145.1909
3550.000000	100.599	-144.8545
3600.000000	100.755	-144.8619
3650.000000	100.901	-145.0838
3700.000000	101.043	-145.4830
3750.000000	101.182	-146.0417
3820.000000	101.365	-147.1463
3870.000000	101.482	-148.1833
3950.000000	101.612	-150.3590
4000.000000	101.637	-151.9974
4060.000000	101.575	-154.1206
4120.000000	101.404	-156.0913
4180.000000	101.132	-157.5995
4250.000000	100.744	-158.3688
4310.000000	100.419	-158.0618
4370.000000	100.170	-157.0410
4440.000000	100.010	-155.4239
4500.000000	99.991	-154.0469
4550.000000	100.041	-153.0814
4620.000000	100.173	-152.2102
4680.000000	100.317	-151.9115
4750.000000	100.493	-152.0982
4820.000000	100.654	-152.7733
4870.000000	100.750	-153.5229
4940.000000	100.850	-154.9530
5000.000000	100.890	-156.4801
5080.000000	100.846	-158.9317
5150.000000	100.650	-161.4865
5220.000000	100.092	-164.2744
5300.000000	98.815	-154.9810
5380.000000	100.677	-155.8081
5450.000000	100.648	-161.1973
5520.000000	100.329	-163.9725
5600.000000	99.950	-165.6581
5700.000000	99.484	-166.8454
5800.000000	99.021	-167.3040
5900.000000	98.580	-167.1826
6000.000000	98.172	-166.5329
6080.000000	97.871	-165.7008
6150.000000	97.632	-164.7809
6220.000000	97.417	-163.6918
6300.000000	97.211	-162.2727
6400.000000	97.005	-160.3434
6500.000000	96.862	-158.2187
6600.000000	96.790	-156.0631
6700.000000	96.790	-153.8375
6800.000000	96.870	-151.6163
6900.000000	97.030	-149.4895
7000.000000	97.273	-147.5687
7100.000000	97.610	-145.8598
7200.000000	98.051	-144.5369
7300.000000	98.603	-143.7607
7400.000000	99.262	-143.7582
7500.000000	100.040	-144.8023
7620.000000	101.106	-148.1643
7750.000000	102.294	-155.5809
7880.000000	103.141	-168.0640
8000.000000	103.098	177.3616
8120.000000	102.106	164.0020
8250.000000	100.418	154.3205
8380.000000	98.628	149.4157
8500.000000	97.088	147.9005
8620.000000	95.707	148.4402
8750.000000	94.430	150.7962
8850.000000	93.618	153.6653
9000.000000	92.765	158.8804
9120.000000	92.399	163.2256
9250.000000	92.309	167.0929
9380.000000	92.423	169.5308
9500.000000	92.557	170.2229
9620.000000	92.651	169.6996
9750.000000	92.639	168.6567
9880.000000	92.520	167.5526
10000.000000	92.371	166.7684
10150.000000	92.172	166.2163
10300.000000	92.111	165.8346
10440.000000	92.110	165.4634
10600.000000	92.230	164.6764
10750.000000	92.441	163.2063
10900.000000	92.748	160.7172
11060.000000	93.149	156.5568
11200.000000	93.468	151.1614
11380.000000	93.700	141.8641
11500.000000	93.613	134.4024
11720.000000	92.814	120.2189
11800.000000	92.330	115.4280
12060.000000	90.352	103.1678
12200.000000	89.192	98.6517
12410.000000	87.510	94.1062
12500.000000	86.829	92.7451
12650.000000	85.814	90.9351
12800.000000	84.869	89.7908
13150.000000	83.043	87.8149
13200.000000	82.841	87.4877
13400.000000	82.094	86.5625
13600.000000	81.537	85.2783
13800.000000	81.144	83.5125
14000.000000	80.843	81.0594
14300.000000	80.975	76.5485
14500.000000	81.238	72.1140
14750.000000	81.927	65.1256
15000.000000	83.212	55.1158
15250.000000	85.175	40.2121
15500.000000	87.593	13.0563
15750.000000	88.480	-30.6691
16000.000000	85.974	-72.2312
16250.000000	82.639	-98.9698
16500.000000	79.867	-117.4174
16750.000000	77.821	-132.6781
17000.000000	76.573	-147.1682
17250.000000	75.950	-164.4474
17500.000000	75.670	173.9885
17750.000000	75.361	149.8810
18000.000000	75.257	123.2679
18250.000000	75.382	92.9645
18500.000000	75.776	55.8699
18750.000000	76.437	13.4700
19000.000000	76.979	-37.8351
19250.000000	78.262	-105.3448
19500.000000	78.630	166.9031
19750.000000	76.059	57.7667
