* Measurement data measured by REW V5.31.3
* Source: USB-C to 3.5mm Headphone Jack Adapter, USB-C to 3.5mm Headphone Jack Adapter, 0, volume: 0.138
* Format: 256k Log Swept Sine, 1 sweep at -12.0 dBFS with no timing reference
* Dated: Jul 11, 2025 6:29:07 PM
* REW Settings:
*  C-weighting compensation: Off
*  Target level: 75.0 dB
* Note: ; 
* Measurement: L
* Smoothing: None
* Frequency Step: 1/48 octave
* Start Frequency: 20.300 Hz
*
* Freq(Hz)	SPL(dB)	Phase(degrees)
20.299999	102.784	-156.7760
20.600000	102.796	-157.5457
20.900000	102.799	-158.2404
21.200001	102.800	-158.9276
21.400000	102.801	-159.3845
21.799999	102.808	-160.2968
22.000000	102.812	-160.7512
22.400000	102.824	-161.6508
22.700001	102.834	-162.3118
23.000000	102.843	-162.9588
23.299999	102.852	-163.5920
23.600000	102.858	-164.2130
24.000000	102.861	-165.0221
24.299999	102.859	-165.6104
24.700001	102.853	-166.3598
25.000000	102.847	-166.8909
25.400000	102.842	-167.5624
25.799999	102.840	-168.2144
26.200001	102.843	-168.8778
26.500000	102.845	-169.3952
26.900000	102.843	-170.1083
27.200001	102.836	-170.6491
27.600000	102.822	-171.3539
28.000000	102.804	-172.0232
28.500000	102.782	-172.8098
29.000000	102.766	-173.5707
29.500000	102.751	-174.3307
30.000000	102.733	-175.0842
30.400000	102.715	-175.6670
30.700001	102.701	-176.0874
31.100000	102.682	-176.6286
31.500000	102.666	-177.1590
32.000000	102.649	-177.8273
32.500000	102.631	-178.5087
33.000000	102.609	-179.1852
33.500000	102.582	-179.8304
34.000000	102.554	179.5655
34.500000	102.527	178.9856
35.000000	102.502	178.4024
35.500000	102.476	177.8066
36.000000	102.446	177.2177
36.500000	102.413	176.6616
37.000000	102.381	176.1398
37.500000	102.354	175.6271
38.200001	102.317	174.8838
38.700001	102.287	174.3486
39.500000	102.235	173.5509
40.000000	102.203	173.0854
40.599998	102.164	172.5280
41.200001	102.121	171.9711
41.799999	102.076	171.4362
42.500000	102.030	170.8375
43.099998	101.992	170.3294
43.700001	101.953	169.8412
44.400002	101.904	169.3121
45.000000	101.863	168.8512
45.500000	101.826	168.4359
46.200001	101.767	167.8444
46.799999	101.716	167.3860
47.500000	101.664	166.9016
48.200001	101.614	166.4163
48.700001	101.575	166.0704
49.400002	101.518	165.6055
50.000000	101.471	165.2038
50.799999	101.409	164.6527
51.500000	101.353	164.2138
52.200001	101.303	163.8140
53.000000	101.248	163.3239
53.799999	101.181	162.8381
54.500000	101.121	162.4710
55.200001	101.068	162.1068
56.000000	101.005	161.6665
57.000000	100.924	161.1712
58.000000	100.850	160.7018
59.000000	100.769	160.2430
60.000000	100.687	159.8261
60.799999	100.623	159.4750
61.500000	100.564	159.1608
62.200001	100.502	158.8777
63.000000	100.436	158.5917
64.000000	100.359	158.2117
65.000000	100.278	157.8313
66.000000	100.198	157.4957
67.000000	100.120	157.1668
68.000000	100.039	156.8620
69.000000	99.958	156.5677
70.000000	99.879	156.3033
71.000000	99.806	156.0255
72.000000	99.724	155.7642
73.000000	99.643	155.5490
74.000000	99.565	155.3060
75.000000	99.488	155.0937
76.199997	99.398	154.8629
77.500000	99.297	154.6542
78.800003	99.201	154.4106
80.000000	99.113	154.2380
81.199997	99.022	154.0244
82.500000	98.921	153.8887
83.800003	98.833	153.7246
85.000000	98.744	153.6255
86.199997	98.660	153.5213
87.500000	98.565	153.4120
88.500000	98.497	153.3605
90.000000	98.398	153.2841
91.199997	98.317	153.2331
92.500000	98.228	153.1772
93.800003	98.142	153.1510
95.000000	98.064	153.1318
96.199997	97.988	153.1281
97.500000	97.906	153.1331
98.800003	97.826	153.1541
100.000000	97.751	153.1799
101.500000	97.663	153.2149
103.000000	97.576	153.2790
104.400002	97.496	153.3550
106.000000	97.406	153.4300
107.500000	97.323	153.5381
109.000000	97.243	153.6385
110.599998	97.159	153.7500
112.000000	97.089	153.8767
113.800003	97.000	154.0362
115.000000	96.940	154.1454
117.199997	96.839	154.3742
118.000000	96.801	154.4663
120.599998	96.679	154.7388
122.000000	96.628	154.9033
124.099998	96.539	155.1516
125.000000	96.503	155.2548
126.500000	96.442	155.4636
128.000000	96.384	155.6387
131.500000	96.258	156.1124
132.000000	96.240	156.1882
134.000000	96.175	156.4525
136.000000	96.108	156.7426
138.000000	96.044	157.0347
140.000000	95.986	157.3108
143.000000	95.899	157.7276
145.000000	95.845	158.0310
147.500000	95.783	158.3958
150.000000	95.722	158.7538
152.500000	95.661	159.1085
155.000000	95.609	159.4454
157.500000	95.552	159.8363
160.000000	95.512	160.1656
162.500000	95.463	160.5045
165.000000	95.420	160.8506
167.500000	95.379	161.1846
170.000000	95.345	161.5236
172.500000	95.309	161.8506
175.000000	95.273	162.2333
177.500000	95.238	162.5136
180.000000	95.204	162.7596
182.500000	95.185	163.0995
185.000000	95.159	163.3917
187.500000	95.133	163.6683
190.000000	95.113	163.9866
192.500000	95.091	164.2564
195.000000	95.069	164.5236
197.500000	95.051	164.8047
200.000000	95.029	165.0637
203.000000	95.013	165.3490
206.000000	94.993	165.6378
209.000000	94.976	165.9297
212.000000	94.958	166.2036
214.000000	94.945	166.3790
218.000000	94.926	166.7436
220.000000	94.918	166.9128
224.000000	94.901	167.2456
227.000000	94.886	167.4500
230.000000	94.877	167.6927
233.000000	94.864	167.9306
236.000000	94.853	168.1280
240.000000	94.844	168.3846
243.000000	94.830	168.6160
247.000000	94.822	168.8701
250.000000	94.811	169.0788
254.000000	94.801	169.3262
258.000000	94.791	169.5772
262.000000	94.786	169.8001
265.000000	94.782	169.9372
269.000000	94.773	170.1648
272.000000	94.767	170.3072
276.000000	94.758	170.5186
280.000000	94.753	170.6771
285.000000	94.742	170.8909
290.000000	94.734	171.1003
295.000000	94.726	171.2845
300.000000	94.709	171.4492
304.000000	94.707	171.6149
307.000000	94.701	171.7115
311.000000	94.690	171.8692
315.000000	94.682	171.9951
320.000000	94.670	172.1541
325.000000	94.657	172.3166
330.000000	94.645	172.4523
335.000000	94.634	172.6078
340.000000	94.624	172.7650
345.000000	94.611	172.9058
350.000000	94.596	173.0387
355.000000	94.584	173.1864
360.000000	94.570	173.3293
365.000000	94.561	173.4540
370.000000	94.547	173.5758
375.000000	94.533	173.7318
382.000000	94.514	173.9009
387.000000	94.505	174.0242
395.000000	94.482	174.2081
400.000000	94.468	174.3183
406.000000	94.450	174.4493
412.000000	94.434	174.5699
418.000000	94.420	174.7060
425.000000	94.395	174.8436
431.000000	94.380	174.9626
437.000000	94.356	175.1140
444.000000	94.332	175.2434
450.000000	94.311	175.3627
455.000000	94.295	175.4564
462.000000	94.268	175.6091
468.000000	94.246	175.7505
475.000000	94.220	175.8829
482.000000	94.193	176.0187
487.000000	94.174	176.1171
494.000000	94.141	176.2864
500.000000	94.120	176.4409
508.000000	94.081	176.6105
515.000000	94.052	176.7952
522.000000	94.021	176.9738
530.000000	93.984	177.1922
538.000000	93.951	177.4115
545.000000	93.916	177.6284
552.000000	93.890	177.8240
560.000000	93.851	178.0709
570.000000	93.810	178.3613
580.000000	93.765	178.6682
590.000000	93.720	178.9899
600.000000	93.680	179.3362
608.000000	93.645	179.5956
615.000000	93.613	179.8630
622.000000	93.580	-179.8989
630.000000	93.551	-179.5826
640.000000	93.508	-179.2233
650.000000	93.467	-178.8374
660.000000	93.420	-178.4408
670.000000	93.386	-178.0303
680.000000	93.342	-177.6017
690.000000	93.306	-177.1825
700.000000	93.271	-176.7233
710.000000	93.236	-176.2598
720.000000	93.209	-175.7575
730.000000	93.182	-175.3176
740.000000	93.157	-174.8833
750.000000	93.134	-174.4393
762.000000	93.099	-173.9595
775.000000	93.061	-173.3898
788.000000	93.012	-172.8384
800.000000	92.967	-172.2380
812.000000	92.923	-171.6429
825.000000	92.878	-170.8882
838.000000	92.833	-170.0901
850.000000	92.801	-169.3541
862.000000	92.773	-168.5691
875.000000	92.750	-167.6797
885.000000	92.735	-167.0075
900.000000	92.719	-165.9543
912.000000	92.722	-165.0794
925.000000	92.725	-164.1812
938.000000	92.741	-163.2348
950.000000	92.758	-162.3719
962.000000	92.787	-161.5252
975.000000	92.817	-160.6070
988.000000	92.857	-159.7441
1000.000000	92.905	-158.9568
1015.000000	92.965	-157.9459
1030.000000	93.039	-157.0099
1044.000000	93.113	-156.1451
1060.000000	93.202	-155.2632
1075.000000	93.291	-154.4622
1090.000000	93.383	-153.7373
1106.000000	93.489	-153.0161
1120.000000	93.579	-152.4113
1138.000000	93.697	-151.7210
1150.000000	93.777	-151.3123
1172.000000	93.923	-150.6272
1180.000000	93.970	-150.4179
1206.000000	94.141	-149.7652
1220.000000	94.222	-149.4231
1241.000000	94.347	-149.0231
1250.000000	94.397	-148.8616
1265.000000	94.481	-148.6428
1280.000000	94.556	-148.3967
1315.000000	94.729	-147.9084
1320.000000	94.752	-147.8634
1340.000000	94.837	-147.5881
1360.000000	94.919	-147.3654
1380.000000	94.999	-147.1280
1400.000000	95.069	-146.8904
1430.000000	95.173	-146.5301
1450.000000	95.232	-146.2769
1475.000000	95.315	-145.9650
1500.000000	95.388	-145.6319
1525.000000	95.460	-145.2690
1550.000000	95.532	-144.9136
1575.000000	95.603	-144.5098
1600.000000	95.675	-144.1012
1625.000000	95.750	-143.6842
1650.000000	95.822	-143.2601
1675.000000	95.903	-142.8277
1700.000000	95.982	-142.4208
1725.000000	96.063	-141.9634
1750.000000	96.148	-141.5301
1775.000000	96.230	-141.0965
1800.000000	96.319	-140.6480
1825.000000	96.412	-140.2044
1850.000000	96.507	-139.7777
1875.000000	96.605	-139.3724
1900.000000	96.707	-138.9588
1925.000000	96.811	-138.5481
1950.000000	96.919	-138.1704
1975.000000	97.030	-137.7932
2000.000000	97.144	-137.4469
2030.000000	97.283	-137.0499
2060.000000	97.430	-136.6847
2090.000000	97.578	-136.3516
2120.000000	97.733	-136.0673
2140.000000	97.837	-135.8946
2180.000000	98.048	-135.5887
2200.000000	98.158	-135.4756
2240.000000	98.376	-135.3204
2270.000000	98.545	-135.2490
2300.000000	98.713	-135.2420
2330.000000	98.884	-135.2934
2360.000000	99.054	-135.4096
2400.000000	99.280	-135.6200
2430.000000	99.450	-135.8469
2470.000000	99.677	-136.2811
2500.000000	99.844	-136.6587
2540.000000	100.061	-137.2917
2580.000000	100.268	-138.0498
2620.000000	100.466	-138.8862
2650.000000	100.608	-139.6029
2690.000000	100.781	-140.6363
2720.000000	100.904	-141.4622
2760.000000	101.050	-142.6375
2800.000000	101.179	-143.8771
2850.000000	101.311	-145.4967
2900.000000	101.412	-147.1658
2950.000000	101.484	-148.8332
3000.000000	101.527	-150.5022
3040.000000	101.542	-151.8076
3070.000000	101.543	-152.7650
3110.000000	101.531	-153.9930
3150.000000	101.506	-155.1635
3200.000000	101.462	-156.5627
3250.000000	101.403	-157.8757
3300.000000	101.335	-159.1131
3350.000000	101.257	-160.2400
3400.000000	101.173	-161.3157
3450.000000	101.087	-162.3229
3500.000000	100.998	-163.2770
3550.000000	100.904	-164.1825
3600.000000	100.807	-165.0674
3650.000000	100.702	-165.9102
3700.000000	100.596	-166.7221
3750.000000	100.483	-167.4962
3820.000000	100.317	-168.5294
3870.000000	100.195	-169.2291
3950.000000	99.985	-170.2985
4000.000000	99.846	-170.9207
4060.000000	99.672	-171.6246
4120.000000	99.486	-172.2755
4180.000000	99.290	-172.8376
4250.000000	99.047	-173.3759
4310.000000	98.834	-173.7418
4370.000000	98.617	-174.0005
4440.000000	98.356	-174.1472
4500.000000	98.139	-174.1185
4550.000000	97.959	-174.0206
4620.000000	97.721	-173.7779
4680.000000	97.521	-173.4465
4750.000000	97.302	-173.0201
4820.000000	97.107	-172.5163
4870.000000	96.970	-172.1360
4940.000000	96.789	-171.6554
5000.000000	96.647	-171.1909
5080.000000	96.463	-170.5979
5150.000000	96.308	-170.1400
5220.000000	96.159	-169.6416
5300.000000	95.982	-169.1283
5380.000000	95.799	-168.5815
5450.000000	95.639	-168.0817
5520.000000	95.477	-167.5018
5600.000000	95.288	-166.8331
5700.000000	95.051	-165.8398
5800.000000	94.826	-164.6487
5900.000000	94.604	-163.3371
6000.000000	94.402	-161.8326
6080.000000	94.258	-160.5531
6150.000000	94.151	-159.2779
6220.000000	94.056	-157.9491
6300.000000	93.967	-156.4456
6400.000000	93.899	-154.4035
6500.000000	93.867	-152.2663
6600.000000	93.891	-150.0849
6700.000000	93.957	-147.9566
6800.000000	94.097	-145.8264
6900.000000	94.292	-143.8216
7000.000000	94.553	-141.9024
7100.000000	94.891	-140.3245
7200.000000	95.310	-139.1205
7300.000000	95.797	-138.4845
7400.000000	96.334	-138.6143
7500.000000	96.861	-139.5726
7620.000000	97.629	-141.1758
7750.000000	98.472	-146.4816
7880.000000	98.951	-154.0757
8000.000000	98.963	-162.1594
8120.000000	98.531	-169.7575
8250.000000	97.713	-176.0180
8380.000000	96.737	-179.8464
8500.000000	95.825	178.5101
8620.000000	94.971	178.2939
8750.000000	94.151	179.5037
8850.000000	93.658	-178.7603
9000.000000	93.173	-175.6889
9120.000000	92.961	-173.8680
9250.000000	92.727	-172.3256
9380.000000	92.519	-170.4250
9500.000000	92.395	-168.4744
9620.000000	92.420	-166.2829
9750.000000	92.589	-164.2155
9880.000000	92.931	-163.0325
10000.000000	93.320	-162.5489
10150.000000	93.909	-163.8687
10300.000000	94.464	-167.2383
10440.000000	94.832	-171.9077
10600.000000	94.997	-178.3937
10750.000000	94.904	175.3999
10900.000000	94.644	169.4304
11060.000000	94.239	163.4582
11200.000000	93.812	158.5010
11380.000000	93.129	152.5594
11500.000000	92.611	148.9743
11720.000000	91.564	143.6794
11800.000000	91.181	142.2662
12060.000000	90.094	139.5933
12200.000000	89.698	138.4430
12410.000000	89.282	136.6276
12500.000000	89.139	135.7712
12650.000000	88.943	134.3544
12800.000000	88.878	132.8095
13150.000000	89.129	127.5338
13200.000000	89.203	126.3921
13400.000000	89.518	121.3976
13600.000000	89.884	114.7937
13800.000000	90.205	106.7717
14000.000000	90.378	97.9186
14300.000000	90.437	84.1555
14500.000000	90.419	75.1224
14750.000000	90.472	63.9555
15000.000000	90.710	52.6890
15250.000000	91.127	39.8926
15500.000000	91.838	25.2151
15750.000000	92.819	6.8177
16000.000000	93.869	-17.2609
16250.000000	94.502	-47.9050
16500.000000	94.134	-82.2803
16750.000000	92.958	-115.2327
17000.000000	91.687	-145.6650
17250.000000	90.793	-176.3719
17500.000000	90.263	149.6173
17750.000000	89.933	109.9821
18000.000000	89.410	62.7037
18250.000000	87.911	9.4482
18500.000000	85.477	-44.1437
18750.000000	82.643	-96.8193
19000.000000	79.883	-148.3110
19250.000000	77.946	156.3900
19500.000000	75.897	92.6138
19750.000000	73.724	15.2596
