* Measurement data measured by REW V5.31.3
* Source: USB-C to 3.5mm Headphone Jack Adapter, USB-C to 3.5mm Headphone Jack Adapter, 0, volume: 0.138
* Format: 256k Log Swept Sine, 1 sweep at -12.0 dBFS with no timing reference
* Dated: Mar 17, 2025 1:29:10 PM
* REW Settings:
*  C-weighting compensation: Off
*  Target level: 75.0 dB
* Note: 
* Measurement: R
* Smoothing: None
* Frequency Step: 1/48 octave
* Start Frequency: 20.300 Hz
*
* Freq(Hz)	SPL(dB)	Phase(degrees)
20.299999	103.614	10.5649
20.600000	103.598	10.0440
20.900000	103.578	9.6241
21.200001	103.563	9.2231
21.400000	103.557	8.9455
21.799999	103.553	8.3356
22.000000	103.551	8.0013
22.400000	103.545	7.2979
22.700001	103.535	6.7743
23.000000	103.521	6.2769
23.299999	103.507	5.8100
23.600000	103.495	5.3616
24.000000	103.482	4.7561
24.299999	103.473	4.2798
24.700001	103.457	3.6228
25.000000	103.442	3.1400
25.400000	103.421	2.5487
25.799999	103.404	2.0322
26.200001	103.396	1.5626
26.500000	103.394	1.2121
26.900000	103.392	0.7228
27.200001	103.387	0.3404
27.600000	103.372	-0.1673
28.000000	103.351	-0.6497
28.500000	103.322	-1.2145
29.000000	103.297	-1.7766
29.500000	103.274	-2.3624
30.000000	103.248	-2.9487
30.400000	103.225	-3.3934
30.700001	103.208	-3.7095
31.100000	103.186	-4.1171
31.500000	103.166	-4.5237
32.000000	103.139	-5.0391
32.500000	103.110	-5.5490
33.000000	103.080	-6.0366
33.500000	103.053	-6.5028
34.000000	103.026	-6.9584
34.500000	102.997	-7.4068
35.000000	102.966	-7.8453
35.500000	102.933	-8.2762
36.000000	102.900	-8.7082
36.500000	102.868	-9.1468
37.000000	102.837	-9.5858
37.500000	102.806	-10.0114
38.200001	102.762	-10.5644
38.700001	102.730	-10.9356
39.500000	102.676	-11.5396
40.000000	102.637	-11.9316
40.599998	102.591	-12.3878
41.200001	102.552	-12.8176
41.799999	102.520	-13.2482
42.500000	102.477	-13.7546
43.099998	102.430	-14.1465
43.700001	102.384	-14.5052
44.400002	102.335	-14.9517
45.000000	102.293	-15.3436
45.500000	102.258	-15.6384
46.200001	102.211	-16.0235
46.799999	102.162	-16.3625
47.500000	102.096	-16.7241
48.200001	102.046	-17.0795
48.700001	102.022	-17.4130
49.400002	101.980	-17.9254
50.000000	101.937	-18.2242
50.799999	101.902	-18.5054
51.500000	101.866	-18.9458
52.200001	101.783	-19.4274
53.000000	101.677	-19.7035
53.799999	101.615	-19.9622
54.500000	101.572	-20.3428
55.200001	101.522	-20.6884
56.000000	101.470	-20.9705
57.000000	101.395	-21.3085
58.000000	101.307	-21.6718
59.000000	101.241	-22.1733
60.000000	101.174	-22.7293
60.799999	101.100	-22.9722
61.500000	101.037	-23.0686
62.200001	100.979	-23.2288
63.000000	100.915	-23.5195
64.000000	100.843	-23.8711
65.000000	100.770	-24.1377
66.000000	100.685	-24.3924
67.000000	100.586	-24.6836
68.000000	100.509	-24.8754
69.000000	100.449	-25.2353
70.000000	100.354	-25.5365
71.000000	100.277	-25.6788
72.000000	100.205	-25.8760
73.000000	100.136	-26.0219
74.000000	100.052	-26.2811
75.000000	99.954	-26.4429
76.199997	99.860	-26.7051
77.500000	99.748	-26.8179
78.800003	99.658	-26.9773
80.000000	99.555	-27.1257
81.199997	99.468	-27.2304
82.500000	99.370	-27.3929
83.800003	99.265	-27.5273
85.000000	99.173	-27.6020
86.199997	99.080	-27.6521
87.500000	98.983	-27.7358
88.500000	98.904	-27.7779
90.000000	98.793	-27.7775
91.199997	98.704	-27.8086
92.500000	98.606	-27.8270
93.800003	98.513	-27.7575
95.000000	98.426	-27.7607
96.199997	98.339	-27.7168
97.500000	98.250	-27.7080
98.800003	98.154	-27.5954
100.000000	98.075	-27.5226
101.500000	97.973	-27.4236
103.000000	97.870	-27.3145
104.400002	97.774	-27.1791
106.000000	97.674	-27.0004
107.500000	97.573	-26.8413
109.000000	97.478	-26.6609
110.599998	97.379	-26.4437
112.000000	97.293	-26.2475
113.800003	97.184	-25.9616
115.000000	97.113	-25.7632
117.199997	96.988	-25.4055
118.000000	96.947	-25.2623
120.599998	96.806	-24.6481
122.000000	96.723	-24.5327
124.099998	96.620	-24.0962
125.000000	96.571	-23.8915
126.500000	96.501	-23.6035
128.000000	96.430	-23.2395
131.500000	96.276	-22.4834
132.000000	96.251	-22.3612
134.000000	96.163	-21.9098
136.000000	96.084	-21.4095
138.000000	96.004	-20.9496
140.000000	95.932	-20.4417
143.000000	95.827	-19.7045
145.000000	95.764	-19.1984
147.500000	95.683	-18.5384
150.000000	95.612	-17.9191
152.500000	95.543	-17.2874
155.000000	95.482	-16.6454
157.500000	95.427	-16.0084
160.000000	95.371	-15.3730
162.500000	95.325	-14.7398
165.000000	95.279	-14.1194
167.500000	95.238	-13.5055
170.000000	95.200	-12.9225
172.500000	95.168	-12.3100
175.000000	95.135	-11.7005
177.500000	95.107	-11.1311
180.000000	95.080	-10.5806
182.500000	95.063	-10.0321
185.000000	95.044	-9.4853
187.500000	95.027	-8.9224
190.000000	95.010	-8.4219
192.500000	95.002	-7.9094
195.000000	94.986	-7.4169
197.500000	94.976	-6.8777
200.000000	94.965	-6.4573
203.000000	94.957	-5.8964
206.000000	94.951	-5.3361
209.000000	94.940	-4.7701
212.000000	94.933	-4.2735
214.000000	94.934	-3.8986
218.000000	94.927	-3.1908
220.000000	94.925	-2.8197
224.000000	94.929	-2.0766
227.000000	94.937	-1.5110
230.000000	94.955	-0.9565
233.000000	94.980	-0.4404
236.000000	95.015	-0.0362
240.000000	95.055	0.2947
243.000000	95.075	0.7822
247.000000	95.102	1.1631
250.000000	95.119	1.4567
254.000000	95.140	1.8365
258.000000	95.164	2.1880
262.000000	95.185	2.5202
265.000000	95.199	2.7682
269.000000	95.216	3.0707
272.000000	95.224	3.2801
276.000000	95.239	3.5664
280.000000	95.248	3.8671
285.000000	95.260	4.2005
290.000000	95.274	4.5218
295.000000	95.285	4.8558
300.000000	95.288	5.1388
304.000000	95.299	5.3991
307.000000	95.303	5.5702
311.000000	95.310	5.8239
315.000000	95.315	6.0387
320.000000	95.322	6.3305
325.000000	95.327	6.6017
330.000000	95.330	6.8803
335.000000	95.333	7.1226
340.000000	95.337	7.3863
345.000000	95.336	7.6364
350.000000	95.335	7.8862
355.000000	95.338	8.1125
360.000000	95.341	8.3621
365.000000	95.335	8.5916
370.000000	95.331	8.8191
375.000000	95.327	9.0430
382.000000	95.321	9.3366
387.000000	95.312	9.5540
395.000000	95.299	9.9157
400.000000	95.292	10.1316
406.000000	95.279	10.4170
412.000000	95.270	10.6767
418.000000	95.262	10.9363
425.000000	95.253	11.2419
431.000000	95.242	11.4469
437.000000	95.228	11.6373
444.000000	95.202	11.8888
450.000000	95.178	12.1081
455.000000	95.155	12.3334
462.000000	95.124	12.6252
468.000000	95.099	12.9080
475.000000	95.068	13.2338
482.000000	95.039	13.5737
487.000000	95.015	13.8192
494.000000	94.983	14.1443
500.000000	94.956	14.4333
508.000000	94.917	14.8345
515.000000	94.882	15.2150
522.000000	94.845	15.5801
530.000000	94.804	16.0370
538.000000	94.765	16.5094
545.000000	94.726	16.9070
552.000000	94.692	17.3430
560.000000	94.654	17.8763
570.000000	94.608	18.4724
580.000000	94.565	19.1460
590.000000	94.520	19.7882
600.000000	94.472	20.4961
608.000000	94.446	21.0012
615.000000	94.418	21.4752
622.000000	94.391	21.9338
630.000000	94.361	22.4816
640.000000	94.324	23.1747
650.000000	94.285	23.8801
660.000000	94.255	24.5507
670.000000	94.210	25.2441
680.000000	94.172	25.9483
690.000000	94.139	26.6600
700.000000	94.102	27.3779
710.000000	94.064	28.1222
720.000000	94.028	28.8215
730.000000	93.995	29.5871
740.000000	93.960	30.3368
750.000000	93.925	31.1197
762.000000	93.882	32.0733
775.000000	93.846	33.1007
788.000000	93.806	34.1315
800.000000	93.772	35.1328
812.000000	93.742	36.1280
825.000000	93.713	37.2518
838.000000	93.687	38.3805
850.000000	93.662	39.4360
862.000000	93.644	40.5059
875.000000	93.632	41.6519
885.000000	93.621	42.5576
900.000000	93.607	43.9541
912.000000	93.610	44.9859
925.000000	93.617	46.1894
938.000000	93.622	47.3516
950.000000	93.638	48.4393
962.000000	93.653	49.5115
975.000000	93.672	50.6712
988.000000	93.700	51.8359
1000.000000	93.726	52.8665
1015.000000	93.773	54.1382
1030.000000	93.817	55.3942
1044.000000	93.863	56.5009
1060.000000	93.922	57.7770
1075.000000	93.980	58.9114
1090.000000	94.042	60.0128
1106.000000	94.107	61.1414
1120.000000	94.167	62.0955
1138.000000	94.246	63.2669
1150.000000	94.294	64.0115
1172.000000	94.381	65.3090
1180.000000	94.414	65.7809
1206.000000	94.510	67.2072
1220.000000	94.559	67.9648
1241.000000	94.625	69.0228
1250.000000	94.656	69.4897
1265.000000	94.694	70.2411
1280.000000	94.732	70.9887
1315.000000	94.805	72.7002
1320.000000	94.819	72.9703
1340.000000	94.849	73.9230
1360.000000	94.879	74.9330
1380.000000	94.904	75.9260
1400.000000	94.928	76.9592
1430.000000	94.956	78.5231
1450.000000	94.975	79.6010
1475.000000	94.993	80.9614
1500.000000	95.019	82.3501
1525.000000	95.034	83.8285
1550.000000	95.055	85.3103
1575.000000	95.078	86.8086
1600.000000	95.107	88.3565
1625.000000	95.136	89.9122
1650.000000	95.173	91.4875
1675.000000	95.208	93.0847
1700.000000	95.256	94.6726
1725.000000	95.306	96.3183
1750.000000	95.360	97.9494
1775.000000	95.419	99.5971
1800.000000	95.483	101.2540
1825.000000	95.557	102.8702
1850.000000	95.639	104.5367
1875.000000	95.723	106.1549
1900.000000	95.816	107.7759
1925.000000	95.914	109.3963
1950.000000	96.020	110.9919
1975.000000	96.133	112.5422
2000.000000	96.251	114.1039
2030.000000	96.405	115.9258
2060.000000	96.565	117.7157
2090.000000	96.735	119.4348
2120.000000	96.916	121.1128
2140.000000	97.038	122.1949
2180.000000	97.299	124.2653
2200.000000	97.433	125.2319
2240.000000	97.712	127.0857
2270.000000	97.929	128.3609
2300.000000	98.154	129.5458
2330.000000	98.382	130.6270
2360.000000	98.612	131.5875
2400.000000	98.925	132.6790
2430.000000	99.156	133.3498
2470.000000	99.461	134.0328
2500.000000	99.683	134.3851
2540.000000	99.967	134.6496
2580.000000	100.232	134.7069
2620.000000	100.466	134.4921
2650.000000	100.621	134.2445
2690.000000	100.796	133.7310
2720.000000	100.897	133.2853
2760.000000	100.997	132.6143
2800.000000	101.055	131.9306
2850.000000	101.071	131.1091
2900.000000	101.031	130.3744
2950.000000	100.937	129.7700
3000.000000	100.799	129.3347
3040.000000	100.646	129.1178
3070.000000	100.506	129.0897
3110.000000	100.297	129.4001
3150.000000	100.096	130.0479
3200.000000	99.864	131.1107
3250.000000	99.646	132.4630
3300.000000	99.462	133.9973
3350.000000	99.288	135.6521
3400.000000	99.134	137.4263
3450.000000	99.007	139.3657
3500.000000	98.912	141.3317
3550.000000	98.841	143.2893
3600.000000	98.796	145.2387
3650.000000	98.767	147.1245
3700.000000	98.757	148.9516
3750.000000	98.758	150.6935
3820.000000	98.783	153.0142
3870.000000	98.816	154.5364
3950.000000	98.887	156.7451
4000.000000	98.939	157.9355
4060.000000	99.000	159.1392
4120.000000	99.051	160.1362
4180.000000	99.082	160.8686
4250.000000	99.084	161.5370
4310.000000	99.047	161.9907
4370.000000	98.980	162.3724
4440.000000	98.845	162.7709
4500.000000	98.674	163.2570
4550.000000	98.509	163.8799
4620.000000	98.270	165.2222
4680.000000	98.089	166.6229
4750.000000	97.933	168.4516
4820.000000	97.835	170.2430
4870.000000	97.790	171.3197
4940.000000	97.736	172.4452
5000.000000	97.674	173.1114
5080.000000	97.534	173.6399
5150.000000	97.337	174.0318
5220.000000	97.082	174.6287
5300.000000	96.758	175.6644
5380.000000	96.429	177.0384
5450.000000	96.146	178.4405
5520.000000	95.871	179.9769
5600.000000	95.566	-178.1088
5700.000000	95.203	-175.4670
5800.000000	94.867	-172.4425
5900.000000	94.589	-169.2473
6000.000000	94.368	-165.8530
6080.000000	94.245	-163.0905
6150.000000	94.174	-160.5957
6220.000000	94.139	-158.1230
6300.000000	94.155	-155.3384
6400.000000	94.264	-151.9248
6500.000000	94.475	-148.9076
6600.000000	94.762	-146.2524
6700.000000	95.121	-143.9502
6800.000000	95.599	-141.9535
6900.000000	96.252	-140.7982
7000.000000	96.974	-141.3054
7100.000000	97.665	-143.1140
7200.000000	98.314	-146.1899
7300.000000	98.863	-150.6127
7400.000000	99.218	-156.0437
7500.000000	99.335	-161.9323
7620.000000	99.172	-168.6781
7750.000000	98.706	-174.5699
7880.000000	98.093	-178.5326
8000.000000	97.526	179.5439
8120.000000	97.031	178.8254
8250.000000	96.620	179.1001
8380.000000	96.352	179.9797
8500.000000	96.223	-179.0434
8620.000000	96.185	-178.1572
8750.000000	96.207	-177.4183
8850.000000	96.257	-177.0615
9000.000000	96.341	-177.0744
9120.000000	96.377	-177.4138
9250.000000	96.359	-178.0796
9380.000000	96.240	-178.8284
9500.000000	96.053	-179.3723
9620.000000	95.794	-179.5734
9750.000000	95.453	-179.2839
9880.000000	95.078	-178.4590
10000.000000	94.713	-177.0658
10150.000000	94.269	-174.6226
10300.000000	93.871	-171.4552
10440.000000	93.583	-168.1558
10600.000000	93.353	-163.5043
10750.000000	93.257	-159.0002
10900.000000	93.322	-154.4355
11060.000000	93.582	-150.0040
11200.000000	93.937	-146.9713
11380.000000	94.526	-144.5956
11500.000000	94.943	-144.1388
11720.000000	95.537	-145.7429
11800.000000	95.671	-146.7322
12060.000000	95.835	-149.8859
12200.000000	95.897	-151.3522
12410.000000	96.022	-154.3425
12500.000000	96.041	-156.2644
12650.000000	95.933	-159.7960
12800.000000	95.634	-163.3128
13150.000000	94.532	-168.2808
13200.000000	94.372	-168.6143
13400.000000	93.829	-169.1230
13600.000000	93.470	-168.9091
13800.000000	93.337	-168.7845
14000.000000	93.436	-169.4100
14300.000000	94.027	-173.2996
14500.000000	94.624	-179.6108
14750.000000	95.189	166.5312
15000.000000	94.798	146.9867
15250.000000	93.198	127.4182
15500.000000	90.861	112.7497
15750.000000	88.531	102.3383
16000.000000	86.412	93.7675
16250.000000	84.604	86.0227
16500.000000	83.116	77.4729
16750.000000	81.900	67.9262
17000.000000	80.971	56.7817
17250.000000	80.429	43.5461
17500.000000	80.228	27.7851
17750.000000	80.381	9.1383
18000.000000	81.015	-13.3764
18250.000000	82.090	-41.0631
18500.000000	83.483	-76.2808
18750.000000	85.152	-120.6733
19000.000000	86.525	-177.2528
19250.000000	87.013	111.8712
19500.000000	85.674	28.3197
19750.000000	82.409	-63.1306
