* Measurement data measured by REW V5.31.3
* Source: USB-C to 3.5mm Headphone Jack Adapter, no input selected, 0, volume: 0.343
* Format: 256k Log Swept Sine, 1 sweep at -12.0 dBFS with no timing reference
* Dated: Mar 8, 2026 11:44:22 PM
* REW Settings:
*  C-weighting compensation: Off
*  Target level: 75.0 dB
* Note: ; 
* Measurement: L
* Smoothing: None
* Frequency Step: 1/48 octave
* Start Frequency: 20.000 Hz
*
* Freq(Hz)	SPL(dB)	Phase(degrees)
20.000000	105.418	175.7662
20.299999	105.423	174.9746
20.600000	105.426	174.1902
20.900000	105.427	173.4236
21.200001	105.428	172.6803
21.400000	105.430	172.1967
21.799999	105.437	171.2437
22.000000	105.441	170.7673
22.400000	105.450	169.8034
22.700001	105.455	169.0688
23.000000	105.456	168.3314
23.299999	105.453	167.6030
23.600000	105.446	166.8961
24.000000	105.432	166.0013
24.299999	105.421	165.3652
24.700001	105.409	164.5475
25.000000	105.402	163.9404
25.400000	105.394	163.1213
25.799999	105.383	162.2888
26.200001	105.368	161.4590
26.500000	105.354	160.8499
26.900000	105.336	160.0590
27.200001	105.323	159.4752
27.600000	105.308	158.6931
28.000000	105.293	157.8972
28.500000	105.270	156.8956
29.000000	105.244	155.9214
29.500000	105.218	154.9848
30.000000	105.197	154.0573
30.400000	105.181	153.3049
30.700001	105.167	152.7372
31.100000	105.146	151.9883
31.500000	105.124	151.2607
32.000000	105.097	150.3780
32.500000	105.071	149.5026
33.000000	105.042	148.6242
33.500000	105.009	147.7617
34.000000	104.973	146.9373
34.500000	104.940	146.1475
35.000000	104.909	145.3685
35.500000	104.881	144.5830
36.000000	104.853	143.7871
36.500000	104.824	142.9786
37.000000	104.794	142.1552
37.500000	104.759	141.3279
38.200001	104.703	140.2162
38.700001	104.663	139.4767
39.500000	104.608	138.3283
40.000000	104.577	137.5938
40.599998	104.535	136.7133
41.200001	104.491	135.8689
41.799999	104.450	135.0476
42.500000	104.402	134.0801
43.099998	104.358	133.2610
43.700001	104.313	132.4748
44.400002	104.266	131.5624
45.000000	104.224	130.7563
45.500000	104.187	130.0834
46.200001	104.132	129.1667
46.799999	104.087	128.3907
47.500000	104.034	127.4615
48.200001	103.973	126.5212
48.700001	103.923	125.8899
49.400002	103.855	125.1130
50.000000	103.813	124.4822
50.799999	103.764	123.5200
51.500000	103.702	122.6461
52.200001	103.634	121.9324
53.000000	103.587	121.1654
53.799999	103.544	120.1977
54.500000	103.480	119.3374
55.200001	103.411	118.6113
56.000000	103.348	117.8240
57.000000	103.270	116.7191
58.000000	103.170	115.7022
59.000000	103.096	114.8264
60.000000	103.029	113.7597
60.799999	102.957	112.9764
61.500000	102.911	112.3605
62.200001	102.870	111.6260
63.000000	102.797	110.7651
64.000000	102.706	109.9278
65.000000	102.637	109.0458
66.000000	102.555	108.1516
67.000000	102.478	107.3029
68.000000	102.400	106.4454
69.000000	102.326	105.6062
70.000000	102.249	104.7513
71.000000	102.172	103.9468
72.000000	102.100	103.1434
73.000000	102.022	102.3413
74.000000	101.946	101.6014
75.000000	101.875	100.8550
76.199997	101.787	99.9588
77.500000	101.693	99.0031
78.800003	101.594	98.0811
80.000000	101.515	97.2592
81.199997	101.430	96.3688
82.500000	101.332	95.5252
83.800003	101.253	94.6747
85.000000	101.166	93.8764
86.199997	101.093	93.1765
87.500000	101.012	92.3019
88.500000	100.935	91.7039
90.000000	100.839	90.9266
91.199997	100.767	90.2094
92.500000	100.676	89.4736
93.800003	100.592	88.7931
95.000000	100.520	88.1875
96.199997	100.456	87.5349
97.500000	100.375	86.8161
98.800003	100.297	86.1499
100.000000	100.224	85.5710
101.500000	100.142	84.8427
103.000000	100.062	84.1761
104.400002	99.984	83.4688
106.000000	99.896	82.7927
107.500000	99.804	82.1349
109.000000	99.724	81.4156
110.599998	99.639	80.8523
112.000000	99.581	80.1758
113.800003	99.489	79.6039
115.000000	99.443	79.1445
117.199997	99.329	78.2334
118.000000	99.281	77.8594
120.599998	99.115	76.9147
122.000000	99.124	76.3730
124.099998	99.035	75.8692
125.000000	99.010	75.5429
126.500000	98.934	75.1239
128.000000	98.854	74.4970
131.500000	98.724	73.2484
132.000000	98.714	73.1105
134.000000	98.653	72.5266
136.000000	98.566	72.3355
138.000000	98.454	71.5606
140.000000	98.418	70.7161
143.000000	98.314	69.8087
145.000000	98.343	69.8857
147.500000	98.304	68.4278
150.000000	98.251	69.1920
152.500000	98.138	66.8051
155.000000	97.967	66.8478
157.500000	97.996	66.5004
160.000000	97.906	66.1619
162.500000	97.839	65.9366
165.000000	97.752	65.4351
167.500000	97.686	64.8276
170.000000	97.669	64.1282
172.500000	97.585	63.6388
175.000000	97.566	63.1312
177.500000	97.544	62.7179
180.000000	97.477	62.3975
182.500000	97.452	62.0157
185.000000	97.429	61.7454
187.500000	97.372	61.4047
190.000000	97.317	60.8537
192.500000	97.317	60.4755
195.000000	97.267	60.2084
197.500000	97.245	59.8251
200.000000	97.212	59.4935
203.000000	97.183	58.8431
206.000000	97.174	58.6966
209.000000	97.059	58.6760
212.000000	97.071	58.0174
214.000000	97.037	57.2059
218.000000	97.074	57.1281
220.000000	97.013	56.9292
224.000000	96.997	56.2822
227.000000	96.967	55.7003
230.000000	96.964	55.8495
233.000000	96.932	55.4368
236.000000	96.904	55.0790
240.000000	96.895	54.7695
243.000000	96.885	54.3337
247.000000	96.863	53.9549
250.000000	96.857	53.6315
254.000000	96.827	53.2434
258.000000	96.819	52.7240
262.000000	96.823	52.6295
265.000000	96.802	52.2138
269.000000	96.840	52.0326
272.000000	96.863	51.8402
276.000000	96.794	51.2703
280.000000	96.772	51.2069
285.000000	96.792	50.6131
290.000000	96.747	50.2630
295.000000	96.737	50.0373
300.000000	96.731	49.7571
304.000000	96.751	49.2702
307.000000	96.742	48.9202
311.000000	96.735	48.7061
315.000000	96.733	48.4264
320.000000	96.757	48.3495
325.000000	96.705	48.2655
330.000000	96.703	47.6005
335.000000	96.723	47.4888
340.000000	96.706	47.1602
345.000000	96.721	46.7918
350.000000	96.707	46.6673
355.000000	96.717	46.3346
360.000000	96.711	46.1396
365.000000	96.688	45.7727
370.000000	96.731	45.3737
375.000000	96.709	45.4953
382.000000	96.703	45.1193
387.000000	96.704	44.9204
395.000000	96.696	44.6816
400.000000	96.710	44.3816
406.000000	96.724	44.2226
412.000000	96.701	43.9215
418.000000	96.730	43.8749
425.000000	96.718	43.6231
431.000000	96.712	43.3867
437.000000	96.723	43.1802
444.000000	96.709	42.9830
450.000000	96.708	42.7698
455.000000	96.694	42.6698
462.000000	96.685	42.5475
468.000000	96.674	42.4843
475.000000	96.661	42.4042
482.000000	96.659	42.4367
487.000000	96.671	42.3193
494.000000	96.689	42.2912
500.000000	96.668	42.3675
508.000000	96.661	42.2845
515.000000	96.683	42.3564
522.000000	96.673	42.2908
530.000000	96.686	42.2745
538.000000	96.692	42.3381
545.000000	96.698	42.2666
552.000000	96.704	42.3312
560.000000	96.711	42.3693
570.000000	96.716	42.3253
580.000000	96.731	42.4644
590.000000	96.734	42.4882
600.000000	96.737	42.6555
608.000000	96.751	42.6881
615.000000	96.759	42.7898
622.000000	96.763	42.8760
630.000000	96.770	42.9909
640.000000	96.782	43.1253
650.000000	96.797	43.3094
660.000000	96.805	43.5028
670.000000	96.820	43.6744
680.000000	96.835	43.8684
690.000000	96.852	44.1226
700.000000	96.871	44.3400
710.000000	96.888	44.6329
720.000000	96.906	44.8570
730.000000	96.930	45.1193
740.000000	96.957	45.3953
750.000000	96.976	45.7066
762.000000	97.007	46.0800
775.000000	97.044	46.5135
788.000000	97.084	46.9626
800.000000	97.125	47.3585
812.000000	97.167	47.8157
825.000000	97.220	48.2604
838.000000	97.275	48.7619
850.000000	97.332	49.2251
862.000000	97.390	49.6396
875.000000	97.455	50.1212
885.000000	97.514	50.5222
900.000000	97.601	51.1353
912.000000	97.675	51.5320
925.000000	97.762	52.0068
938.000000	97.847	52.4647
950.000000	97.929	52.8878
962.000000	98.022	53.2985
975.000000	98.123	53.7318
988.000000	98.229	54.1193
1000.000000	98.331	54.4919
1015.000000	98.460	54.9142
1030.000000	98.591	55.2912
1044.000000	98.720	55.6052
1060.000000	98.872	55.9208
1075.000000	99.011	56.1963
1090.000000	99.157	56.3950
1106.000000	99.307	56.5618
1120.000000	99.442	56.6697
1138.000000	99.613	56.7458
1150.000000	99.725	56.7679
1172.000000	99.925	56.7504
1180.000000	99.997	56.7104
1206.000000	100.223	56.5696
1220.000000	100.343	56.4844
1241.000000	100.517	56.2499
1250.000000	100.587	56.1500
1265.000000	100.703	55.9643
1280.000000	100.813	55.7689
1315.000000	101.053	55.2271
1320.000000	101.089	55.1365
1340.000000	101.212	54.8567
1360.000000	101.333	54.5554
1380.000000	101.451	54.2469
1400.000000	101.563	53.9364
1430.000000	101.724	53.5056
1450.000000	101.828	53.2173
1475.000000	101.951	52.8598
1500.000000	102.072	52.5729
1525.000000	102.190	52.1837
1550.000000	102.307	51.8371
1575.000000	102.421	51.5179
1600.000000	102.538	51.2003
1625.000000	102.649	50.8792
1650.000000	102.764	50.5881
1675.000000	102.876	50.2223
1700.000000	102.986	49.8527
1725.000000	103.100	49.4771
1750.000000	103.205	49.1032
1775.000000	103.312	48.7012
1800.000000	103.418	48.3109
1825.000000	103.521	47.8660
1850.000000	103.623	47.4160
1875.000000	103.721	46.9608
1900.000000	103.821	46.4844
1925.000000	103.915	45.9898
1950.000000	104.009	45.4680
1975.000000	104.100	44.9195
2000.000000	104.185	44.3675
2030.000000	104.282	43.6372
2060.000000	104.374	42.9059
2090.000000	104.459	42.1686
2120.000000	104.538	41.3980
2140.000000	104.587	40.8663
2180.000000	104.671	39.8163
2200.000000	104.710	39.2759
2240.000000	104.774	38.2048
2270.000000	104.813	37.3965
2300.000000	104.844	36.5886
2330.000000	104.867	35.7964
2360.000000	104.885	35.0238
2400.000000	104.895	34.0191
2430.000000	104.893	33.2963
2470.000000	104.882	32.3776
2500.000000	104.874	31.7346
2540.000000	104.855	30.9062
2580.000000	104.828	30.1191
2620.000000	104.792	29.3782
2650.000000	104.765	28.8813
2690.000000	104.724	28.2314
2720.000000	104.691	27.8032
2760.000000	104.642	27.2561
2800.000000	104.599	26.7648
2850.000000	104.539	26.1956
2900.000000	104.487	25.7181
2950.000000	104.428	25.2783
3000.000000	104.375	24.9016
3040.000000	104.337	24.6625
3070.000000	104.310	24.4989
3110.000000	104.277	24.2999
3150.000000	104.251	24.1252
3200.000000	104.224	23.9512
3250.000000	104.212	23.7827
3300.000000	104.208	23.5685
3350.000000	104.213	23.3539
3400.000000	104.227	23.0321
3450.000000	104.239	22.6793
3500.000000	104.256	22.2764
3550.000000	104.273	21.7888
3600.000000	104.292	21.2545
3650.000000	104.302	20.6196
3700.000000	104.308	19.9092
3750.000000	104.303	19.1649
3820.000000	104.288	18.0162
3870.000000	104.259	17.1466
3950.000000	104.187	15.7000
4000.000000	104.140	14.5835
4060.000000	104.033	13.6130
4120.000000	103.916	12.4863
4180.000000	103.779	11.3904
4250.000000	103.589	10.1824
4310.000000	103.402	9.2354
4370.000000	103.196	8.4083
4440.000000	102.937	7.5756
4500.000000	102.698	7.0240
4550.000000	102.496	6.6955
4620.000000	102.207	6.4408
4680.000000	101.962	6.3228
4750.000000	101.668	6.3474
4820.000000	101.384	6.5080
4870.000000	101.178	6.7881
4940.000000	100.893	7.2332
5000.000000	100.651	7.8126
5080.000000	100.344	8.6766
5150.000000	100.080	9.6152
5220.000000	99.834	10.6639
5300.000000	99.565	12.0742
5380.000000	99.327	13.6589
5450.000000	99.131	15.1984
5520.000000	98.963	16.7877
5600.000000	98.797	18.6302
5700.000000	98.620	21.1312
5800.000000	98.487	23.7453
5900.000000	98.401	26.3652
6000.000000	98.345	29.1363
6080.000000	98.355	31.2495
6150.000000	98.384	33.1775
6220.000000	98.433	35.0811
6300.000000	98.527	37.2589
6400.000000	98.675	39.9673
6500.000000	98.888	42.5342
6600.000000	99.162	45.0329
6700.000000	99.494	47.4037
6800.000000	99.889	49.5894
6900.000000	100.352	51.5097
7000.000000	100.899	53.1444
7100.000000	101.526	54.4325
7200.000000	102.244	55.1558
7300.000000	103.058	55.1179
7400.000000	103.957	54.2152
7500.000000	104.932	52.1533
7620.000000	106.173	47.6601
7750.000000	107.494	39.6040
7880.000000	108.535	27.8124
8000.000000	108.959	14.4860
8120.000000	108.744	0.9242
8250.000000	107.984	-11.7371
8380.000000	106.977	-21.8170
8500.000000	105.981	-29.4637
8620.000000	104.957	-35.9673
8750.000000	103.824	-42.1010
8850.000000	102.929	-46.2185
9000.000000	101.559	-51.5101
9120.000000	100.430	-54.8816
9250.000000	99.189	-57.4991
9380.000000	98.017	-59.1327
9500.000000	97.009	-60.3281
9620.000000	95.971	-61.1799
9750.000000	94.869	-61.2462
9880.000000	93.831	-60.6083
10000.000000	93.001	-59.4747
10150.000000	91.949	-57.2607
10300.000000	91.075	-54.7252
10440.000000	90.414	-52.2073
10600.000000	89.799	-49.3997
10750.000000	89.358	-46.9515
10900.000000	89.040	-45.3454
11060.000000	88.669	-45.2646
11200.000000	88.092	-45.7675
11380.000000	87.170	-43.3947
11500.000000	86.705	-40.7976
11720.000000	86.234	-36.3511
11800.000000	86.110	-34.9789
12060.000000	85.857	-30.8035
12200.000000	85.853	-29.0441
12410.000000	85.923	-27.1669
12500.000000	86.002	-26.7360
12650.000000	86.142	-26.9216
12800.000000	86.254	-27.5044
13150.000000	86.325	-28.4296
13200.000000	86.367	-27.8744
13400.000000	86.895	-27.0022
13600.000000	87.993	-27.1727
13800.000000	89.574	-30.4867
14000.000000	91.579	-37.9856
14300.000000	95.106	-60.7058
14500.000000	97.041	-86.3823
14750.000000	97.725	-124.2736
15000.000000	97.267	-159.9035
15250.000000	96.079	161.8003
15500.000000	92.476	126.5272
15750.000000	88.214	112.7136
16000.000000	86.699	112.0333
16250.000000	88.222	100.6317
16500.000000	89.444	65.0016
16750.000000	87.318	24.6380
17000.000000	84.209	-3.9018
17250.000000	81.863	-29.1282
17500.000000	80.096	-60.1989
17750.000000	78.241	-101.8434
18000.000000	75.642	-164.2012
18250.000000	72.459	114.7998
18500.000000	70.977	28.2806
18750.000000	70.972	-39.9792
19000.000000	71.665	-98.3239
19250.000000	70.728	-157.6918
19500.000000	70.156	138.4657
19750.000000	69.559	60.5035
