* Measurement data measured by REW V5.31.3
* Source: USB-C to 3.5mm Headphone Jack Adapter, USB-C to 3.5mm Headphone Jack Adapter, 0, volume: 0.138
* Format: 256k Log Swept Sine, 1 sweep at -12.0 dBFS with no timing reference
* Dated: Dec 27, 2024 1:28:36 PM
* REW Settings:
*  C-weighting compensation: Off
*  Target level: 75.0 dB
* Note: 
* Measurement: R
* Smoothing: None
* Frequency Step: 1/48 octave
* Start Frequency: 20.300 Hz
*
* Freq(Hz)	SPL(dB)	Phase(degrees)
20.299999	106.804	-159.0046
20.600000	106.817	-159.6894
20.900000	106.824	-160.3269
21.200001	106.831	-160.9755
21.400000	106.835	-161.4135
21.799999	106.844	-162.2903
22.000000	106.848	-162.7219
22.400000	106.854	-163.5547
22.700001	106.856	-164.1406
23.000000	106.855	-164.6895
23.299999	106.853	-165.2051
23.600000	106.849	-165.6968
24.000000	106.845	-166.3363
24.299999	106.841	-166.8168
24.700001	106.836	-167.4673
25.000000	106.832	-167.9603
25.400000	106.828	-168.6166
25.799999	106.825	-169.2654
26.200001	106.823	-169.9072
26.500000	106.822	-170.3855
26.900000	106.816	-171.0161
27.200001	106.809	-171.4775
27.600000	106.795	-172.0657
28.000000	106.779	-172.6176
28.500000	106.761	-173.2713
29.000000	106.749	-173.9253
29.500000	106.738	-174.6073
30.000000	106.723	-175.3065
30.400000	106.709	-175.8561
30.700001	106.696	-176.2533
31.100000	106.680	-176.7601
31.500000	106.666	-177.2464
32.000000	106.650	-177.8389
32.500000	106.634	-178.4230
33.000000	106.617	-178.9976
33.500000	106.597	-179.5592
34.000000	106.577	179.8911
34.500000	106.555	179.3508
35.000000	106.533	178.8216
35.500000	106.510	178.3079
36.000000	106.487	177.8076
36.500000	106.463	177.3114
37.000000	106.438	176.8173
37.500000	106.411	176.3399
38.200001	106.376	175.7220
38.700001	106.358	175.2913
39.500000	106.328	174.5423
40.000000	106.298	174.0661
40.599998	106.254	173.5665
41.200001	106.216	173.1357
41.799999	106.190	172.6780
42.500000	106.160	172.0635
43.099998	106.123	171.5641
43.700001	106.085	171.1545
44.400002	106.052	170.6935
45.000000	106.026	170.2114
45.500000	105.999	169.7692
46.200001	105.954	169.2179
46.799999	105.925	168.8582
47.500000	105.902	168.4580
48.200001	105.862	167.9942
48.700001	105.816	167.6841
49.400002	105.753	167.3315
50.000000	105.724	166.9797
50.799999	105.697	166.3149
51.500000	105.649	165.7979
52.200001	105.596	165.5204
53.000000	105.552	165.2342
53.799999	105.512	164.7646
54.500000	105.479	164.2837
55.200001	105.447	163.7845
56.000000	105.385	163.2981
57.000000	105.293	163.0200
58.000000	105.248	162.6935
59.000000	105.206	162.1204
60.000000	105.151	161.6436
60.799999	105.101	161.2595
61.500000	105.049	160.9089
62.200001	104.998	160.6073
63.000000	104.951	160.2957
64.000000	104.893	159.8997
65.000000	104.830	159.5339
66.000000	104.773	159.1647
67.000000	104.719	158.7981
68.000000	104.660	158.4403
69.000000	104.600	158.0826
70.000000	104.541	157.7114
71.000000	104.481	157.3858
72.000000	104.422	157.0668
73.000000	104.356	156.7292
74.000000	104.300	156.4481
75.000000	104.249	156.1270
76.199997	104.172	155.8159
77.500000	104.095	155.4448
78.800003	104.013	155.1042
80.000000	103.945	154.8042
81.199997	103.877	154.5175
82.500000	103.801	154.1920
83.800003	103.724	153.9185
85.000000	103.656	153.6302
86.199997	103.589	153.4124
87.500000	103.512	153.1734
88.500000	103.453	152.9756
90.000000	103.370	152.6579
91.199997	103.300	152.4524
92.500000	103.232	152.2131
93.800003	103.160	151.9790
95.000000	103.097	151.8225
96.199997	103.029	151.6458
97.500000	102.959	151.4788
98.800003	102.886	151.2658
100.000000	102.823	151.0970
101.500000	102.745	150.8701
103.000000	102.663	150.7280
104.400002	102.587	150.5341
106.000000	102.502	150.3448
107.500000	102.426	150.1922
109.000000	102.338	150.0381
110.599998	102.258	149.8737
112.000000	102.181	149.7401
113.800003	102.082	149.6235
115.000000	102.017	149.5073
117.199997	101.895	149.3743
118.000000	101.852	149.3074
120.599998	101.714	149.1704
122.000000	101.622	149.1504
124.099998	101.497	149.0928
125.000000	101.441	149.0931
126.500000	101.344	149.1327
128.000000	101.250	149.2135
131.500000	101.014	149.7543
132.000000	100.988	149.8853
134.000000	100.866	150.4276
136.000000	100.788	151.1683
138.000000	100.773	152.1692
140.000000	100.853	152.8716
143.000000	100.991	152.6883
145.000000	101.020	152.0352
147.500000	100.982	151.3199
150.000000	100.902	150.6971
152.500000	100.800	150.2945
155.000000	100.695	150.0112
157.500000	100.585	149.8498
160.000000	100.490	149.8108
162.500000	100.377	149.7220
165.000000	100.283	149.6686
167.500000	100.186	149.6673
170.000000	100.095	149.7005
172.500000	100.003	149.7459
175.000000	99.916	149.7994
177.500000	99.833	149.8607
180.000000	99.741	149.9904
182.500000	99.663	150.0458
185.000000	99.586	150.1295
187.500000	99.505	150.2440
190.000000	99.429	150.3238
192.500000	99.356	150.4944
195.000000	99.280	150.6222
197.500000	99.210	150.7270
200.000000	99.139	150.8873
203.000000	99.057	151.0311
206.000000	98.972	151.1865
209.000000	98.893	151.3501
212.000000	98.815	151.5336
214.000000	98.765	151.6325
218.000000	98.660	151.8907
220.000000	98.614	152.0067
224.000000	98.515	152.2763
227.000000	98.441	152.4674
230.000000	98.368	152.6878
233.000000	98.298	152.9010
236.000000	98.229	153.0939
240.000000	98.150	153.3752
243.000000	98.072	153.6287
247.000000	97.987	153.9461
250.000000	97.925	154.1798
254.000000	97.844	154.4838
258.000000	97.766	154.8078
262.000000	97.688	155.1231
265.000000	97.631	155.3576
269.000000	97.559	155.6552
272.000000	97.501	155.9189
276.000000	97.432	156.2235
280.000000	97.359	156.5507
285.000000	97.271	156.9793
290.000000	97.187	157.3763
295.000000	97.106	157.8059
300.000000	97.023	158.2391
304.000000	96.965	158.5648
307.000000	96.921	158.8149
311.000000	96.859	159.1570
315.000000	96.798	159.5053
320.000000	96.731	159.9455
325.000000	96.659	160.3835
330.000000	96.591	160.7970
335.000000	96.524	161.2614
340.000000	96.463	161.6712
345.000000	96.400	162.1329
350.000000	96.339	162.5858
355.000000	96.283	163.0083
360.000000	96.221	163.4780
365.000000	96.169	163.9110
370.000000	96.114	164.3615
375.000000	96.059	164.7805
382.000000	95.986	165.4163
387.000000	95.936	165.8726
395.000000	95.859	166.5634
400.000000	95.814	167.0043
406.000000	95.760	167.5409
412.000000	95.707	168.0841
418.000000	95.657	168.6319
425.000000	95.598	169.2285
431.000000	95.549	169.7682
437.000000	95.507	170.3027
444.000000	95.454	170.8943
450.000000	95.410	171.4507
455.000000	95.376	171.8989
462.000000	95.328	172.4916
468.000000	95.290	173.0320
475.000000	95.244	173.6483
482.000000	95.203	174.2303
487.000000	95.174	174.6675
494.000000	95.136	175.3097
500.000000	95.102	175.8072
508.000000	95.058	176.5146
515.000000	95.027	177.1312
522.000000	94.988	177.7440
530.000000	94.952	178.4179
538.000000	94.917	179.1144
545.000000	94.887	179.7332
552.000000	94.859	-179.6730
560.000000	94.824	-178.9777
570.000000	94.789	-178.1109
580.000000	94.759	-177.2530
590.000000	94.726	-176.3959
600.000000	94.694	-175.5306
608.000000	94.675	-174.8478
615.000000	94.657	-174.2397
622.000000	94.643	-173.6565
630.000000	94.622	-172.9429
640.000000	94.605	-172.0981
650.000000	94.586	-171.2329
660.000000	94.570	-170.4301
670.000000	94.556	-169.5299
680.000000	94.549	-168.6547
690.000000	94.542	-167.7943
700.000000	94.533	-166.9280
710.000000	94.531	-166.0571
720.000000	94.530	-165.1583
730.000000	94.531	-164.3378
740.000000	94.541	-163.4761
750.000000	94.546	-162.6625
762.000000	94.558	-161.6454
775.000000	94.570	-160.5887
788.000000	94.581	-159.5025
800.000000	94.599	-158.5049
812.000000	94.617	-157.4967
825.000000	94.642	-156.3862
838.000000	94.669	-155.2859
850.000000	94.702	-154.2543
862.000000	94.736	-153.2226
875.000000	94.778	-152.1095
885.000000	94.815	-151.2680
900.000000	94.877	-150.0047
912.000000	94.928	-148.9716
925.000000	94.991	-147.8932
938.000000	95.057	-146.8361
950.000000	95.125	-145.8526
962.000000	95.201	-144.8845
975.000000	95.284	-143.8706
988.000000	95.370	-142.8494
1000.000000	95.457	-141.9292
1015.000000	95.569	-140.8159
1030.000000	95.687	-139.7464
1044.000000	95.806	-138.7922
1060.000000	95.942	-137.6950
1075.000000	96.080	-136.7359
1090.000000	96.222	-135.8066
1106.000000	96.380	-134.8766
1120.000000	96.519	-134.1428
1138.000000	96.708	-133.2277
1150.000000	96.833	-132.6813
1172.000000	97.066	-131.7843
1180.000000	97.152	-131.4807
1206.000000	97.427	-130.6578
1220.000000	97.569	-130.2932
1241.000000	97.777	-129.8281
1250.000000	97.863	-129.6550
1265.000000	98.000	-129.3986
1280.000000	98.135	-129.1565
1315.000000	98.419	-128.6751
1320.000000	98.457	-128.5904
1340.000000	98.608	-128.3281
1360.000000	98.750	-128.0589
1380.000000	98.890	-127.7547
1400.000000	99.024	-127.4627
1430.000000	99.230	-126.9823
1450.000000	99.366	-126.6848
1475.000000	99.535	-126.3173
1500.000000	99.701	-125.9225
1525.000000	99.868	-125.5108
1550.000000	100.041	-125.0620
1575.000000	100.230	-124.6267
1600.000000	100.432	-124.2653
1625.000000	100.637	-124.0049
1650.000000	100.841	-123.8430
1675.000000	101.038	-123.7610
1700.000000	101.229	-123.7085
1725.000000	101.417	-123.6846
1750.000000	101.601	-123.6633
1775.000000	101.787	-123.6534
1800.000000	101.976	-123.6817
1825.000000	102.164	-123.7323
1850.000000	102.354	-123.8145
1875.000000	102.546	-123.9467
1900.000000	102.738	-124.1255
1925.000000	102.930	-124.3199
1950.000000	103.127	-124.5395
1975.000000	103.330	-124.7926
2000.000000	103.548	-125.1198
2030.000000	103.821	-125.6790
2060.000000	104.098	-126.5312
2090.000000	104.357	-127.6507
2120.000000	104.589	-128.9532
2140.000000	104.727	-129.8989
2180.000000	104.962	-131.9008
2200.000000	105.061	-132.9429
2240.000000	105.225	-135.0745
2270.000000	105.318	-136.6941
2300.000000	105.385	-138.3011
2330.000000	105.428	-139.9148
2360.000000	105.447	-141.4847
2400.000000	105.437	-143.4973
2430.000000	105.403	-144.9238
2470.000000	105.330	-146.6732
2500.000000	105.256	-147.8613
2540.000000	105.140	-149.2606
2580.000000	105.009	-150.4490
2620.000000	104.869	-151.4376
2650.000000	104.763	-152.0403
2690.000000	104.625	-152.6666
2720.000000	104.527	-153.0426
2760.000000	104.409	-153.4390
2800.000000	104.299	-153.7911
2850.000000	104.162	-154.1754
2900.000000	104.025	-154.4445
2950.000000	103.889	-154.5696
3000.000000	103.762	-154.5450
3040.000000	103.673	-154.4407
3070.000000	103.612	-154.3219
3110.000000	103.540	-154.1349
3150.000000	103.479	-153.9248
3200.000000	103.411	-153.6436
3250.000000	103.353	-153.3503
3300.000000	103.306	-153.0226
3350.000000	103.269	-152.6944
3400.000000	103.240	-152.3526
3450.000000	103.220	-152.0070
3500.000000	103.209	-151.6552
3550.000000	103.206	-151.2982
3600.000000	103.214	-150.9288
3650.000000	103.236	-150.5574
3700.000000	103.272	-150.2572
3750.000000	103.318	-149.9970
3820.000000	103.390	-149.7605
3870.000000	103.450	-149.6559
3950.000000	103.547	-149.6160
4000.000000	103.613	-149.6611
4060.000000	103.697	-149.7742
4120.000000	103.787	-149.9808
4180.000000	103.884	-150.3040
4250.000000	103.996	-150.8547
4310.000000	104.093	-151.4707
4370.000000	104.181	-152.2530
4440.000000	104.269	-153.3120
4500.000000	104.332	-154.3876
4550.000000	104.370	-155.3653
4620.000000	104.399	-156.8753
4680.000000	104.399	-158.2737
4750.000000	104.361	-160.0039
4820.000000	104.273	-161.7793
4870.000000	104.174	-163.0162
4940.000000	103.986	-164.4687
5000.000000	103.835	-165.2313
5080.000000	103.730	-166.5467
5150.000000	103.571	-168.2228
5220.000000	103.338	-169.7971
5300.000000	103.008	-171.2850
5380.000000	102.644	-172.3343
5450.000000	102.314	-172.9593
5520.000000	101.976	-173.3061
5600.000000	101.598	-173.3835
5700.000000	101.139	-173.1022
5800.000000	100.706	-172.4089
5900.000000	100.310	-171.3609
6000.000000	99.949	-170.0353
6080.000000	99.694	-168.7814
6150.000000	99.491	-167.5894
6220.000000	99.315	-166.2869
6300.000000	99.141	-164.7310
6400.000000	98.970	-162.6948
6500.000000	98.851	-160.4934
6600.000000	98.796	-158.2793
6700.000000	98.800	-156.0013
6800.000000	98.883	-153.7308
6900.000000	99.043	-151.5128
7000.000000	99.284	-149.4525
7100.000000	99.622	-147.6008
7200.000000	100.066	-146.1511
7300.000000	100.613	-145.2542
7400.000000	101.263	-145.0955
7500.000000	102.026	-145.8434
7620.000000	103.068	-148.6021
7750.000000	104.284	-154.8905
7880.000000	105.313	-165.7806
8000.000000	105.655	-179.5688
8120.000000	105.106	166.0760
8250.000000	103.743	153.8816
8380.000000	102.100	146.1133
8500.000000	100.602	141.9158
8620.000000	99.188	139.6793
8750.000000	97.788	138.8723
8850.000000	96.811	139.1004
9000.000000	95.508	140.3726
9120.000000	94.593	141.9186
9250.000000	93.737	144.0574
9380.000000	92.989	146.2851
9500.000000	92.384	148.4381
9620.000000	91.871	150.6403
9750.000000	91.394	152.9948
9880.000000	90.986	155.2371
10000.000000	90.674	157.2429
10150.000000	90.364	159.4159
10300.000000	90.130	161.2605
10440.000000	89.961	162.8328
10600.000000	89.821	164.1105
10750.000000	89.734	164.8894
10900.000000	89.661	165.3708
11060.000000	89.581	165.4614
11200.000000	89.487	165.4717
11380.000000	89.448	165.5685
11500.000000	89.445	165.5103
11720.000000	89.582	165.4044
11800.000000	89.695	165.1969
12060.000000	90.242	163.1600
12200.000000	90.683	160.6238
12410.000000	91.342	154.0894
12500.000000	91.564	150.2200
12650.000000	91.736	142.3499
12800.000000	91.516	133.6384
13150.000000	89.667	120.2110
13200.000000	89.385	119.9879
13400.000000	88.985	119.7195
13600.000000	89.188	118.0975
13800.000000	89.740	113.7209
14000.000000	90.312	106.2281
14300.000000	90.967	92.5284
14500.000000	91.384	82.4944
14750.000000	92.066	69.0913
15000.000000	93.083	53.3220
15250.000000	94.442	33.4615
15500.000000	95.899	5.2220
15750.000000	96.316	-32.5302
16000.000000	94.811	-70.6947
16250.000000	92.453	-101.3851
16500.000000	90.290	-126.9565
16750.000000	88.509	-151.1008
17000.000000	87.145	-176.4099
17250.000000	85.969	154.9583
17500.000000	84.586	121.5276
17750.000000	82.412	83.8650
18000.000000	78.677	48.4573
18250.000000	74.443	31.0234
18500.000000	74.958	23.4066
18750.000000	77.516	-16.9585
19000.000000	78.267	-77.8329
19250.000000	77.173	-143.9736
19500.000000	75.345	145.2749
19750.000000	73.119	66.2778
