* Measurement data measured by REW V5.20
* Source: USB-C to 3.5mm Headphone Jack Adapter, USB-C to 3.5mm Headphone Jack Adapter, 0, volume: 0.138. Timing signal peak level -37.8 dBFS, measurement signal peak level -9.3 dBFS
* Format: 256k Log Swept Sine, 1 sweep at -12.0 dBFS using an acoustic timing reference
* Dated: Jan 15, 2024 9:11:03 PM
* REW Settings:
*  C-weighting compensation: Off
*  Target level: 75.0 dB
* Note: Delay -0.0227 ms (-7.8 mm, -0.31 in) using estimated IR delay relative to Acoustic reference on USB-C to 3.5mm Headphone Jack Adapter L with no timing offset
* Measurement: R
* Smoothing: None
* Frequency Step: 1/48 octave
* Start Frequency: 20.300 Hz
*
* Freq(Hz)	SPL(dB)	Phase(degrees)
20.299999	107.460907	162.6864
20.600000	107.412392	162.0467
20.900000	107.359833	161.5240
21.200001	107.313400	161.0544
21.400000	107.288315	160.7527
21.799999	107.248146	160.1173
22.000000	107.228760	159.7662
22.400000	107.180191	159.0029
22.700001	107.128174	158.4186
23.000000	107.064041	157.8719
23.299999	106.994629	157.3881
23.600000	106.928825	156.9587
24.000000	106.855896	156.3974
24.299999	106.808533	155.9350
24.700001	106.739548	155.2701
25.000000	106.674683	154.8185
25.400000	106.574593	154.4271
25.799999	106.487473	154.3434
26.200001	106.446442	154.3495
26.500000	106.449135	154.2308
26.900000	106.467651	153.6371
27.200001	106.463905	152.8552
27.600000	106.402550	151.5923
28.000000	106.275978	150.4577
28.500000	106.087021	149.7295
29.000000	105.967529	149.7406
29.500000	105.951675	149.8698
30.000000	105.967651	149.5456
30.400000	105.945900	148.9567
30.700001	105.898293	148.4417
31.100000	105.804459	147.8021
31.500000	105.703857	147.2918
32.000000	105.605606	146.7920
32.500000	105.546791	146.3247
33.000000	105.505066	145.8382
33.500000	105.454956	145.3741
34.000000	105.385307	144.9745
34.500000	105.300232	144.6218
35.000000	105.210968	144.2541
35.500000	105.127045	143.8283
36.000000	105.054100	143.3643
36.500000	104.995262	142.9161
37.000000	104.947922	142.5013
37.500000	104.897491	142.0901
38.200001	104.782593	141.5501
38.700001	104.669945	141.3063
39.500000	104.532265	141.0728
40.000000	104.504402	140.6499
40.599998	104.475876	139.6953
41.200001	104.389755	138.7883
41.799999	104.267052	138.5679
42.500000	104.173546	139.0292
43.099998	104.137177	139.2195
43.700001	104.067978	138.8661
44.400002	103.919670	138.2557
45.000000	103.803619	138.0131
45.500000	103.757858	137.9715
46.200001	103.738167	137.8221
46.799999	103.683167	137.6085
47.500000	103.569016	137.6480
48.200001	103.516205	137.7929
48.700001	103.527122	137.4804
49.400002	103.499870	136.5113
50.000000	103.407219	135.9795
50.799999	103.323257	136.0975
51.500000	103.316841	135.9874
52.200001	103.256248	135.4460
53.000000	103.139786	135.0882
53.799999	103.078621	134.8423
54.500000	103.029076	134.4473
55.200001	102.960587	134.1294
56.000000	102.882721	133.8243
57.000000	102.759750	133.4703
58.000000	102.667816	133.2392
59.000000	102.590973	132.6819
60.000000	102.484985	132.3292
60.799999	102.418152	132.1649
61.500000	102.356453	131.9476
62.200001	102.288826	131.7359
63.000000	102.218796	131.5088
64.000000	102.134209	131.2222
65.000000	102.051079	130.9659
66.000000	101.966156	130.6740
67.000000	101.878571	130.4718
68.000000	101.802727	130.3100
69.000000	101.723343	130.0515
70.000000	101.634468	129.7902
71.000000	101.566589	129.6678
72.000000	101.516693	129.4344
73.000000	101.420753	129.2068
74.000000	101.343407	129.1339
75.000000	101.285942	128.7718
76.199997	101.202469	128.5556
77.500000	101.140663	128.3741
78.800003	101.066284	128.0815
80.000000	100.969269	127.7028
81.199997	100.880775	127.7154
82.500000	100.820969	127.4270
83.800003	100.730385	127.2931
85.000000	100.663269	127.1799
86.199997	100.592400	126.8897
87.500000	100.523018	126.6381
88.500000	100.476227	126.5171
90.000000	100.382515	126.3948
91.199997	100.326332	126.1950
92.500000	100.247879	125.8776
93.800003	100.179367	125.7485
95.000000	100.125000	125.6626
96.199997	100.061790	125.4851
97.500000	99.989861	125.3261
98.800003	99.933975	125.1145
100.000000	99.884628	125.0685
101.500000	99.824844	124.7704
103.000000	99.747131	124.5904
104.400002	99.702377	124.5005
106.000000	99.614586	124.2575
107.500000	99.547966	124.0738
109.000000	99.493736	123.9301
110.599998	99.425385	123.8042
112.000000	99.373856	123.6772
113.800003	99.298294	123.5573
115.000000	99.259323	123.4173
117.199997	99.184464	123.1577
118.000000	99.144188	123.0986
120.599998	99.081841	122.6891
122.000000	99.018318	122.7309
124.099998	98.954155	122.3823
125.000000	98.921822	122.4008
126.500000	98.872063	122.3113
128.000000	98.828354	122.1890
131.500000	98.736824	121.9367
132.000000	98.731354	121.8812
134.000000	98.682121	121.6734
136.000000	98.642006	121.4556
138.000000	98.595802	121.2031
140.000000	98.540733	120.9700
143.000000	98.467628	120.6610
145.000000	98.417259	120.5155
147.500000	98.360535	120.2787
150.000000	98.308807	120.0227
152.500000	98.263550	119.8242
155.000000	98.216042	119.5571
157.500000	98.168839	119.2788
160.000000	98.116684	119.0467
162.500000	98.077408	118.7905
165.000000	98.033981	118.4701
167.500000	97.985260	118.3072
170.000000	97.942055	118.0569
172.500000	97.901093	117.8412
175.000000	97.864059	117.6159
177.500000	97.824570	117.3680
180.000000	97.793457	117.1748
182.500000	97.749077	116.9530
185.000000	97.718971	116.7378
187.500000	97.686783	116.5326
190.000000	97.655289	116.3144
192.500000	97.623741	116.0763
195.000000	97.600555	115.8684
197.500000	97.577354	115.6784
200.000000	97.550919	115.4505
203.000000	97.524689	115.1986
206.000000	97.496582	114.9083
209.000000	97.470932	114.6934
212.000000	97.444923	114.4410
214.000000	97.429390	114.2678
218.000000	97.399635	113.9436
220.000000	97.392494	113.7885
224.000000	97.363022	113.4341
227.000000	97.347908	113.1380
230.000000	97.333771	112.9385
233.000000	97.316895	112.6888
236.000000	97.302673	112.4253
240.000000	97.297264	111.9891
243.000000	97.279015	111.8395
247.000000	97.267593	111.5578
250.000000	97.255035	111.2637
254.000000	97.247665	110.9194
258.000000	97.240364	110.5904
262.000000	97.232422	110.2589
265.000000	97.231087	110.0247
269.000000	97.224854	109.6705
272.000000	97.225662	109.4202
276.000000	97.220558	109.0816
280.000000	97.219330	108.7681
285.000000	97.225159	108.3557
290.000000	97.226006	107.9536
295.000000	97.240463	107.5882
300.000000	97.252251	107.1329
304.000000	97.263458	106.8017
307.000000	97.270744	106.5628
311.000000	97.278328	106.1814
315.000000	97.291679	105.8734
320.000000	97.301147	105.4321
325.000000	97.316818	104.9822
330.000000	97.333054	104.5596
335.000000	97.348251	104.1479
340.000000	97.370224	103.7353
345.000000	97.388489	103.2820
350.000000	97.412323	102.8389
355.000000	97.433769	102.4178
360.000000	97.456207	102.0246
365.000000	97.475204	101.5568
370.000000	97.501518	101.1184
375.000000	97.522308	100.6875
382.000000	97.557220	100.0946
387.000000	97.579903	99.6453
395.000000	97.618843	98.9473
400.000000	97.641518	98.5187
406.000000	97.671524	97.9954
412.000000	97.701988	97.4658
418.000000	97.730972	96.9303
425.000000	97.763252	96.3228
431.000000	97.788483	95.7818
437.000000	97.816750	95.2655
444.000000	97.846321	94.6770
450.000000	97.867424	94.1657
455.000000	97.886551	93.7674
462.000000	97.912857	93.1830
468.000000	97.937881	92.7089
475.000000	97.962364	92.1830
482.000000	97.988022	91.6493
487.000000	98.008194	91.2851
494.000000	98.035782	90.7796
500.000000	98.059288	90.3501
508.000000	98.092888	89.7894
515.000000	98.122482	89.3052
522.000000	98.153427	88.8237
530.000000	98.187050	88.2913
538.000000	98.224655	87.7602
545.000000	98.258301	87.2868
552.000000	98.288361	86.7875
560.000000	98.325279	86.2294
570.000000	98.367104	85.5158
580.000000	98.407585	84.8358
590.000000	98.441605	84.1237
600.000000	98.472977	83.4454
608.000000	98.496643	82.8840
615.000000	98.516502	82.4345
622.000000	98.532570	81.9799
630.000000	98.550415	81.4651
640.000000	98.568359	80.8318
650.000000	98.586578	80.2428
660.000000	98.599007	79.6883
670.000000	98.614807	79.1325
680.000000	98.626762	78.5986
690.000000	98.634613	78.0994
700.000000	98.642792	77.6192
710.000000	98.651840	77.1742
720.000000	98.654106	76.7213
730.000000	98.661240	76.3093
740.000000	98.663971	75.9399
750.000000	98.667908	75.5689
762.000000	98.671684	75.1754
775.000000	98.673401	74.7689
788.000000	98.676796	74.3962
800.000000	98.681366	74.0927
812.000000	98.685318	73.8053
825.000000	98.689484	73.5471
838.000000	98.694794	73.2944
850.000000	98.703857	73.0795
862.000000	98.712242	72.9243
875.000000	98.719681	72.7710
885.000000	98.728127	72.6801
900.000000	98.743073	72.5423
912.000000	98.758347	72.4616
925.000000	98.777069	72.4013
938.000000	98.798340	72.3749
950.000000	98.821182	72.3303
962.000000	98.847923	72.3248
975.000000	98.876213	72.3111
988.000000	98.911179	72.3096
1000.000000	98.946800	72.3050
1015.000000	98.993835	72.3157
1030.000000	99.043831	72.3110
1044.000000	99.094528	72.3007
1060.000000	99.153564	72.2939
1075.000000	99.214539	72.2505
1090.000000	99.275063	72.1967
1106.000000	99.338051	72.1305
1120.000000	99.397591	72.0567
1138.000000	99.475609	71.9358
1150.000000	99.524620	71.8241
1172.000000	99.614838	71.6121
1180.000000	99.644470	71.5235
1206.000000	99.743576	71.2469
1220.000000	99.793549	71.0834
1241.000000	99.864761	70.8214
1250.000000	99.893501	70.7081
1265.000000	99.940071	70.5213
1280.000000	99.984413	70.3569
1315.000000	100.079559	69.9326
1320.000000	100.089127	69.8770
1340.000000	100.136948	69.6712
1360.000000	100.181641	69.4702
1380.000000	100.219505	69.3093
1400.000000	100.262764	69.1490
1430.000000	100.320496	68.9646
1450.000000	100.358276	68.8814
1475.000000	100.404762	68.7891
1500.000000	100.452576	68.7520
1525.000000	100.501480	68.7201
1550.000000	100.552185	68.7193
1575.000000	100.604996	68.7506
1600.000000	100.662445	68.7906
1625.000000	100.722809	68.8576
1650.000000	100.787010	68.9077
1675.000000	100.855453	68.9656
1700.000000	100.926193	69.0463
1725.000000	100.997879	69.1332
1750.000000	101.074280	69.2005
1775.000000	101.155197	69.2803
1800.000000	101.240768	69.3706
1825.000000	101.326782	69.4968
1850.000000	101.424957	69.6210
1875.000000	101.536171	69.7438
1900.000000	101.668106	69.8296
1925.000000	101.813736	69.7992
1950.000000	101.962677	69.5834
1975.000000	102.101479	69.2060
2000.000000	102.226898	68.7354
2030.000000	102.357323	68.1625
2060.000000	102.475700	67.5811
2090.000000	102.583710	67.0069
2120.000000	102.686668	66.4482
2140.000000	102.754990	66.0798
2180.000000	102.896141	65.3875
2200.000000	102.975380	65.0183
2240.000000	103.151268	64.1237
2270.000000	103.285065	63.1923
2300.000000	103.394638	62.0406
2330.000000	103.469406	60.8152
2360.000000	103.512077	59.5688
2400.000000	103.531670	58.0014
2430.000000	103.527184	56.9122
2470.000000	103.504570	55.6000
2500.000000	103.481186	54.6663
2540.000000	103.439682	53.4125
2580.000000	103.373192	52.2049
2620.000000	103.274666	51.1732
2650.000000	103.189255	50.5807
2690.000000	103.091476	50.0742
2720.000000	103.045464	49.8125
2760.000000	103.028145	49.3827
2800.000000	103.025536	48.6709
2850.000000	102.983871	47.4665
2900.000000	102.886414	46.2253
2950.000000	102.747757	45.1715
3000.000000	102.583763	44.3238
3040.000000	102.446472	43.8049
3070.000000	102.338959	43.4883
3110.000000	102.190552	43.1958
3150.000000	102.038803	43.0218
3200.000000	101.843811	43.0378
3250.000000	101.652527	43.3261
3300.000000	101.474945	43.9379
3350.000000	101.335953	44.9056
3400.000000	101.240372	46.0021
3450.000000	101.179802	47.3691
3500.000000	101.196777	48.9986
3550.000000	101.312340	50.6325
3600.000000	101.524261	51.9622
3650.000000	101.805412	52.7862
3700.000000	102.114807	53.0210
3750.000000	102.419815	52.6929
3820.000000	102.801552	51.6166
3870.000000	103.044647	50.5278
3950.000000	103.387733	48.4625
4000.000000	103.587219	46.9668
4060.000000	103.812378	44.9134
4120.000000	104.019279	42.5212
4180.000000	104.201706	39.6818
4250.000000	104.348282	35.7779
4310.000000	104.388847	31.8517
4370.000000	104.304199	27.5159
4440.000000	103.999237	22.2256
4500.000000	103.524445	17.9924
4550.000000	102.986191	15.1188
4620.000000	102.072617	12.7958
4680.000000	101.268303	12.7964
4750.000000	100.499321	14.7906
4820.000000	100.013817	17.9561
4870.000000	99.847656	20.1994
4940.000000	99.782242	22.7385
5000.000000	99.797287	24.1930
5080.000000	99.843826	25.2895
5150.000000	99.859283	25.7115
5220.000000	99.824409	25.9304
5300.000000	99.749313	26.0965
5380.000000	99.635071	26.3511
5450.000000	99.515053	26.7334
5520.000000	99.398697	27.3049
5600.000000	99.270477	28.1476
5700.000000	99.153610	29.4921
5800.000000	99.103088	31.0163
5900.000000	99.122742	32.6127
6000.000000	99.216614	34.0628
6080.000000	99.332214	35.0639
6150.000000	99.455917	35.7905
6220.000000	99.594978	36.4226
6300.000000	99.771385	36.9741
6400.000000	100.021965	37.3905
6500.000000	100.290863	37.5323
6600.000000	100.566086	37.3928
6700.000000	100.843658	37.0583
6800.000000	101.127289	36.5139
6900.000000	101.420753	35.8461
7000.000000	101.724213	35.0060
7100.000000	102.038383	33.9657
7200.000000	102.383179	32.6649
7300.000000	102.743591	30.9401
7400.000000	103.100037	28.7010
7500.000000	103.419083	25.8823
7620.000000	103.706673	21.8831
7750.000000	103.858337	17.1934
7880.000000	103.912231	13.0164
8000.000000	103.875595	8.0963
8120.000000	103.482285	4.7397
8250.000000	103.491386	1.5882
8380.000000	103.098999	-2.2426
8500.000000	102.719322	-4.4259
8620.000000	102.383133	-6.0629
8750.000000	102.071823	-7.5367
8850.000000	101.860016	-8.6152
9000.000000	101.569725	-10.3441
9120.000000	101.344131	-11.9574
9250.000000	101.067978	-14.1259
9380.000000	100.715714	-16.6458
9500.000000	100.283829	-19.1111
9620.000000	99.732315	-21.4341
9750.000000	98.999016	-23.3972
9880.000000	98.157196	-24.6222
10000.000000	97.333870	-24.8676
10150.000000	96.283737	-23.8988
10300.000000	95.279434	-21.7735
10440.000000	94.418106	-18.8682
10600.000000	93.547455	-14.7583
10750.000000	92.851646	-10.3599
10900.000000	92.285446	-5.6545
11060.000000	91.809792	-0.4835
11200.000000	91.514526	4.0308
11380.000000	91.288826	9.5166
11500.000000	91.184914	12.8317
11720.000000	91.163193	18.6082
11800.000000	91.216583	20.5999
12060.000000	91.573845	25.9390
12200.000000	91.898888	28.0113
12410.000000	92.521866	29.7795
12500.000000	92.830780	29.8327
12650.000000	93.375839	29.0014
12800.000000	93.884842	27.0327
13150.000000	94.849052	19.7553
13200.000000	94.964928	18.6527
13400.000000	95.505890	13.4553
13600.000000	96.121964	7.0569
13800.000000	96.753220	-1.3263
14000.000000	97.251083	-11.8672
14300.000000	97.400665	-29.7037
14500.000000	97.161896	-41.0370
14750.000000	96.735214	-53.3282
15000.000000	96.494362	-63.9976
15250.000000	96.663445	-73.9408
15500.000000	97.441391	-85.5956
15750.000000	99.027237	-102.1400
16000.000000	101.205505	-132.8468
16250.000000	100.822586	178.0049
16500.000000	96.954697	137.1421
16750.000000	92.402863	111.5511
17000.000000	88.318092	94.8522
17250.000000	85.156143	84.0629
17500.000000	83.459709	74.6636
17750.000000	83.459419	58.3547
18000.000000	84.256363	27.6196
18250.000000	84.699104	-18.4531
18500.000000	83.862877	-73.7954
18750.000000	82.588715	-131.5022
19000.000000	81.784302	167.5075
19250.000000	81.556290	99.5696
19500.000000	81.871490	21.2617
19750.000000	81.501953	-70.6906
