* Measurement data measured by REW V5.20
* Source: USB-C to 3.5mm Headphone Jack Adapter, USB-C to 3.5mm Headphone Jack Adapter, 0, volume: 0.138
* Format: 256k Log Swept Sine, 1 sweep at -12.0 dBFS with no timing reference
* Dated: Feb 5, 2024 7:07:01 PM
* REW Settings:
*  C-weighting compensation: Off
*  Target level: 75.0 dB
* Note: 
* Measurement: R
* Smoothing: None
* Frequency Step: 1/48 octave
* Start Frequency: 20.300 Hz
*
* Freq(Hz)	SPL(dB)	Phase(degrees)
20.299999	104.141762	-166.9949
20.600000	104.144051	-167.7229
20.900000	104.140701	-168.3853
21.200001	104.136475	-169.0573
21.400000	104.133560	-169.5150
21.799999	104.126671	-170.4427
22.000000	104.122490	-170.9029
22.400000	104.113510	-171.7934
22.700001	104.108002	-172.4217
23.000000	104.105026	-173.0193
23.299999	104.104721	-173.5985
23.600000	104.105743	-174.1737
24.000000	104.104790	-174.9476
24.299999	104.099716	-175.5285
24.700001	104.086304	-176.2868
25.000000	104.073021	-176.8376
25.400000	104.054070	-177.5569
25.799999	104.034683	-178.2823
26.200001	104.012604	-179.0227
26.500000	103.992966	-179.5742
26.900000	103.964691	179.7292
27.200001	103.945618	179.2505
27.600000	103.929359	178.6570
28.000000	103.925514	178.0676
28.500000	103.928497	177.2606
29.000000	103.919342	176.3806
29.500000	103.887932	175.5265
30.000000	103.844452	174.7818
30.400000	103.811874	174.2502
30.700001	103.791435	173.8597
31.100000	103.768089	173.3233
31.500000	103.745407	172.7688
32.000000	103.715218	172.0872
32.500000	103.685524	171.4492
33.000000	103.659081	170.8388
33.500000	103.633232	170.2236
34.000000	103.603699	169.5986
34.500000	103.570404	168.9789
35.000000	103.536583	168.3690
35.500000	103.503677	167.7599
36.000000	103.470222	167.1516
36.500000	103.434998	166.5553
37.000000	103.398514	165.9768
37.500000	103.361443	165.4101
38.200001	103.308823	164.6297
38.700001	103.272079	164.0849
39.500000	103.216888	163.2251
40.000000	103.181534	162.6918
40.599998	103.134827	162.0793
41.200001	103.086258	161.5088
41.799999	103.038986	160.9478
42.500000	102.981865	160.2690
43.099998	102.929420	159.6964
43.700001	102.879486	159.1582
44.400002	102.827583	158.5362
45.000000	102.781319	157.9865
45.500000	102.738197	157.5338
46.200001	102.675224	156.9157
46.799999	102.622543	156.3734
47.500000	102.561867	155.7390
48.200001	102.506447	155.1770
48.700001	102.473106	154.8235
49.400002	102.425301	154.3478
50.000000	102.371475	153.9586
50.799999	102.287910	153.4695
51.500000	102.220650	152.9570
52.200001	102.156441	152.3214
53.000000	102.084396	151.6417
53.799999	102.026398	151.1082
54.500000	101.974686	150.6608
55.200001	101.907356	150.2254
56.000000	101.828278	149.7437
57.000000	101.737534	149.0378
58.000000	101.642517	148.4274
59.000000	101.567245	147.8546
60.000000	101.473602	147.1375
60.799999	101.390472	146.7094
61.500000	101.333748	146.4072
62.200001	101.279488	146.0587
63.000000	101.203613	145.6255
64.000000	101.102905	145.0976
65.000000	101.013481	144.5744
66.000000	100.927338	144.0793
67.000000	100.833519	143.6209
68.000000	100.737885	143.1570
69.000000	100.646385	142.6859
70.000000	100.558098	142.2639
71.000000	100.466301	141.8817
72.000000	100.370659	141.4865
73.000000	100.275917	141.0583
74.000000	100.186386	140.6612
75.000000	100.097038	140.2926
76.199997	99.978676	139.8796
77.500000	99.858810	139.4109
78.800003	99.745056	138.9745
80.000000	99.640068	138.5952
81.199997	99.522682	138.2622
82.500000	99.408638	137.9266
83.800003	99.287750	137.5330
85.000000	99.175949	137.1592
86.199997	99.068848	136.8465
87.500000	98.948624	136.5280
88.500000	98.861633	136.3787
90.000000	98.737427	135.9951
91.199997	98.621605	135.7877
92.500000	98.510765	135.5040
93.800003	98.393524	135.2665
95.000000	98.286629	135.0425
96.199997	98.178612	134.8669
97.500000	98.065613	134.6814
98.800003	97.952362	134.4921
100.000000	97.849060	134.3202
101.500000	97.718536	134.1495
103.000000	97.590996	133.9803
104.400002	97.473244	133.8288
106.000000	97.333931	133.6913
107.500000	97.209915	133.6029
109.000000	97.087692	133.5051
110.599998	96.950256	133.4193
112.000000	96.843246	133.3463
113.800003	96.683357	133.2821
115.000000	96.597496	133.2241
117.199997	96.420815	133.2511
118.000000	96.346046	133.1664
120.599998	96.188698	133.1772
122.000000	96.030716	133.3912
124.099998	95.873016	133.4084
125.000000	95.814194	133.4833
126.500000	95.698448	133.5468
128.000000	95.590271	133.6439
131.500000	95.344574	133.7864
132.000000	95.307808	133.8169
134.000000	95.151009	133.9468
136.000000	95.013390	134.2975
138.000000	94.876343	134.3492
140.000000	94.734306	134.5200
143.000000	94.525986	135.0091
145.000000	94.388756	135.2789
147.500000	94.213524	135.7177
150.000000	94.035835	136.1728
152.500000	93.866470	136.8991
155.000000	93.705177	137.7814
157.500000	93.622208	138.8148
160.000000	93.609032	139.6924
162.500000	93.599052	139.9017
165.000000	93.537704	139.8619
167.500000	93.439255	139.8488
170.000000	93.324890	140.1246
172.500000	93.186165	140.2928
175.000000	93.083710	140.6177
177.500000	92.953590	140.9551
180.000000	92.908485	141.2827
182.500000	92.748787	141.8126
185.000000	92.649048	142.3589
187.500000	92.541046	142.7958
190.000000	92.443855	143.2372
192.500000	92.357445	143.6834
195.000000	92.270096	144.2763
197.500000	92.191391	144.7947
200.000000	92.106384	145.2341
203.000000	92.017868	145.8679
206.000000	91.936996	146.4659
209.000000	91.849060	147.0871
212.000000	91.773720	147.6428
214.000000	91.721268	148.0813
218.000000	91.620102	148.8587
220.000000	91.574486	149.2636
224.000000	91.490280	150.0317
227.000000	91.430489	150.6703
230.000000	91.373260	151.2598
233.000000	91.312904	151.8657
236.000000	91.262207	152.4632
240.000000	91.244774	153.1933
243.000000	91.153999	153.7538
247.000000	91.122955	154.5577
250.000000	91.089500	155.1059
254.000000	91.043617	155.7351
258.000000	90.995758	156.3983
262.000000	90.954330	157.0107
265.000000	90.928993	157.5113
269.000000	90.884933	158.1533
272.000000	90.862953	158.6389
276.000000	90.823044	159.2533
280.000000	90.782547	159.8740
285.000000	90.747688	160.5977
290.000000	90.718842	161.3305
295.000000	90.690948	162.0175
300.000000	90.663620	162.7786
304.000000	90.646362	163.3315
307.000000	90.632027	163.7314
311.000000	90.615776	164.2938
315.000000	90.603943	164.9119
320.000000	90.596191	165.5378
325.000000	90.594177	166.1779
330.000000	90.602524	166.6742
335.000000	90.602936	167.1641
340.000000	90.595192	167.6349
345.000000	90.576675	168.1162
350.000000	90.562759	168.5481
355.000000	90.545921	169.0457
360.000000	90.545868	169.5919
365.000000	90.528404	170.0589
370.000000	90.518867	170.5371
375.000000	90.515625	170.9457
382.000000	90.503021	171.6000
387.000000	90.498550	172.0318
395.000000	90.488335	172.6679
400.000000	90.492905	173.1232
406.000000	90.487671	173.6348
412.000000	90.471878	174.1274
418.000000	90.475304	174.5811
425.000000	90.466469	175.1096
431.000000	90.456139	175.5463
437.000000	90.449226	176.0094
444.000000	90.449944	176.5152
450.000000	90.423203	176.9603
455.000000	90.436691	177.3320
462.000000	90.426697	177.8018
468.000000	90.420166	178.2401
475.000000	90.410187	178.7538
482.000000	90.405571	179.2520
487.000000	90.399414	179.6830
494.000000	90.400978	-179.7555
500.000000	90.388794	-179.3567
508.000000	90.389412	-178.6501
515.000000	90.394585	-178.0924
522.000000	90.406174	-177.5282
530.000000	90.421028	-176.9396
538.000000	90.444611	-176.3725
545.000000	90.463997	-175.9090
552.000000	90.481094	-175.5003
560.000000	90.505432	-174.9853
570.000000	90.536987	-174.4397
580.000000	90.558594	-173.9161
590.000000	90.576462	-173.4214
600.000000	90.587929	-172.9170
608.000000	90.609840	-172.5612
615.000000	90.625908	-172.2281
622.000000	90.631271	-171.8793
630.000000	90.637222	-171.5247
640.000000	90.649567	-171.0721
650.000000	90.660248	-170.5988
660.000000	90.673897	-170.0860
670.000000	90.671951	-169.6451
680.000000	90.678558	-169.1792
690.000000	90.682732	-168.7145
700.000000	90.683975	-168.2241
710.000000	90.681061	-167.7228
720.000000	90.687263	-167.2400
730.000000	90.685547	-166.7145
740.000000	90.690857	-166.1733
750.000000	90.689957	-165.6306
762.000000	90.692009	-164.9608
775.000000	90.694748	-164.1832
788.000000	90.702423	-163.4349
800.000000	90.713142	-162.6416
812.000000	90.727440	-161.9183
825.000000	90.746277	-161.0303
838.000000	90.772827	-160.2231
850.000000	90.797714	-159.3973
862.000000	90.831680	-158.6261
875.000000	90.868866	-157.7523
885.000000	90.905609	-157.0791
900.000000	90.964722	-156.0504
912.000000	91.015961	-155.3221
925.000000	91.076965	-154.4499
938.000000	91.143394	-153.6223
950.000000	91.213120	-152.8783
962.000000	91.280815	-152.1287
975.000000	91.365326	-151.3555
988.000000	91.448929	-150.6383
1000.000000	91.533730	-149.9518
1015.000000	91.645134	-149.1373
1030.000000	91.756790	-148.4206
1044.000000	91.866081	-147.7342
1060.000000	91.992859	-147.0333
1075.000000	92.117195	-146.4229
1090.000000	92.242371	-145.8683
1106.000000	92.372665	-145.3319
1120.000000	92.486443	-144.8843
1138.000000	92.638397	-144.3764
1150.000000	92.731766	-144.1053
1172.000000	92.907471	-143.6183
1180.000000	92.969482	-143.4475
1206.000000	93.164757	-143.0494
1220.000000	93.267288	-142.8256
1241.000000	93.411682	-142.5774
1250.000000	93.471909	-142.4700
1265.000000	93.568993	-142.3029
1280.000000	93.662575	-142.1858
1315.000000	93.865021	-141.8874
1320.000000	93.886978	-141.8346
1340.000000	93.998718	-141.6973
1360.000000	94.095039	-141.5446
1380.000000	94.191269	-141.3739
1400.000000	94.282669	-141.2273
1430.000000	94.411743	-140.9589
1450.000000	94.495880	-140.7639
1475.000000	94.595634	-140.5097
1500.000000	94.697067	-140.2545
1525.000000	94.788315	-139.9518
1550.000000	94.884186	-139.6466
1575.000000	94.980202	-139.3456
1600.000000	95.072815	-138.9805
1625.000000	95.167992	-138.6536
1650.000000	95.264038	-138.2905
1675.000000	95.360649	-137.9343
1700.000000	95.457123	-137.5578
1725.000000	95.556900	-137.2104
1750.000000	95.657738	-136.8267
1775.000000	95.759262	-136.4522
1800.000000	95.863968	-136.0672
1825.000000	95.972198	-135.6514
1850.000000	96.086945	-135.2656
1875.000000	96.213539	-134.9100
1900.000000	96.341202	-134.6148
1925.000000	96.471832	-134.4191
1950.000000	96.592102	-134.2736
1975.000000	96.702782	-134.1822
2000.000000	96.802780	-134.0570
2030.000000	96.917603	-133.8912
2060.000000	97.019791	-133.6587
2090.000000	97.125244	-133.3619
2120.000000	97.238037	-132.9989
2140.000000	97.322433	-132.7677
2180.000000	97.489845	-132.3143
2200.000000	97.580414	-132.0914
2240.000000	97.763191	-131.6969
2270.000000	97.903389	-131.3933
2300.000000	98.048889	-131.1634
2330.000000	98.199150	-130.9380
2360.000000	98.351608	-130.7886
2400.000000	98.555359	-130.6252
2430.000000	98.707184	-130.5480
2470.000000	98.905243	-130.5168
2500.000000	99.050049	-130.5489
2540.000000	99.238983	-130.5401
2580.000000	99.425789	-130.4723
2620.000000	99.635727	-130.3029
2650.000000	99.828400	-130.1203
2690.000000	100.147667	-130.1485
2720.000000	100.413742	-130.6114
2760.000000	100.738663	-131.8983
2800.000000	100.983391	-133.6427
2850.000000	101.165649	-135.9844
2900.000000	101.249756	-138.1218
2950.000000	101.275574	-139.9584
3000.000000	101.267517	-141.5627
3040.000000	101.244675	-142.7201
3070.000000	101.216949	-143.5175
3110.000000	101.172043	-144.5052
3150.000000	101.119087	-145.4026
3200.000000	101.037712	-146.4092
3250.000000	100.945686	-147.2696
3300.000000	100.843941	-147.9538
3350.000000	100.735733	-148.4851
3400.000000	100.638794	-148.8808
3450.000000	100.551399	-149.1842
3500.000000	100.471832	-149.4443
3550.000000	100.393478	-149.7102
3600.000000	100.316124	-149.9342
3650.000000	100.234665	-150.1566
3700.000000	100.148590	-150.2973
3750.000000	100.065163	-150.4360
3820.000000	99.936821	-150.5546
3870.000000	99.836792	-150.5603
3950.000000	99.671913	-150.3366
4000.000000	99.574066	-150.0274
4060.000000	99.478119	-149.4981
4120.000000	99.410042	-148.8696
4180.000000	99.372406	-148.2032
4250.000000	99.369629	-147.4718
4310.000000	99.393181	-146.9396
4370.000000	99.439011	-146.5584
4440.000000	99.508766	-146.3131
4500.000000	99.565018	-146.2327
4550.000000	99.613319	-146.2625
4620.000000	99.673309	-146.4402
4680.000000	99.724762	-146.6705
4750.000000	99.779709	-146.9939
4820.000000	99.832626	-147.4095
4870.000000	99.867210	-147.7651
4940.000000	99.912750	-148.3159
5000.000000	99.944008	-148.8474
5080.000000	99.980812	-149.6180
5150.000000	100.002762	-150.3331
5220.000000	100.015839	-151.0869
5300.000000	100.026443	-151.9300
5380.000000	100.036652	-152.7683
5450.000000	100.046028	-153.4676
5520.000000	100.063660	-154.2088
5600.000000	100.100227	-155.1058
5700.000000	100.165863	-156.4363
5800.000000	100.241837	-158.2550
5900.000000	100.279289	-160.7201
6000.000000	100.203033	-163.7254
6080.000000	100.009888	-166.2404
6150.000000	99.740517	-168.2104
6220.000000	99.390739	-169.6540
6300.000000	98.938637	-170.5339
6400.000000	98.376671	-170.4006
6500.000000	97.890190	-169.1681
6600.000000	97.525887	-167.1656
6700.000000	97.280312	-164.7362
6800.000000	97.157318	-162.0982
6900.000000	97.154739	-159.3437
7000.000000	97.253349	-156.7293
7100.000000	97.467194	-154.3272
7200.000000	97.783218	-152.2012
7300.000000	98.200066	-150.5671
7400.000000	98.729340	-149.4825
7500.000000	99.380585	-149.6531
7620.000000	100.166275	-151.6520
7750.000000	100.971741	-156.3381
7880.000000	101.512283	-163.9884
8000.000000	101.518372	-172.7823
8120.000000	100.948540	178.7003
8250.000000	99.819305	171.9489
8380.000000	98.410965	169.0366
8500.000000	97.221542	171.5938
8620.000000	97.387466	174.1432
8750.000000	96.780289	167.9243
8850.000000	95.821266	166.5629
9000.000000	94.536331	167.7235
9120.000000	93.702209	169.8422
9250.000000	92.946465	172.7373
9380.000000	92.327141	175.8698
9500.000000	91.879257	178.7546
9620.000000	91.525620	-178.4856
9750.000000	91.234344	-175.6356
9880.000000	91.068428	-173.1579
10000.000000	91.000214	-171.1930
10150.000000	91.002823	-169.4809
10300.000000	91.108109	-168.5586
10440.000000	91.266602	-168.5397
10600.000000	91.482597	-169.8736
10750.000000	91.687698	-172.3351
10900.000000	91.808434	-175.9203
11060.000000	91.786850	179.5973
11200.000000	91.657555	175.7319
11380.000000	91.453125	171.0723
11500.000000	91.325554	167.8921
11720.000000	90.911217	162.0989
11800.000000	90.710938	160.3665
12060.000000	90.129791	156.6543
12200.000000	89.945061	155.6222
12410.000000	89.856621	154.5524
12500.000000	89.915154	154.2798
12650.000000	90.089981	153.4706
12800.000000	90.381348	152.4149
13150.000000	91.423988	147.4583
13200.000000	91.602997	146.4184
13400.000000	92.313728	141.1048
13600.000000	92.981300	134.0583
13800.000000	93.542381	125.6026
14000.000000	93.941528	115.8958
14300.000000	94.258224	100.0579
14500.000000	94.349899	88.6417
14750.000000	94.319504	72.8515
15000.000000	94.031166	55.1935
15250.000000	93.404022	36.4854
15500.000000	92.554688	17.9471
15750.000000	91.763824	-0.5143
16000.000000	91.254662	-20.5135
16250.000000	91.009567	-44.2500
16500.000000	90.744270	-73.0511
16750.000000	90.242584	-105.1617
17000.000000	89.663834	-138.7662
17250.000000	89.171532	-174.3156
17500.000000	88.714752	147.7910
17750.000000	88.115242	107.8253
18000.000000	87.302673	66.6306
18250.000000	86.318451	24.0408
18500.000000	85.180367	-20.8214
18750.000000	83.761131	-68.3118
19000.000000	82.134087	-119.6754
19250.000000	80.142410	-176.5645
19500.000000	77.131172	121.3912
19750.000000	74.817947	50.9509
