* Measurement data measured by REW V5.31.3
* Source: USB-C to 3.5mm Headphone Jack Adapter, USB-C to 3.5mm Headphone Jack Adapter, 0, volume: 0.138
* Format: 256k Log Swept Sine, 1 sweep at -12.0 dBFS with no timing reference
* Dated: Sep 20, 2025 1:20:01 PM
* REW Settings:
*  C-weighting compensation: Off
*  Target level: 75.0 dB
* Note: ; 
* Measurement: 0 ohm L
* Smoothing: None
* Frequency Step: 1/48 octave
* Start Frequency: 20.300 Hz
*
* Freq(Hz)	SPL(dB)	Phase(degrees)
20.299999	103.693	-158.9824
20.600000	103.702	-159.6759
20.900000	103.704	-160.2984
21.200001	103.704	-160.9157
21.400000	103.704	-161.3266
21.799999	103.704	-162.1424
22.000000	103.704	-162.5442
22.400000	103.705	-163.3302
22.700001	103.706	-163.9048
23.000000	103.709	-164.4716
23.299999	103.712	-165.0360
23.600000	103.713	-165.6007
24.000000	103.712	-166.3492
24.299999	103.708	-166.8998
24.700001	103.701	-167.6118
25.000000	103.696	-168.1317
25.400000	103.688	-168.8170
25.799999	103.679	-169.5032
26.200001	103.666	-170.1829
26.500000	103.655	-170.6754
26.900000	103.639	-171.2938
27.200001	103.631	-171.7286
27.600000	103.624	-172.2894
28.000000	103.623	-172.8561
28.500000	103.619	-173.5941
29.000000	103.603	-174.3317
29.500000	103.574	-175.0144
30.000000	103.543	-175.6336
30.400000	103.522	-176.1151
30.700001	103.509	-176.4880
31.100000	103.494	-177.0100
31.500000	103.479	-177.5490
32.000000	103.457	-178.2087
32.500000	103.433	-178.8209
33.000000	103.409	-179.3868
33.500000	103.385	-179.9313
34.000000	103.359	179.5237
34.500000	103.330	178.9750
35.000000	103.299	178.4329
35.500000	103.269	177.9049
36.000000	103.241	177.3879
36.500000	103.214	176.8770
37.000000	103.184	176.3782
37.500000	103.153	175.9043
38.200001	103.108	175.2778
38.700001	103.077	174.8299
39.500000	103.024	174.0952
40.000000	102.989	173.6513
40.599998	102.948	173.1447
41.200001	102.910	172.6411
41.799999	102.869	172.1376
42.500000	102.816	171.5865
43.099998	102.773	171.1388
43.700001	102.732	170.6754
44.400002	102.680	170.1314
45.000000	102.632	169.7111
45.500000	102.592	169.3866
46.200001	102.538	168.9160
46.799999	102.490	168.4905
47.500000	102.435	168.0222
48.200001	102.388	167.5991
48.700001	102.356	167.3059
49.400002	102.305	166.8976
50.000000	102.252	166.5511
50.799999	102.174	166.1012
51.500000	102.109	165.7407
52.200001	102.059	165.3874
53.000000	102.007	164.9386
53.799999	101.948	164.5262
54.500000	101.897	164.2267
55.200001	101.838	163.9149
56.000000	101.750	163.5765
57.000000	101.651	163.0544
58.000000	101.560	162.2407
59.000000	101.480	161.8904
60.000000	101.444	161.8081
60.799999	101.378	161.6131
61.500000	101.301	161.4247
62.200001	101.233	161.1726
63.000000	101.164	160.8581
64.000000	101.095	160.5605
65.000000	101.025	160.2381
66.000000	100.944	159.9973
67.000000	100.853	159.7726
68.000000	100.746	159.5768
69.000000	100.660	159.3469
70.000000	100.580	159.0993
71.000000	100.498	158.9808
72.000000	100.413	158.8263
73.000000	100.324	158.6480
74.000000	100.243	158.5182
75.000000	100.162	158.3831
76.199997	100.062	158.2661
77.500000	99.967	158.1519
78.800003	99.856	158.0251
80.000000	99.754	157.9788
81.199997	99.667	157.9451
82.500000	99.563	157.9241
83.800003	99.461	157.8989
85.000000	99.371	157.8996
86.199997	99.278	157.9299
87.500000	99.167	158.0356
88.500000	99.104	158.0728
90.000000	98.997	158.1069
91.199997	98.914	158.2209
92.500000	98.821	158.3182
93.800003	98.734	158.4640
95.000000	98.651	158.6115
96.199997	98.572	158.7445
97.500000	98.488	158.9237
98.800003	98.406	159.1165
100.000000	98.331	159.3007
101.500000	98.239	159.5556
103.000000	98.152	159.8266
104.400002	98.072	160.0745
106.000000	97.984	160.3862
107.500000	97.904	160.7021
109.000000	97.826	161.0456
110.599998	97.746	161.3751
112.000000	97.684	161.6966
113.800003	97.594	162.1405
115.000000	97.545	162.4094
117.199997	97.449	162.9634
118.000000	97.412	163.1650
120.599998	97.322	163.6762
122.000000	97.273	164.2205
124.099998	97.195	164.7342
125.000000	97.170	164.9629
126.500000	97.120	165.3704
128.000000	97.080	165.7618
131.500000	96.984	166.7000
132.000000	96.972	166.8343
134.000000	96.923	167.3842
136.000000	96.882	167.9277
138.000000	96.841	168.4688
140.000000	96.804	169.0360
143.000000	96.764	169.7857
145.000000	96.738	170.3236
147.500000	96.711	170.9361
150.000000	96.683	171.5634
152.500000	96.655	172.1601
155.000000	96.630	172.7709
157.500000	96.610	173.3853
160.000000	96.589	174.0294
162.500000	96.572	174.6936
165.000000	96.562	175.4331
167.500000	96.579	176.2087
170.000000	96.619	176.8922
172.500000	96.668	177.4070
175.000000	96.708	177.8393
177.500000	96.741	178.1200
180.000000	96.772	178.4246
182.500000	96.788	178.7113
185.000000	96.803	179.0270
187.500000	96.817	179.3319
190.000000	96.833	179.6525
192.500000	96.847	179.9443
195.000000	96.863	-179.7410
197.500000	96.881	-179.4435
200.000000	96.897	-179.1541
203.000000	96.917	-178.8268
206.000000	96.941	-178.5078
209.000000	96.963	-178.1745
212.000000	96.986	-177.8694
214.000000	97.003	-177.6959
218.000000	97.037	-177.3156
220.000000	97.052	-177.1281
224.000000	97.087	-176.8130
227.000000	97.112	-176.5795
230.000000	97.141	-176.3654
233.000000	97.165	-176.1626
236.000000	97.188	-175.9723
240.000000	97.195	-175.7998
243.000000	97.237	-175.5713
247.000000	97.263	-175.3592
250.000000	97.287	-175.1975
254.000000	97.311	-174.9789
258.000000	97.334	-174.7985
262.000000	97.355	-174.5983
265.000000	97.374	-174.4616
269.000000	97.395	-174.2984
272.000000	97.412	-174.1574
276.000000	97.430	-174.0018
280.000000	97.448	-173.8151
285.000000	97.471	-173.5977
290.000000	97.497	-173.3631
295.000000	97.528	-173.1522
300.000000	97.569	-172.9619
304.000000	97.587	-172.8396
307.000000	97.603	-172.7595
311.000000	97.626	-172.6530
315.000000	97.647	-172.5595
320.000000	97.675	-172.4753
325.000000	97.696	-172.4084
330.000000	97.714	-172.3414
335.000000	97.725	-172.2653
340.000000	97.737	-172.1792
345.000000	97.749	-172.0859
350.000000	97.760	-171.9851
355.000000	97.769	-171.8765
360.000000	97.781	-171.7860
365.000000	97.787	-171.6612
370.000000	97.799	-171.5507
375.000000	97.810	-171.4391
382.000000	97.824	-171.2917
387.000000	97.832	-171.2186
395.000000	97.846	-171.0771
400.000000	97.851	-170.9968
406.000000	97.859	-170.8794
412.000000	97.866	-170.7718
418.000000	97.870	-170.6696
425.000000	97.878	-170.5366
431.000000	97.882	-170.4418
437.000000	97.885	-170.3390
444.000000	97.887	-170.2244
450.000000	97.888	-170.1245
455.000000	97.888	-170.0405
462.000000	97.885	-169.9047
468.000000	97.885	-169.7616
475.000000	97.880	-169.6196
482.000000	97.880	-169.4592
487.000000	97.877	-169.3599
494.000000	97.872	-169.2027
500.000000	97.868	-169.0592
508.000000	97.864	-168.8682
515.000000	97.861	-168.6946
522.000000	97.855	-168.5173
530.000000	97.852	-168.2967
538.000000	97.850	-168.0959
545.000000	97.842	-167.9108
552.000000	97.838	-167.7000
560.000000	97.833	-167.4646
570.000000	97.830	-167.1776
580.000000	97.826	-166.8767
590.000000	97.823	-166.5647
600.000000	97.825	-166.3115
608.000000	97.819	-166.0357
615.000000	97.816	-165.8303
622.000000	97.814	-165.6021
630.000000	97.811	-165.3818
640.000000	97.805	-165.0688
650.000000	97.801	-164.7433
660.000000	97.805	-164.4043
670.000000	97.791	-164.0752
680.000000	97.787	-163.7310
690.000000	97.782	-163.3821
700.000000	97.777	-162.9994
710.000000	97.776	-162.6274
720.000000	97.770	-162.2092
730.000000	97.771	-161.8346
740.000000	97.774	-161.4439
750.000000	97.774	-161.0358
762.000000	97.777	-160.5121
775.000000	97.779	-159.9466
788.000000	97.791	-159.3895
800.000000	97.797	-158.8385
812.000000	97.812	-158.2878
825.000000	97.829	-157.6873
838.000000	97.850	-157.0674
850.000000	97.870	-156.4792
862.000000	97.896	-155.9366
875.000000	97.929	-155.3035
885.000000	97.954	-154.8228
900.000000	98.006	-154.1212
912.000000	98.041	-153.5345
925.000000	98.090	-152.9109
938.000000	98.141	-152.3121
950.000000	98.192	-151.7662
962.000000	98.250	-151.2235
975.000000	98.312	-150.6774
988.000000	98.380	-150.1429
1000.000000	98.445	-149.6381
1015.000000	98.532	-149.0740
1030.000000	98.621	-148.5488
1044.000000	98.711	-148.0713
1060.000000	98.813	-147.5730
1075.000000	98.911	-147.1720
1090.000000	99.011	-146.8059
1106.000000	99.119	-146.4525
1120.000000	99.212	-146.1895
1138.000000	99.332	-145.8913
1150.000000	99.412	-145.7421
1172.000000	99.552	-145.5001
1180.000000	99.602	-145.4541
1206.000000	99.759	-145.3010
1220.000000	99.838	-145.2550
1241.000000	99.952	-145.2277
1250.000000	99.998	-145.2325
1265.000000	100.069	-145.2428
1280.000000	100.140	-145.2641
1315.000000	100.286	-145.3739
1320.000000	100.308	-145.3884
1340.000000	100.376	-145.4644
1360.000000	100.442	-145.5449
1380.000000	100.502	-145.6252
1400.000000	100.555	-145.6826
1430.000000	100.625	-145.7391
1450.000000	100.668	-145.7673
1475.000000	100.715	-145.7663
1500.000000	100.758	-145.7724
1525.000000	100.799	-145.6862
1550.000000	100.835	-145.6054
1575.000000	100.872	-145.4677
1600.000000	100.908	-145.3246
1625.000000	100.944	-145.1403
1650.000000	100.982	-144.9276
1675.000000	101.021	-144.6918
1700.000000	101.064	-144.4500
1725.000000	101.107	-144.1898
1750.000000	101.155	-143.8990
1775.000000	101.206	-143.6083
1800.000000	101.260	-143.3072
1825.000000	101.318	-143.0077
1850.000000	101.380	-142.6964
1875.000000	101.445	-142.4151
1900.000000	101.517	-142.1239
1925.000000	101.590	-141.8454
1950.000000	101.668	-141.5849
1975.000000	101.749	-141.3384
2000.000000	101.831	-141.1268
2030.000000	101.937	-140.8787
2060.000000	102.048	-140.6833
2090.000000	102.160	-140.5126
2120.000000	102.276	-140.3999
2140.000000	102.355	-140.3586
2180.000000	102.514	-140.3286
2200.000000	102.594	-140.3495
2240.000000	102.754	-140.4709
2270.000000	102.875	-140.6204
2300.000000	102.994	-140.8360
2330.000000	103.109	-141.1007
2360.000000	103.220	-141.4236
2400.000000	103.363	-141.9605
2430.000000	103.461	-142.4244
2470.000000	103.581	-143.1057
2500.000000	103.662	-143.6614
2540.000000	103.756	-144.4641
2580.000000	103.834	-145.3097
2620.000000	103.897	-146.1792
2650.000000	103.934	-146.8544
2690.000000	103.966	-147.7491
2720.000000	103.981	-148.4145
2760.000000	103.989	-149.2786
2800.000000	103.984	-150.1228
2850.000000	103.963	-151.1405
2900.000000	103.929	-152.0924
2950.000000	103.881	-152.9937
3000.000000	103.828	-153.8403
3040.000000	103.782	-154.4657
3070.000000	103.745	-154.9297
3110.000000	103.696	-155.5576
3150.000000	103.645	-156.2057
3200.000000	103.575	-157.0714
3250.000000	103.488	-158.0466
3300.000000	103.370	-159.1090
3350.000000	103.208	-160.2179
3400.000000	102.987	-161.2284
3450.000000	102.708	-161.9967
3500.000000	102.386	-162.3031
3550.000000	102.051	-162.0482
3600.000000	101.741	-161.2812
3650.000000	101.478	-160.1189
3700.000000	101.267	-158.7561
3750.000000	101.110	-157.3047
3820.000000	100.960	-155.2395
3870.000000	100.892	-153.8279
3950.000000	100.836	-151.7059
4000.000000	100.829	-150.4920
4060.000000	100.836	-149.0816
4120.000000	100.869	-147.7977
4180.000000	100.911	-146.6252
4250.000000	100.975	-145.3766
4310.000000	101.039	-144.3887
4370.000000	101.108	-143.4629
4440.000000	101.202	-142.4470
4500.000000	101.293	-141.6390
4550.000000	101.378	-141.0271
4620.000000	101.507	-140.2189
4680.000000	101.627	-139.6134
4750.000000	101.779	-139.0163
4820.000000	101.945	-138.5440
4870.000000	102.066	-138.2828
4940.000000	102.246	-138.0176
5000.000000	102.410	-137.8961
5080.000000	102.635	-137.8979
5150.000000	102.844	-138.0775
5220.000000	103.062	-138.4445
5300.000000	103.316	-139.0989
5380.000000	103.576	-140.0329
5450.000000	103.807	-141.1251
5520.000000	104.044	-142.5023
5600.000000	104.308	-144.5316
5700.000000	104.609	-147.9656
5800.000000	104.796	-152.5225
5900.000000	104.750	-158.0227
6000.000000	104.379	-163.5015
6080.000000	103.869	-167.0737
6150.000000	103.328	-169.1931
6220.000000	102.762	-170.3638
6300.000000	102.141	-170.6717
6400.000000	101.466	-169.9104
6500.000000	100.935	-168.3057
6600.000000	100.546	-166.2478
6700.000000	100.295	-164.0156
6800.000000	100.161	-161.8026
6900.000000	100.136	-159.6462
7000.000000	100.213	-157.6881
7100.000000	100.390	-156.0462
7200.000000	100.665	-154.7573
7300.000000	101.042	-154.0791
7400.000000	101.504	-154.1324
7500.000000	102.041	-155.1375
7620.000000	102.748	-157.9779
7750.000000	103.486	-163.5997
7880.000000	103.983	-172.1076
8000.000000	104.010	178.2483
8120.000000	103.509	168.5613
8250.000000	102.506	159.9544
8380.000000	101.272	154.0672
8500.000000	100.101	150.7059
8620.000000	98.963	148.8887
8750.000000	97.825	148.3048
8850.000000	97.036	148.6133
9000.000000	95.974	149.8820
9120.000000	95.244	151.3684
9250.000000	94.562	153.2909
9380.000000	93.999	155.3622
9500.000000	93.560	157.3405
9620.000000	93.212	159.2787
9750.000000	92.910	161.3723
9880.000000	92.701	163.2680
10000.000000	92.565	164.8478
10150.000000	92.495	166.6143
10300.000000	92.535	167.9077
10440.000000	92.644	168.6763
10600.000000	92.864	168.8703
10750.000000	93.139	168.3975
10900.000000	93.493	167.2416
11060.000000	93.913	164.9235
11200.000000	94.303	161.9811
11380.000000	94.838	157.6857
11500.000000	95.286	153.4886
11720.000000	95.923	142.8917
11800.000000	96.057	138.3213
12060.000000	96.008	122.4733
12200.000000	95.703	114.1303
12410.000000	95.002	102.8270
12500.000000	94.676	98.5219
12650.000000	94.093	91.9139
12800.000000	93.527	85.9637
13150.000000	92.346	73.8575
13200.000000	92.198	72.2692
13400.000000	91.695	66.0932
13600.000000	91.355	59.8980
13800.000000	91.121	53.2377
14000.000000	90.912	46.1168
14300.000000	90.974	36.4631
14500.000000	91.407	27.9189
14750.000000	92.092	13.4562
15000.000000	92.758	-5.6003
15250.000000	93.164	-28.9769
15500.000000	92.783	-56.1759
15750.000000	91.536	-83.0388
16000.000000	89.862	-105.2491
16250.000000	88.560	-122.9615
16500.000000	88.486	-138.4490
16750.000000	90.250	-166.8588
17000.000000	89.653	148.4729
17250.000000	87.701	113.9619
17500.000000	86.234	84.4138
17750.000000	86.657	52.0949
18000.000000	85.521	6.7635
18250.000000	84.247	-31.6920
18500.000000	83.716	-73.8234
18750.000000	83.257	-121.8552
19000.000000	83.217	-176.0597
19250.000000	82.996	114.2391
19500.000000	81.328	34.4650
19750.000000	78.692	-54.6858
