* Measurement data measured by REW V5.20
* Source: USB-C to 3.5mm Headphone Jack Adapter, USB-C to 3.5mm Headphone Jack Adapter, 0, volume: 0.138
* Format: 256k Log Swept Sine, 1 sweep at -12.0 dBFS with no timing reference
* Dated: May 17, 2024 5:34:09 PM
* REW Settings:
*  C-weighting compensation: Off
*  Target level: 75.0 dB
* Note: 
* Measurement: R
* Smoothing: None
* Frequency Step: 1/48 octave
* Start Frequency: 20.300 Hz
*
* Freq(Hz)	SPL(dB)	Phase(degrees)
20.299999	105.458229	-170.0093
20.600000	105.460648	-170.4111
20.900000	105.458389	-170.7820
21.200001	105.455490	-171.1719
21.400000	105.453529	-171.4453
21.799999	105.449295	-172.0096
22.000000	105.447113	-172.2903
22.400000	105.443573	-172.8287
22.700001	105.442856	-173.2017
23.000000	105.444199	-173.5508
23.299999	105.446899	-173.8847
23.600000	105.449287	-174.2122
24.000000	105.448608	-174.6449
24.299999	105.443970	-174.9629
24.700001	105.433350	-175.3707
25.000000	105.424423	-175.6656
25.400000	105.414490	-176.0576
25.799999	105.407928	-176.4677
26.200001	105.402870	-176.9013
26.500000	105.398392	-177.2316
26.900000	105.390709	-177.6548
27.200001	105.384186	-177.9476
27.600000	105.375740	-178.3054
28.000000	105.367607	-178.6431
28.500000	105.355072	-179.0695
29.000000	105.337418	-179.5136
29.500000	105.318443	-179.9703
30.000000	105.305725	179.5524
30.400000	105.301247	179.1492
30.700001	105.299377	178.8447
31.100000	105.296326	178.4671
31.500000	105.292618	178.1614
32.000000	105.291763	177.8873
32.500000	105.297195	177.6413
33.000000	105.296379	177.2912
33.500000	105.271233	176.8193
34.000000	105.220413	176.3482
34.500000	105.166763	175.9934
35.000000	105.137970	175.7305
35.500000	105.138748	175.4426
36.000000	105.148842	175.0723
36.500000	105.147827	174.6770
37.000000	105.133110	174.3343
37.500000	105.113815	174.0442
38.200001	105.089127	173.6157
38.700001	105.071091	173.2642
39.500000	105.039574	172.7129
40.000000	105.021584	172.4142
40.599998	105.004082	172.0858
41.200001	104.989182	171.7361
41.799999	104.969910	171.3308
42.500000	104.934952	170.8600
43.099998	104.904900	170.5500
43.700001	104.888832	170.2830
44.400002	104.875557	169.8829
45.000000	104.848961	169.5013
45.500000	104.820061	169.2380
46.200001	104.790688	168.9323
46.799999	104.776566	168.6246
47.500000	104.754303	168.2207
48.200001	104.724220	167.8706
48.700001	104.703140	167.6446
49.400002	104.672318	167.3139
50.000000	104.644211	167.0296
50.799999	104.613487	166.6543
51.500000	104.591316	166.2979
52.200001	104.563934	165.9464
53.000000	104.527512	165.6009
53.799999	104.494583	165.2706
54.500000	104.469109	164.9458
55.200001	104.441002	164.6088
56.000000	104.402885	164.2841
57.000000	104.354790	163.9398
58.000000	104.305817	163.5375
59.000000	104.265556	163.1218
60.000000	104.228271	162.6951
60.799999	104.187943	162.3967
61.500000	104.153290	162.1382
62.200001	104.119804	161.8392
63.000000	104.082230	161.5262
64.000000	104.046982	161.2039
65.000000	104.001411	160.8274
66.000000	103.943321	160.4984
67.000000	103.899956	160.1704
68.000000	103.854874	159.8197
69.000000	103.803352	159.4995
70.000000	103.753792	159.2040
71.000000	103.712761	158.9088
72.000000	103.665833	158.5687
73.000000	103.607559	158.2412
74.000000	103.555588	157.9757
75.000000	103.517776	157.7010
76.199997	103.458130	157.3200
77.500000	103.393127	156.9880
78.800003	103.326286	156.6018
80.000000	103.260887	156.3507
81.199997	103.204361	156.0385
82.500000	103.138268	155.6981
83.800003	103.074638	155.4133
85.000000	103.015274	155.1214
86.199997	102.950729	154.8465
87.500000	102.884476	154.5552
88.500000	102.831963	154.3318
90.000000	102.751297	154.0303
91.199997	102.692139	153.7963
92.500000	102.623863	153.5573
93.800003	102.556015	153.3585
95.000000	102.495285	153.1371
96.199997	102.435699	152.8856
97.500000	102.365112	152.6594
98.800003	102.300377	152.4580
100.000000	102.236801	152.2632
101.500000	102.158089	152.0307
103.000000	102.075607	151.7892
104.400002	102.001465	151.6020
106.000000	101.915192	151.3994
107.500000	101.836197	151.2082
109.000000	101.757469	151.0428
110.599998	101.674896	150.8623
112.000000	101.599464	150.7018
113.800003	101.506744	150.5361
115.000000	101.436142	150.4314
117.199997	101.320679	150.2545
118.000000	101.280388	150.2066
120.599998	101.126869	149.9575
122.000000	101.081100	149.8740
124.099998	100.962685	149.8218
125.000000	100.912491	149.7379
126.500000	100.837807	149.6865
128.000000	100.761200	149.6357
131.500000	100.574348	149.5286
132.000000	100.547836	149.5057
134.000000	100.447609	149.4602
136.000000	100.343811	149.4640
138.000000	100.242943	149.4346
140.000000	100.141533	149.4550
143.000000	99.991150	149.4985
145.000000	99.888023	149.5550
147.500000	99.766785	149.6156
150.000000	99.641479	149.7210
152.500000	99.522141	149.8393
155.000000	99.401680	149.9657
157.500000	99.283958	150.1600
160.000000	99.165741	150.3232
162.500000	99.053001	150.5253
165.000000	98.939316	150.7367
167.500000	98.830688	150.9990
170.000000	98.719849	151.2582
172.500000	98.617920	151.5473
175.000000	98.512459	151.8008
177.500000	98.413292	152.0968
180.000000	98.337883	152.3121
182.500000	98.216293	152.7538
185.000000	98.125526	153.0471
187.500000	98.026230	153.4226
190.000000	97.936821	153.7859
192.500000	97.843727	154.1727
195.000000	97.760864	154.5378
197.500000	97.678627	154.9565
200.000000	97.603714	155.3214
203.000000	97.510048	155.7740
206.000000	97.418961	156.2435
209.000000	97.327919	156.7356
212.000000	97.239845	157.1931
214.000000	97.184105	157.4835
218.000000	97.067909	158.1881
220.000000	97.011322	158.5211
224.000000	96.905212	159.2064
227.000000	96.825241	159.7321
230.000000	96.744095	160.3079
233.000000	96.678116	160.8789
236.000000	96.603073	161.3886
240.000000	96.501305	161.9716
243.000000	96.433868	162.7553
247.000000	96.327515	163.7331
250.000000	96.271690	164.4426
254.000000	96.166504	165.4803
258.000000	96.147842	166.7050
262.000000	96.107704	167.9723
265.000000	96.148872	168.8045
269.000000	96.217422	169.3971
272.000000	96.238953	169.7065
276.000000	96.234352	170.2568
280.000000	96.244423	170.6109
285.000000	96.201920	171.1035
290.000000	96.185120	171.6158
295.000000	96.139679	172.2822
300.000000	96.136299	173.0305
304.000000	96.095459	173.3130
307.000000	96.077553	173.7373
311.000000	96.057175	174.2144
315.000000	96.040268	174.7143
320.000000	96.013588	175.2864
325.000000	95.992996	175.8943
330.000000	95.975388	176.5043
335.000000	95.961884	177.0725
340.000000	95.947556	177.6342
345.000000	95.935349	178.1681
350.000000	95.925163	178.7030
355.000000	95.914841	179.2289
360.000000	95.896675	179.8492
365.000000	95.885590	-179.8070
370.000000	95.880432	-179.3650
375.000000	95.874924	-178.8499
382.000000	95.859879	-178.1839
387.000000	95.842392	-177.7375
395.000000	95.823524	-176.9751
400.000000	95.812828	-176.5932
406.000000	95.807579	-175.9798
412.000000	95.788055	-175.3858
418.000000	95.799530	-174.9767
425.000000	95.793205	-174.2242
431.000000	95.799225	-173.9089
437.000000	95.790604	-173.3837
444.000000	95.796585	-172.9675
450.000000	95.781456	-172.6253
455.000000	95.761459	-172.2471
462.000000	95.754196	-171.7303
468.000000	95.751305	-171.3814
475.000000	95.738388	-170.9757
482.000000	95.715881	-170.5980
487.000000	95.699188	-170.2799
494.000000	95.670715	-169.8059
500.000000	95.646790	-169.4048
508.000000	95.610489	-168.8727
515.000000	95.579674	-168.3972
522.000000	95.555756	-167.9308
530.000000	95.522491	-167.3372
538.000000	95.488060	-166.7720
545.000000	95.472282	-166.2456
552.000000	95.446365	-165.7619
560.000000	95.418533	-165.1735
570.000000	95.386375	-164.4645
580.000000	95.352325	-163.7278
590.000000	95.319077	-163.0143
600.000000	95.255600	-162.5130
608.000000	95.257072	-161.7744
615.000000	95.232712	-161.2896
622.000000	95.208344	-160.8061
630.000000	95.178734	-160.2380
640.000000	95.133080	-159.5421
650.000000	95.094131	-158.7936
660.000000	95.057457	-158.3108
670.000000	95.009140	-157.2937
680.000000	94.969826	-156.5030
690.000000	94.926376	-155.7232
700.000000	94.887917	-154.9080
710.000000	94.847473	-154.0991
720.000000	94.781265	-153.0575
730.000000	94.772270	-152.4217
740.000000	94.733902	-151.5521
750.000000	94.695625	-150.6895
762.000000	94.654549	-149.6289
775.000000	94.615730	-148.4610
788.000000	94.577209	-147.2512
800.000000	94.547050	-146.1255
812.000000	94.514053	-144.9808
825.000000	94.482803	-143.7550
838.000000	94.461319	-142.4936
850.000000	94.438728	-141.3063
862.000000	94.423866	-140.0649
875.000000	94.413475	-138.7405
885.000000	94.406281	-137.7217
900.000000	94.456200	-136.0798
912.000000	94.422012	-134.9467
925.000000	94.435226	-133.6160
938.000000	94.454262	-132.3175
950.000000	94.475197	-131.1147
962.000000	94.495178	-129.9741
975.000000	94.532562	-128.6030
988.000000	94.571289	-127.3046
1000.000000	94.608452	-126.1249
1015.000000	94.667725	-124.6873
1030.000000	94.730606	-123.2429
1044.000000	94.795250	-121.9167
1060.000000	94.878532	-120.4394
1075.000000	94.964867	-119.0885
1090.000000	95.058487	-117.8010
1106.000000	95.161255	-116.4954
1120.000000	95.262207	-115.3705
1138.000000	95.398048	-114.0789
1150.000000	95.483177	-113.2671
1172.000000	95.649696	-111.9391
1180.000000	95.706520	-111.4999
1206.000000	95.877548	-110.1807
1220.000000	95.960754	-109.5820
1241.000000	96.064339	-108.6874
1250.000000	96.105423	-108.3155
1265.000000	96.166550	-107.6979
1280.000000	96.217461	-107.0386
1315.000000	96.320465	-105.5000
1320.000000	96.360016	-105.2589
1340.000000	96.382683	-104.3280
1360.000000	96.427597	-103.3356
1380.000000	96.473770	-102.5345
1400.000000	96.512985	-101.3265
1430.000000	96.576187	-99.7375
1450.000000	96.616859	-98.6547
1475.000000	96.671394	-97.2772
1500.000000	96.739250	-96.0239
1525.000000	96.785225	-94.4671
1550.000000	96.848610	-93.0550
1575.000000	96.918343	-91.6182
1600.000000	96.983963	-90.1626
1625.000000	97.062653	-88.6964
1650.000000	97.144096	-87.2736
1675.000000	97.228218	-85.8379
1700.000000	97.315750	-84.4127
1725.000000	97.408348	-83.0068
1750.000000	97.507332	-81.6046
1775.000000	97.611046	-80.2471
1800.000000	97.726830	-78.8631
1825.000000	97.830887	-77.6152
1850.000000	97.944283	-76.3408
1875.000000	98.064339	-75.1091
1900.000000	98.183037	-73.9174
1925.000000	98.304596	-72.7771
1950.000000	98.426575	-71.6471
1975.000000	98.546745	-70.5839
2000.000000	98.668999	-69.5738
2030.000000	98.810165	-68.3881
2060.000000	98.952766	-67.2673
2090.000000	99.089973	-66.2108
2120.000000	99.222862	-65.1843
2140.000000	99.308380	-64.5291
2180.000000	99.474091	-63.2245
2200.000000	99.555084	-62.6031
2240.000000	99.713066	-61.3666
2270.000000	99.826309	-60.5094
2300.000000	99.937874	-59.6706
2330.000000	100.040962	-58.8628
2360.000000	100.135231	-58.0552
2400.000000	100.254021	-56.9742
2430.000000	100.342468	-56.0988
2470.000000	100.458870	-54.9661
2500.000000	100.552109	-54.1012
2540.000000	100.684319	-52.9854
2580.000000	100.824310	-51.9455
2620.000000	100.961952	-51.0188
2650.000000	101.066650	-50.3672
2690.000000	101.205391	-49.5977
2720.000000	101.309944	-49.0788
2760.000000	101.445808	-48.4901
2800.000000	101.574951	-48.1132
2850.000000	101.714966	-47.8767
2900.000000	101.802048	-47.9477
2950.000000	101.809837	-48.1563
3000.000000	101.729462	-48.1775
3040.000000	101.616501	-47.8389
3070.000000	101.523956	-47.3269
3110.000000	101.415863	-46.3474
3150.000000	101.342735	-45.1566
3200.000000	101.300613	-43.6187
3250.000000	101.293304	-42.2192
3300.000000	101.297684	-41.0035
3350.000000	101.293983	-39.9171
3400.000000	101.283714	-38.8650
3450.000000	101.259789	-37.8917
3500.000000	101.222351	-36.9543
3550.000000	101.170418	-35.9985
3600.000000	101.100883	-34.9739
3650.000000	101.027283	-33.8855
3700.000000	100.945671	-32.6853
3750.000000	100.871628	-31.3853
3820.000000	100.783524	-29.4891
3870.000000	100.732780	-28.0462
3950.000000	100.683968	-25.8173
4000.000000	100.666794	-24.4759
4060.000000	100.664047	-22.9692
4120.000000	100.661263	-21.5901
4180.000000	100.668327	-20.3551
4250.000000	100.676163	-19.0765
4310.000000	100.677094	-18.1776
4370.000000	100.673050	-17.4102
4440.000000	100.644783	-16.6987
4500.000000	100.604668	-16.2243
4550.000000	100.552719	-15.9502
4620.000000	100.453400	-15.6230
4680.000000	100.339905	-15.4532
4750.000000	100.169373	-15.2839
4820.000000	99.963242	-15.1192
4870.000000	99.795380	-14.9808
4940.000000	99.522934	-14.7615
5000.000000	99.252518	-14.4569
5080.000000	98.856476	-13.7653
5150.000000	98.494705	-12.8170
5220.000000	98.138321	-11.6081
5300.000000	97.754242	-10.0908
5380.000000	97.376740	-8.4123
5450.000000	97.056076	-6.8490
5520.000000	96.734352	-5.2144
5600.000000	96.383690	-3.1254
5700.000000	95.967102	-0.3932
5800.000000	95.586761	2.5233
5900.000000	95.259720	5.6078
6000.000000	94.980736	8.7157
6080.000000	94.776398	11.2957
6150.000000	94.633217	13.5443
6220.000000	94.518967	15.8779
6300.000000	94.436714	18.5298
6400.000000	94.422256	21.7712
6500.000000	94.489815	24.6940
6600.000000	94.619881	27.2677
6700.000000	94.792587	29.3487
6800.000000	95.004921	31.0952
6900.000000	95.252243	32.5650
7000.000000	95.551559	33.6162
7100.000000	95.879738	34.3136
7200.000000	96.246284	34.7481
7300.000000	96.642471	34.6778
7400.000000	97.174026	33.9050
7500.000000	97.576088	31.8126
7620.000000	98.028839	29.2056
7750.000000	98.463142	25.2936
7880.000000	98.745728	20.5551
8000.000000	98.841095	15.8435
8120.000000	98.784882	11.2686
8250.000000	98.575897	6.8846
8380.000000	98.368607	3.4468
8500.000000	98.081436	-0.9480
8620.000000	97.484673	-2.8209
8750.000000	97.185890	-4.2771
8850.000000	96.874878	-5.6847
9000.000000	96.344849	-6.9482
9120.000000	95.918457	-7.2312
9250.000000	95.484619	-6.8819
9380.000000	95.112564	-5.9953
9500.000000	94.810730	-4.9222
9620.000000	94.557693	-3.7022
9750.000000	94.305649	-2.2690
9880.000000	94.081261	-0.6060
10000.000000	93.894501	1.0426
10150.000000	93.696838	3.2836
10300.000000	93.527771	5.7226
10440.000000	93.401138	7.8775
10600.000000	93.251503	10.5267
10750.000000	93.185608	13.3449
10900.000000	93.141647	15.9440
11060.000000	93.123955	18.5735
11200.000000	93.123497	20.8147
11380.000000	93.140106	23.3832
11500.000000	93.170097	24.8913
11720.000000	93.211639	27.2456
11800.000000	93.224655	27.9666
12060.000000	93.238441	29.5367
12200.000000	93.214294	30.0944
12410.000000	93.121834	30.5452
12500.000000	93.064888	30.5422
12650.000000	92.951614	30.6054
12800.000000	92.850876	30.4364
13150.000000	92.553459	28.3421
13200.000000	92.493355	27.8964
13400.000000	92.233368	25.6776
13600.000000	91.908615	22.8802
13800.000000	91.518532	19.7720
14000.000000	91.103500	16.0498
14300.000000	90.422668	9.9337
14500.000000	90.025681	4.9694
14750.000000	89.492058	-2.1180
15000.000000	88.995728	-10.0831
15250.000000	88.315552	-19.9478
15500.000000	87.695587	-30.2557
15750.000000	86.969589	-42.5219
16000.000000	85.752625	-57.3086
16250.000000	82.896027	-62.7642
16500.000000	84.137024	-58.4893
16750.000000	85.138283	-76.1008
17000.000000	85.155220	-96.9628
17250.000000	84.608025	-120.0675
17500.000000	83.625206	-143.9379
17750.000000	82.318176	-168.8262
18000.000000	80.711281	164.8711
18250.000000	78.971558	137.5861
18500.000000	77.025246	107.4993
18750.000000	74.797745	74.7089
19000.000000	72.439491	39.6412
19250.000000	70.296837	-0.0555
19500.000000	68.281242	-50.5383
19750.000000	65.953125	-115.4879
