* Measurement data measured by REW V5.31.3
* Source: USB-C to 3.5mm Headphone Jack Adapter, no input selected, 0, volume: 0.138
* Format: 256k Log Swept Sine, 1 sweep at -12.0 dBFS with no timing reference
* Dated: Feb 12, 2026 9:14:25 PM
* REW Settings:
*  C-weighting compensation: Off
*  Target level: 75.0 dB
* Note: ; 
* Measurement: R
* Smoothing: None
* Frequency Step: 1/48 octave
* Start Frequency: 20.000 Hz
*
* Freq(Hz)	SPL(dB)	Phase(degrees)
20.000000	103.964	-137.9580
20.299999	104.010	-138.7456
20.600000	104.054	-139.5193
20.900000	104.097	-140.2808
21.200001	104.138	-141.0321
21.400000	104.165	-141.5289
21.799999	104.216	-142.5154
22.000000	104.240	-143.0053
22.400000	104.285	-143.9750
22.700001	104.314	-144.6872
23.000000	104.341	-145.3799
23.299999	104.365	-146.0489
23.600000	104.389	-146.6939
24.000000	104.421	-147.5247
24.299999	104.446	-148.1359
24.700001	104.479	-148.9478
25.000000	104.502	-149.5570
25.400000	104.531	-150.3637
25.799999	104.555	-151.1508
26.200001	104.578	-151.9101
26.500000	104.595	-152.4637
26.900000	104.618	-153.1913
27.200001	104.636	-153.7363
27.600000	104.658	-154.4657
28.000000	104.676	-155.1936
28.500000	104.695	-156.0872
29.000000	104.710	-156.9520
29.500000	104.721	-157.7869
30.000000	104.730	-158.5899
30.400000	104.735	-159.2061
30.700001	104.740	-159.6541
31.100000	104.748	-160.2389
31.500000	104.756	-160.8201
32.000000	104.766	-161.5509
32.500000	104.773	-162.2796
33.000000	104.778	-162.9903
33.500000	104.782	-163.6811
34.000000	104.786	-164.3655
34.500000	104.788	-165.0510
35.000000	104.787	-165.7280
35.500000	104.784	-166.3833
36.000000	104.780	-167.0161
36.500000	104.776	-167.6334
37.000000	104.771	-168.2374
37.500000	104.766	-168.8250
38.200001	104.758	-169.6246
38.700001	104.753	-170.1886
39.500000	104.741	-171.0750
40.000000	104.733	-171.6116
40.599998	104.722	-172.2454
41.200001	104.710	-172.8756
41.799999	104.694	-173.4888
42.500000	104.675	-174.1670
43.099998	104.661	-174.7372
43.700001	104.647	-175.3193
44.400002	104.626	-175.9938
45.000000	104.606	-176.5401
45.500000	104.591	-176.9769
46.200001	104.572	-177.5876
46.799999	104.554	-178.1145
47.500000	104.530	-178.7095
48.200001	104.508	-179.2804
48.700001	104.492	-179.6881
49.400002	104.468	179.7402
50.000000	104.443	179.2727
50.799999	104.413	178.6908
51.500000	104.389	178.1815
52.200001	104.363	177.6606
53.000000	104.330	177.0953
53.799999	104.299	176.5596
54.500000	104.272	176.0811
55.200001	104.241	175.6134
56.000000	104.206	175.1220
57.000000	104.168	174.5147
58.000000	104.127	173.8950
59.000000	104.082	173.2826
60.000000	104.033	172.7049
60.799999	103.997	172.2614
61.500000	103.965	171.8552
62.200001	103.929	171.4684
63.000000	103.892	171.0654
64.000000	103.850	170.5245
65.000000	103.799	170.0221
66.000000	103.757	169.5601
67.000000	103.711	169.0524
68.000000	103.661	168.6149
69.000000	103.617	168.1818
70.000000	103.569	167.7357
71.000000	103.521	167.3123
72.000000	103.473	166.8891
73.000000	103.423	166.4834
74.000000	103.375	166.1071
75.000000	103.329	165.7204
76.199997	103.271	165.2843
77.500000	103.211	164.8144
78.800003	103.147	164.3725
80.000000	103.090	163.9611
81.199997	103.031	163.5922
82.500000	102.971	163.1765
83.800003	102.909	162.7913
85.000000	102.852	162.4285
86.199997	102.794	162.1004
87.500000	102.732	161.7466
88.500000	102.685	161.4848
90.000000	102.614	161.1021
91.199997	102.559	160.8007
92.500000	102.496	160.4920
93.800003	102.438	160.1960
95.000000	102.380	159.9221
96.199997	102.325	159.6737
97.500000	102.265	159.3969
98.800003	102.206	159.1362
100.000000	102.152	158.9012
101.500000	102.082	158.6103
103.000000	102.016	158.3550
104.400002	101.953	158.1126
106.000000	101.884	157.8474
107.500000	101.816	157.6151
109.000000	101.751	157.3849
110.599998	101.682	157.1537
112.000000	101.620	156.9596
113.800003	101.543	156.7144
115.000000	101.493	156.5806
117.199997	101.399	156.3098
118.000000	101.366	156.2283
120.599998	101.263	155.9513
122.000000	101.201	155.7960
124.099998	101.116	155.5884
125.000000	101.078	155.5054
126.500000	101.019	155.3848
128.000000	100.959	155.2503
131.500000	100.822	154.9856
132.000000	100.803	154.9494
134.000000	100.725	154.8065
136.000000	100.649	154.6829
138.000000	100.574	154.5794
140.000000	100.500	154.4657
143.000000	100.387	154.3348
145.000000	100.314	154.2486
147.500000	100.223	154.1484
150.000000	100.133	154.0754
152.500000	100.044	154.0075
155.000000	99.957	153.9654
157.500000	99.872	153.9232
160.000000	99.784	153.9196
162.500000	99.701	153.9159
165.000000	99.620	153.9340
167.500000	99.542	153.9780
170.000000	99.466	154.0390
172.500000	99.397	154.0952
175.000000	99.329	154.1040
177.500000	99.262	154.1253
180.000000	99.189	154.1543
182.500000	99.121	154.1706
185.000000	99.053	154.2032
187.500000	98.985	154.2575
190.000000	98.918	154.2743
192.500000	98.842	154.3307
195.000000	98.777	154.4115
197.500000	98.709	154.4802
200.000000	98.636	154.5826
203.000000	98.557	154.7339
206.000000	98.479	154.9161
209.000000	98.408	155.1276
212.000000	98.348	155.3817
214.000000	98.312	155.5401
218.000000	98.259	155.7529
220.000000	98.232	155.7991
224.000000	98.167	155.8228
227.000000	98.109	155.8381
230.000000	98.045	155.8657
233.000000	97.981	155.9207
236.000000	97.914	156.0125
240.000000	97.827	156.1447
243.000000	97.765	156.2679
247.000000	97.683	156.4329
250.000000	97.622	156.5668
254.000000	97.543	156.7676
258.000000	97.467	156.9766
262.000000	97.392	157.1817
265.000000	97.337	157.3299
269.000000	97.264	157.5840
272.000000	97.210	157.7460
276.000000	97.141	157.9953
280.000000	97.075	158.2173
285.000000	96.991	158.5135
290.000000	96.913	158.8268
295.000000	96.833	159.1258
300.000000	96.757	159.4529
304.000000	96.698	159.7098
307.000000	96.656	159.9080
311.000000	96.599	160.1596
315.000000	96.542	160.4200
320.000000	96.475	160.7491
325.000000	96.407	161.1014
330.000000	96.345	161.4450
335.000000	96.281	161.7520
340.000000	96.217	162.1255
345.000000	96.157	162.4458
350.000000	96.099	162.7922
355.000000	96.041	163.1371
360.000000	95.986	163.4919
365.000000	95.930	163.8221
370.000000	95.877	164.1778
375.000000	95.825	164.5261
382.000000	95.752	165.0174
387.000000	95.703	165.3800
395.000000	95.628	165.9567
400.000000	95.581	166.3080
406.000000	95.527	166.7365
412.000000	95.474	167.1673
418.000000	95.422	167.5835
425.000000	95.363	168.0918
431.000000	95.316	168.5352
437.000000	95.267	168.9486
444.000000	95.216	169.4589
450.000000	95.170	169.8818
455.000000	95.134	170.2333
462.000000	95.088	170.7431
468.000000	95.043	171.1768
475.000000	95.000	171.6897
482.000000	94.954	172.1974
487.000000	94.922	172.5621
494.000000	94.881	173.0694
500.000000	94.844	173.5017
508.000000	94.801	174.0785
515.000000	94.758	174.5968
522.000000	94.724	175.1063
530.000000	94.682	175.6788
538.000000	94.643	176.2538
545.000000	94.608	176.7652
552.000000	94.576	177.2849
560.000000	94.542	177.8554
570.000000	94.500	178.5877
580.000000	94.459	179.3116
590.000000	94.418	-179.9445
600.000000	94.385	-179.2220
608.000000	94.357	-178.6247
615.000000	94.337	-178.0998
622.000000	94.313	-177.5979
630.000000	94.291	-177.0100
640.000000	94.260	-176.2611
650.000000	94.235	-175.5352
660.000000	94.213	-174.7868
670.000000	94.190	-174.0560
680.000000	94.170	-173.2976
690.000000	94.149	-172.5396
700.000000	94.134	-171.7713
710.000000	94.122	-171.0151
720.000000	94.112	-170.2767
730.000000	94.101	-169.5238
740.000000	94.093	-168.7525
750.000000	94.088	-167.9902
762.000000	94.087	-167.0710
775.000000	94.088	-166.0688
788.000000	94.089	-165.0569
800.000000	94.097	-164.1439
812.000000	94.108	-163.2297
825.000000	94.126	-162.2148
838.000000	94.146	-161.2101
850.000000	94.168	-160.2928
862.000000	94.198	-159.3730
875.000000	94.235	-158.3590
885.000000	94.264	-157.6084
900.000000	94.313	-156.4803
912.000000	94.362	-155.5890
925.000000	94.415	-154.6602
938.000000	94.475	-153.7220
950.000000	94.532	-152.8899
962.000000	94.595	-152.0432
975.000000	94.665	-151.1870
988.000000	94.740	-150.3491
1000.000000	94.809	-149.5668
1015.000000	94.903	-148.6575
1030.000000	94.998	-147.7608
1044.000000	95.093	-146.9397
1060.000000	95.208	-146.0220
1075.000000	95.317	-145.2243
1090.000000	95.434	-144.4468
1106.000000	95.560	-143.7090
1120.000000	95.674	-143.0994
1138.000000	95.821	-142.3693
1150.000000	95.919	-141.9326
1172.000000	96.097	-141.2094
1180.000000	96.159	-140.9570
1206.000000	96.360	-140.2592
1220.000000	96.466	-139.9329
1241.000000	96.618	-139.4748
1250.000000	96.683	-139.2897
1265.000000	96.786	-139.0147
1280.000000	96.886	-138.7468
1315.000000	97.104	-138.1847
1320.000000	97.136	-138.1235
1340.000000	97.252	-137.8293
1360.000000	97.365	-137.5397
1380.000000	97.471	-137.2608
1400.000000	97.577	-136.9848
1430.000000	97.727	-136.5905
1450.000000	97.826	-136.3245
1475.000000	97.944	-135.9753
1500.000000	98.061	-135.6287
1525.000000	98.178	-135.2866
1550.000000	98.294	-134.9357
1575.000000	98.407	-134.5784
1600.000000	98.523	-134.2058
1625.000000	98.637	-133.8580
1650.000000	98.752	-133.5083
1675.000000	98.870	-133.1590
1700.000000	98.986	-132.8070
1725.000000	99.109	-132.4756
1750.000000	99.228	-132.1537
1775.000000	99.353	-131.8254
1800.000000	99.476	-131.5412
1825.000000	99.602	-131.2491
1850.000000	99.730	-130.9626
1875.000000	99.859	-130.7084
1900.000000	99.990	-130.4782
1925.000000	100.123	-130.2467
1950.000000	100.255	-130.0496
1975.000000	100.391	-129.8776
2000.000000	100.527	-129.7116
2030.000000	100.694	-129.5594
2060.000000	100.859	-129.4438
2090.000000	101.027	-129.3547
2120.000000	101.196	-129.3174
2140.000000	101.308	-129.3027
2180.000000	101.533	-129.3408
2200.000000	101.647	-129.3694
2240.000000	101.874	-129.5154
2270.000000	102.044	-129.6838
2300.000000	102.212	-129.8772
2330.000000	102.382	-130.1243
2360.000000	102.548	-130.4173
2400.000000	102.765	-130.8728
2430.000000	102.929	-131.2731
2470.000000	103.141	-131.8620
2500.000000	103.296	-132.3673
2540.000000	103.498	-133.1084
2580.000000	103.693	-133.9221
2620.000000	103.880	-134.8098
2650.000000	104.013	-135.5166
2690.000000	104.184	-136.5191
2720.000000	104.306	-137.3102
2760.000000	104.460	-138.4181
2800.000000	104.601	-139.5776
2850.000000	104.764	-141.1156
2900.000000	104.909	-142.7100
2950.000000	105.034	-144.3720
3000.000000	105.140	-146.0866
3040.000000	105.210	-147.4944
3070.000000	105.254	-148.5790
3110.000000	105.300	-150.0247
3150.000000	105.331	-151.4917
3200.000000	105.349	-153.3320
3250.000000	105.344	-155.1873
3300.000000	105.317	-157.0235
3350.000000	105.266	-158.8316
3400.000000	105.192	-160.5938
3450.000000	105.096	-162.2895
3500.000000	104.982	-163.8907
3550.000000	104.849	-165.3963
3600.000000	104.704	-166.7893
3650.000000	104.552	-168.0894
3700.000000	104.391	-169.3012
3750.000000	104.227	-170.4464
3820.000000	103.984	-171.9711
3870.000000	103.799	-172.9902
3950.000000	103.485	-174.4680
4000.000000	103.277	-175.2948
4060.000000	103.019	-176.1685
4120.000000	102.751	-176.9022
4180.000000	102.483	-177.5035
4250.000000	102.163	-178.0634
4310.000000	101.890	-178.3970
4370.000000	101.613	-178.6285
4440.000000	101.296	-178.7417
4500.000000	101.029	-178.7282
4550.000000	100.810	-178.6562
4620.000000	100.506	-178.4551
4680.000000	100.248	-178.2070
4750.000000	99.948	-177.7826
4820.000000	99.663	-177.2021
4870.000000	99.472	-176.7731
4940.000000	99.203	-176.1188
5000.000000	98.975	-175.4622
5080.000000	98.685	-174.4272
5150.000000	98.448	-173.4211
5220.000000	98.227	-172.3044
5300.000000	98.009	-171.0190
5380.000000	97.815	-169.6988
5450.000000	97.658	-168.5915
5520.000000	97.516	-167.5441
5600.000000	97.357	-166.3659
5700.000000	97.165	-164.9159
5800.000000	96.977	-163.4258
5900.000000	96.795	-161.9154
6000.000000	96.621	-160.2352
6080.000000	96.493	-158.7927
6150.000000	96.394	-157.4334
6220.000000	96.314	-155.9829
6300.000000	96.245	-154.2305
6400.000000	96.206	-152.0101
6500.000000	96.219	-149.7959
6600.000000	96.285	-147.6327
6700.000000	96.402	-145.5680
6800.000000	96.555	-143.5774
6900.000000	96.762	-141.7201
7000.000000	97.022	-139.9195
7100.000000	97.357	-138.2407
7200.000000	97.789	-136.8871
7300.000000	98.306	-135.9918
7400.000000	98.907	-135.7980
7500.000000	99.581	-136.4783
7620.000000	100.458	-138.8115
7750.000000	101.404	-143.7911
7880.000000	102.141	-151.6685
8000.000000	102.407	-160.8994
8120.000000	102.155	-170.1749
8250.000000	101.440	-178.2974
8380.000000	100.567	176.2262
8500.000000	99.785	172.9630
8620.000000	99.093	170.4446
8750.000000	98.365	168.1304
8850.000000	97.798	166.7685
9000.000000	96.943	165.6734
9120.000000	96.306	165.5934
9250.000000	95.698	166.1829
9380.000000	95.205	167.2449
9500.000000	94.835	168.4537
9620.000000	94.567	169.7932
9750.000000	94.380	171.2676
9880.000000	94.301	172.6943
10000.000000	94.328	173.8048
10150.000000	94.509	174.7598
10300.000000	94.842	175.0946
10440.000000	95.304	174.5891
10600.000000	96.009	172.4777
10750.000000	96.821	168.3217
10900.000000	97.694	161.0968
11060.000000	98.429	149.0058
11200.000000	98.523	135.1312
11380.000000	97.552	116.7543
11500.000000	96.354	106.7382
11720.000000	93.793	94.5949
11800.000000	92.871	91.7553
12060.000000	90.146	86.1977
12200.000000	88.869	84.6624
12410.000000	87.178	83.2077
12500.000000	86.539	82.8046
12650.000000	85.567	82.1976
12800.000000	84.706	81.6970
13150.000000	83.083	80.3193
13200.000000	82.910	80.1766
13400.000000	82.256	78.8551
13600.000000	81.739	76.8656
13800.000000	81.426	74.4007
14000.000000	81.207	71.2646
14300.000000	81.181	65.1170
14500.000000	81.359	60.3245
14750.000000	81.879	52.2856
15000.000000	82.606	42.4661
15250.000000	83.617	29.2167
15500.000000	84.810	12.6993
15750.000000	86.047	-8.9364
16000.000000	86.937	-36.1761
16250.000000	87.065	-67.7253
16500.000000	86.246	-99.6754
16750.000000	84.885	-129.4430
17000.000000	83.393	-157.4104
17250.000000	81.878	174.9576
17500.000000	80.458	146.4623
17750.000000	79.060	116.2383
18000.000000	77.577	83.3639
18250.000000	75.794	46.9626
18500.000000	74.106	7.0793
18750.000000	71.981	-37.1418
19000.000000	69.498	-85.5104
19250.000000	66.405	-141.3005
19500.000000	62.703	158.2007
19750.000000	57.807	91.0427
