* Measurement data measured by REW V5.31.3
* Source: USB-C to 3.5mm Headphone Jack Adapter, no input selected, 0, volume: 0.343
* Format: 256k Log Swept Sine, 1 sweep at -12.0 dBFS with no timing reference
* Dated: Nov 20, 2025 3:40:57 PM
* REW Settings:
*  C-weighting compensation: Off
*  Target level: 75.0 dB
* Note: ; 
* Measurement: R
* Smoothing: None
* Frequency Step: 1/48 octave
* Start Frequency: 20.000 Hz
*
* Freq(Hz)	SPL(dB)	Phase(degrees)
20.000000	112.841	-161.5808
20.299999	112.845	-162.1762
20.600000	112.843	-162.7554
20.900000	112.837	-163.2969
21.200001	112.829	-163.7841
21.400000	112.826	-164.0774
21.799999	112.828	-164.6189
22.000000	112.834	-164.8872
22.400000	112.855	-165.4617
22.700001	112.872	-165.9503
23.000000	112.886	-166.4830
23.299999	112.891	-167.0350
23.600000	112.888	-167.5731
24.000000	112.875	-168.2218
24.299999	112.865	-168.6484
24.700001	112.857	-169.1625
25.000000	112.857	-169.5388
25.400000	112.861	-170.0618
25.799999	112.863	-170.6126
26.200001	112.860	-171.1643
26.500000	112.855	-171.5611
26.900000	112.849	-172.0621
27.200001	112.846	-172.4250
27.600000	112.843	-172.9113
28.000000	112.841	-173.4107
28.500000	112.832	-174.0410
29.000000	112.818	-174.6433
29.500000	112.803	-175.2021
30.000000	112.790	-175.7347
30.400000	112.781	-176.1568
30.700001	112.774	-176.4741
31.100000	112.764	-176.8959
31.500000	112.754	-177.3120
32.000000	112.741	-177.8210
32.500000	112.727	-178.3186
33.000000	112.713	-178.8066
33.500000	112.698	-179.2851
34.000000	112.683	-179.7545
34.500000	112.667	179.7846
35.000000	112.650	179.3344
35.500000	112.633	178.8992
36.000000	112.615	178.4807
36.500000	112.598	178.0742
37.000000	112.583	177.6701
37.500000	112.567	177.2604
38.200001	112.543	176.6810
38.700001	112.523	176.2767
39.500000	112.489	175.6617
40.000000	112.469	175.2871
40.599998	112.445	174.8346
41.200001	112.419	174.3864
41.799999	112.390	173.9597
42.500000	112.359	173.4916
43.099998	112.334	173.0966
43.700001	112.310	172.6953
44.400002	112.279	172.2315
45.000000	112.251	171.8510
45.500000	112.229	171.5431
46.200001	112.198	171.1108
46.799999	112.170	170.7362
47.500000	112.135	170.3090
48.200001	112.100	169.9027
48.700001	112.075	169.6208
49.400002	112.041	169.2274
50.000000	112.011	168.8931
50.799999	111.971	168.4686
51.500000	111.940	168.1102
52.200001	111.910	167.7274
53.000000	111.869	167.2668
53.799999	111.820	166.8705
54.500000	111.782	166.5839
55.200001	111.751	166.2807
56.000000	111.712	165.8993
57.000000	111.658	165.4633
58.000000	111.607	165.0274
59.000000	111.549	164.5973
60.000000	111.497	164.2239
60.799999	111.460	163.8824
61.500000	111.422	163.5699
62.200001	111.382	163.2892
63.000000	111.339	162.9842
64.000000	111.285	162.5988
65.000000	111.230	162.2452
66.000000	111.176	161.8945
67.000000	111.121	161.5732
68.000000	111.070	161.2546
69.000000	111.015	160.9297
70.000000	110.962	160.6324
71.000000	110.906	160.2988
72.000000	110.842	160.0259
73.000000	110.789	159.7870
74.000000	110.734	159.4934
75.000000	110.676	159.2550
76.199997	110.617	158.9398
77.500000	110.541	158.5727
78.800003	110.466	158.3070
80.000000	110.405	158.0467
81.199997	110.337	157.7907
82.500000	110.268	157.5427
83.800003	110.197	157.2871
85.000000	110.130	157.0610
86.199997	110.063	156.8573
87.500000	109.992	156.6407
88.500000	109.937	156.4916
90.000000	109.859	156.2743
91.199997	109.795	156.0931
92.500000	109.724	155.9190
93.800003	109.655	155.7556
95.000000	109.592	155.6130
96.199997	109.529	155.4780
97.500000	109.460	155.3391
98.800003	109.393	155.2189
100.000000	109.331	155.1150
101.500000	109.255	154.9920
103.000000	109.177	154.8821
104.400002	109.108	154.7955
106.000000	109.027	154.6895
107.500000	108.953	154.6080
109.000000	108.880	154.5429
110.599998	108.803	154.4870
112.000000	108.736	154.4457
113.800003	108.652	154.3979
115.000000	108.594	154.3647
117.199997	108.493	154.3272
118.000000	108.455	154.3370
120.599998	108.337	154.2612
122.000000	108.274	154.3564
124.099998	108.183	154.3975
125.000000	108.145	154.4201
126.500000	108.080	154.4523
128.000000	108.016	154.5165
131.500000	107.875	154.6490
132.000000	107.856	154.6693
134.000000	107.781	154.7758
136.000000	107.707	154.8673
138.000000	107.634	154.9640
140.000000	107.562	155.0452
143.000000	107.453	155.2152
145.000000	107.382	155.3288
147.500000	107.296	155.4936
150.000000	107.212	155.6591
152.500000	107.128	155.8286
155.000000	107.048	156.0228
157.500000	106.971	156.2044
160.000000	106.894	156.4027
162.500000	106.819	156.6277
165.000000	106.745	156.8531
167.500000	106.675	157.0834
170.000000	106.605	157.3142
172.500000	106.534	157.5416
175.000000	106.468	157.8078
177.500000	106.401	158.0668
180.000000	106.330	158.3316
182.500000	106.270	158.6168
185.000000	106.205	158.9192
187.500000	106.144	159.2388
190.000000	106.085	159.5865
192.500000	106.031	159.9858
195.000000	105.982	160.3747
197.500000	105.935	160.7916
200.000000	105.898	161.1988
203.000000	105.870	161.6826
206.000000	105.848	162.0996
209.000000	105.832	162.4503
212.000000	105.812	162.7429
214.000000	105.797	162.9524
218.000000	105.767	163.3511
220.000000	105.760	163.5414
224.000000	105.751	163.7723
227.000000	105.732	163.8937
230.000000	105.701	164.0006
233.000000	105.663	164.1404
236.000000	105.625	164.3081
240.000000	105.566	164.5598
243.000000	105.532	164.7792
247.000000	105.485	165.0905
250.000000	105.450	165.3311
254.000000	105.405	165.6553
258.000000	105.365	165.9933
262.000000	105.326	166.3051
265.000000	105.296	166.5572
269.000000	105.260	166.8895
272.000000	105.235	167.1337
276.000000	105.201	167.4688
280.000000	105.172	167.7888
285.000000	105.133	168.1936
290.000000	105.095	168.5912
295.000000	105.065	168.9894
300.000000	105.029	169.3899
304.000000	105.010	169.7053
307.000000	104.997	169.9306
311.000000	104.976	170.2381
315.000000	104.958	170.5270
320.000000	104.938	170.8828
325.000000	104.915	171.2236
330.000000	104.893	171.5508
335.000000	104.867	171.8693
340.000000	104.848	172.2021
345.000000	104.826	172.5111
350.000000	104.803	172.8427
355.000000	104.782	173.1679
360.000000	104.765	173.4665
365.000000	104.744	173.7713
370.000000	104.727	174.0990
375.000000	104.706	174.4174
382.000000	104.684	174.8373
387.000000	104.664	175.1601
395.000000	104.638	175.6266
400.000000	104.622	175.9224
406.000000	104.607	176.2756
412.000000	104.589	176.6229
418.000000	104.571	176.9824
425.000000	104.549	177.3924
431.000000	104.535	177.7302
437.000000	104.517	178.1076
444.000000	104.501	178.4963
450.000000	104.485	178.8336
455.000000	104.476	179.1261
462.000000	104.459	179.5058
468.000000	104.448	179.8481
475.000000	104.431	-179.7536
482.000000	104.420	-179.3458
487.000000	104.411	-179.0616
494.000000	104.399	-178.6829
500.000000	104.388	-178.3371
508.000000	104.378	-177.8858
515.000000	104.366	-177.4971
522.000000	104.359	-177.1036
530.000000	104.349	-176.6681
538.000000	104.343	-176.2375
545.000000	104.336	-175.8502
552.000000	104.329	-175.4759
560.000000	104.326	-175.0476
570.000000	104.315	-174.5173
580.000000	104.311	-173.9803
590.000000	104.305	-173.4541
600.000000	104.294	-172.9433
608.000000	104.296	-172.4965
615.000000	104.292	-172.1455
622.000000	104.291	-171.7578
630.000000	104.289	-171.3331
640.000000	104.288	-170.7964
650.000000	104.288	-170.2533
660.000000	104.291	-169.6983
670.000000	104.291	-169.1834
680.000000	104.292	-168.6406
690.000000	104.298	-168.0826
700.000000	104.304	-167.5388
710.000000	104.314	-167.0119
720.000000	104.323	-166.4581
730.000000	104.333	-165.9135
740.000000	104.343	-165.3633
750.000000	104.358	-164.8163
762.000000	104.375	-164.1465
775.000000	104.399	-163.4262
788.000000	104.423	-162.7221
800.000000	104.450	-162.0388
812.000000	104.479	-161.3730
825.000000	104.514	-160.6607
838.000000	104.550	-159.9253
850.000000	104.589	-159.2647
862.000000	104.633	-158.6017
875.000000	104.681	-157.9008
885.000000	104.720	-157.3598
900.000000	104.786	-156.5927
912.000000	104.842	-155.9160
925.000000	104.907	-155.2504
938.000000	104.976	-154.5916
950.000000	105.043	-153.9956
962.000000	105.115	-153.4215
975.000000	105.196	-152.8138
988.000000	105.281	-152.2366
1000.000000	105.363	-151.7428
1015.000000	105.468	-151.1485
1030.000000	105.578	-150.6110
1044.000000	105.681	-150.1246
1060.000000	105.802	-149.6443
1075.000000	105.919	-149.2409
1090.000000	106.034	-148.8794
1106.000000	106.156	-148.5446
1120.000000	106.263	-148.2986
1138.000000	106.398	-148.0429
1150.000000	106.486	-147.8973
1172.000000	106.647	-147.7008
1180.000000	106.701	-147.6466
1206.000000	106.878	-147.5423
1220.000000	106.968	-147.5118
1241.000000	107.098	-147.5229
1250.000000	107.152	-147.5320
1265.000000	107.239	-147.5596
1280.000000	107.318	-147.6298
1315.000000	107.496	-147.8443
1320.000000	107.519	-147.8803
1340.000000	107.605	-148.0397
1360.000000	107.684	-148.2164
1380.000000	107.752	-148.3866
1400.000000	107.814	-148.5742
1430.000000	107.889	-148.7822
1450.000000	107.931	-148.8951
1475.000000	107.978	-148.9732
1500.000000	108.023	-148.9978
1525.000000	108.061	-148.9731
1550.000000	108.102	-148.9058
1575.000000	108.145	-148.7946
1600.000000	108.188	-148.6398
1625.000000	108.236	-148.4711
1650.000000	108.284	-148.2822
1675.000000	108.336	-148.0707
1700.000000	108.391	-147.8287
1725.000000	108.450	-147.5849
1750.000000	108.513	-147.3162
1775.000000	108.579	-147.0222
1800.000000	108.658	-146.6904
1825.000000	108.746	-146.3504
1850.000000	108.857	-146.0090
1875.000000	108.987	-145.8054
1900.000000	109.122	-145.7617
1925.000000	109.251	-145.8774
1950.000000	109.365	-146.0798
1975.000000	109.466	-146.3140
2000.000000	109.561	-146.5662
2030.000000	109.666	-146.8517
2060.000000	109.767	-147.1513
2090.000000	109.867	-147.4665
2120.000000	109.968	-147.8261
2140.000000	110.036	-148.0925
2180.000000	110.167	-148.7757
2200.000000	110.223	-149.1927
2240.000000	110.313	-150.0695
2270.000000	110.363	-150.7630
2300.000000	110.395	-151.4572
2330.000000	110.412	-152.1354
2360.000000	110.414	-152.7808
2400.000000	110.393	-153.5820
2430.000000	110.363	-154.1151
2470.000000	110.303	-154.6642
2500.000000	110.247	-154.9522
2540.000000	110.168	-155.0871
2580.000000	110.108	-154.9136
2620.000000	110.099	-154.5520
2650.000000	110.133	-154.3426
2690.000000	110.207	-154.3739
2720.000000	110.256	-154.6213
2760.000000	110.289	-155.1060
2800.000000	110.290	-155.5495
2850.000000	110.275	-155.9197
2900.000000	110.268	-156.1366
2950.000000	110.286	-156.3255
3000.000000	110.327	-156.5821
3040.000000	110.374	-156.9274
3070.000000	110.415	-157.2966
3110.000000	110.468	-158.0011
3150.000000	110.503	-159.0026
3200.000000	110.487	-160.5906
3250.000000	110.366	-162.4050
3300.000000	110.112	-164.0309
3350.000000	109.746	-164.9432
3400.000000	109.341	-164.7950
3450.000000	108.992	-163.6305
3500.000000	108.758	-161.9161
3550.000000	108.639	-160.0440
3600.000000	108.615	-158.3582
3650.000000	108.646	-156.9590
3700.000000	108.716	-155.8884
3750.000000	108.800	-155.1187
3820.000000	108.913	-154.5477
3870.000000	108.974	-154.4039
3950.000000	109.007	-154.4250
4000.000000	108.982	-154.3864
4060.000000	108.925	-154.1327
4120.000000	108.871	-153.5237
4180.000000	108.845	-152.6652
4250.000000	108.876	-151.5490
4310.000000	108.950	-150.6739
4370.000000	109.057	-149.9689
4440.000000	109.208	-149.4048
4500.000000	109.353	-149.1305
4550.000000	109.477	-149.0724
4620.000000	109.649	-149.2394
4680.000000	109.793	-149.5759
4750.000000	109.948	-150.2181
4820.000000	110.086	-151.1049
4870.000000	110.171	-151.8574
4940.000000	110.268	-153.1218
5000.000000	110.323	-154.3584
5080.000000	110.354	-156.1732
5150.000000	110.333	-157.8962
5220.000000	110.261	-159.6934
5300.000000	110.117	-161.7533
5380.000000	109.906	-163.7008
5450.000000	109.664	-165.2229
5520.000000	109.377	-166.4997
5600.000000	109.010	-167.5953
5700.000000	108.516	-168.3432
5800.000000	108.016	-168.3764
5900.000000	107.533	-167.7825
6000.000000	107.085	-166.6705
6080.000000	106.767	-165.4468
6150.000000	106.512	-164.2047
6220.000000	106.289	-162.7904
6300.000000	106.069	-161.0341
6400.000000	105.849	-158.6494
6500.000000	105.696	-156.0767
6600.000000	105.611	-153.4097
6700.000000	105.604	-150.6900
6800.000000	105.677	-148.0202
6900.000000	105.823	-145.4387
7000.000000	106.057	-142.9946
7100.000000	106.373	-140.7991
7200.000000	106.781	-138.9505
7300.000000	107.275	-137.6131
7400.000000	107.850	-136.9453
7500.000000	108.506	-137.0883
7620.000000	109.371	-138.7512
7750.000000	110.321	-142.9619
7880.000000	111.088	-150.1572
8000.000000	111.387	-158.8690
8120.000000	111.163	-167.8544
8250.000000	110.438	-175.8863
8380.000000	109.467	178.7269
8500.000000	108.535	175.8442
8620.000000	107.622	174.4598
8750.000000	106.716	174.4117
8850.000000	106.099	175.1981
9000.000000	105.323	177.2826
9120.000000	104.843	179.4600
9250.000000	104.460	-177.8542
9380.000000	104.220	-175.0866
9500.000000	104.117	-172.5557
9620.000000	104.138	-170.2693
9750.000000	104.239	-168.2826
9880.000000	104.451	-166.7050
10000.000000	104.719	-165.9027
10150.000000	105.099	-165.6376
10300.000000	105.598	-166.0654
10440.000000	106.191	-167.9549
10600.000000	106.826	-172.4962
10750.000000	107.256	-178.7075
10900.000000	107.431	173.7244
11060.000000	107.277	164.9709
11200.000000	106.856	157.4058
11380.000000	105.966	148.7536
11500.000000	105.215	144.1297
11720.000000	103.739	138.5802
11800.000000	103.233	137.4388
12060.000000	101.829	135.7299
12200.000000	101.246	135.5864
12410.000000	100.609	135.9359
12500.000000	100.424	136.2001
12650.000000	100.246	136.7189
12800.000000	100.229	137.1164
13150.000000	100.793	136.4663
13200.000000	100.944	136.1432
13400.000000	101.697	134.2543
13600.000000	102.751	130.6763
13800.000000	104.046	124.5815
14000.000000	105.463	115.2141
14300.000000	107.414	94.4530
14500.000000	108.261	76.7494
14750.000000	108.635	53.2304
15000.000000	108.436	29.9441
15250.000000	107.728	8.5181
15500.000000	107.075	-8.9220
15750.000000	107.118	-26.1194
16000.000000	107.802	-48.2241
16250.000000	108.350	-78.7490
16500.000000	108.157	-113.5935
16750.000000	107.291	-152.8231
17000.000000	105.457	166.8502
17250.000000	102.978	128.3273
17500.000000	100.429	92.1958
17750.000000	98.157	55.7887
18000.000000	96.006	17.1490
18250.000000	93.956	-23.3247
18500.000000	92.113	-65.6954
18750.000000	90.466	-111.2901
19000.000000	89.008	-162.3362
19250.000000	87.575	141.3546
19500.000000	85.987	77.4417
19750.000000	84.233	4.3304
