* Measurement data measured by REW V5.31.3
* Source: USB-C to 3.5mm Headphone Jack Adapter, USB-C to 3.5mm Headphone Jack Adapter, 0, volume: 0.138
* Format: 256k Log Swept Sine, 1 sweep at -12.0 dBFS with no timing reference
* Dated: Oct 23, 2024 1:55:58 PM
* REW Settings:
*  C-weighting compensation: Off
*  Target level: 75.0 dB
* Note: 
* Measurement: L
* Smoothing: None
* Frequency Step: 1/48 octave
* Start Frequency: 20.000 Hz
*
* Freq(Hz)	SPL(dB)	Phase(degrees)
20.000000	102.113	-164.6833
20.299999	102.116	-165.3485
20.600000	102.125	-166.0236
20.900000	102.134	-166.7261
21.200001	102.140	-167.4567
21.400000	102.140	-167.9516
21.799999	102.132	-168.9267
22.000000	102.124	-169.3931
22.400000	102.104	-170.2680
22.700001	102.089	-170.8733
23.000000	102.076	-171.4470
23.299999	102.067	-172.0045
23.600000	102.060	-172.5599
24.000000	102.054	-173.3144
24.299999	102.049	-173.8953
24.700001	102.038	-174.6865
25.000000	102.025	-175.2809
25.400000	102.001	-176.0496
25.799999	101.972	-176.7596
26.200001	101.944	-177.3969
26.500000	101.927	-177.8391
26.900000	101.914	-178.4223
27.200001	101.909	-178.8830
27.600000	101.903	-179.5477
28.000000	101.891	179.7469
28.500000	101.862	178.8772
29.000000	101.827	178.0841
29.500000	101.794	177.3561
30.000000	101.766	176.6393
30.400000	101.742	176.0614
30.700001	101.722	175.6343
31.100000	101.695	175.0881
31.500000	101.667	174.5729
32.000000	101.637	173.9506
32.500000	101.611	173.3170
33.000000	101.584	172.6572
33.500000	101.550	171.9895
34.000000	101.510	171.3464
34.500000	101.469	170.7462
35.000000	101.429	170.1772
35.500000	101.392	169.6080
36.000000	101.354	169.0219
36.500000	101.311	168.4418
37.000000	101.264	167.9081
37.500000	101.220	167.4254
38.200001	101.172	166.7438
38.700001	101.139	166.2056
39.500000	101.070	165.3376
40.000000	101.023	164.8521
40.599998	100.971	164.3103
41.200001	100.923	163.7671
41.799999	100.875	163.2165
42.500000	100.817	162.5774
43.099998	100.765	162.0296
43.700001	100.709	161.4978
44.400002	100.640	160.9314
45.000000	100.586	160.4803
45.500000	100.543	160.1030
46.200001	100.484	159.5503
46.799999	100.430	159.0599
47.500000	100.358	158.5190
48.200001	100.288	158.0566
48.700001	100.246	157.7313
49.400002	100.189	157.1917
50.000000	100.127	156.7122
50.799999	100.042	156.2119
51.500000	99.988	155.7471
52.200001	99.920	155.1202
53.000000	99.802	154.5925
53.799999	99.716	154.3994
54.500000	99.681	154.0703
55.200001	99.626	153.5579
56.000000	99.541	153.1006
57.000000	99.454	152.6062
58.000000	99.358	152.0673
59.000000	99.265	151.5549
60.000000	99.153	151.0220
60.799999	99.065	150.7527
61.500000	99.007	150.4907
62.200001	98.945	150.1282
63.000000	98.860	149.7505
64.000000	98.762	149.3655
65.000000	98.665	148.9492
66.000000	98.567	148.6070
67.000000	98.474	148.2525
68.000000	98.375	147.9326
69.000000	98.282	147.6179
70.000000	98.176	147.2959
71.000000	98.075	147.0756
72.000000	97.980	146.7656
73.000000	97.870	146.5281
74.000000	97.785	146.3500
75.000000	97.696	145.9631
76.199997	97.556	145.6764
77.500000	97.439	145.4717
78.800003	97.314	145.1812
80.000000	97.198	145.0002
81.199997	97.090	144.8039
82.500000	96.961	144.5923
83.800003	96.842	144.4402
85.000000	96.722	144.2765
86.199997	96.612	144.2176
87.500000	96.492	144.0644
88.500000	96.396	144.0167
90.000000	96.259	143.9601
91.199997	96.150	143.9326
92.500000	96.036	143.9070
93.800003	95.917	143.8631
95.000000	95.810	143.8543
96.199997	95.699	143.8447
97.500000	95.584	143.9008
98.800003	95.470	143.9858
100.000000	95.381	144.0557
101.500000	95.245	144.0578
103.000000	95.117	144.2248
104.400002	95.013	144.3699
106.000000	94.878	144.3422
107.500000	94.748	144.6873
109.000000	94.646	144.9062
110.599998	94.516	145.0475
112.000000	94.404	145.4352
113.800003	94.276	145.6218
115.000000	94.197	145.8107
117.199997	94.052	146.2539
118.000000	93.989	146.3910
120.599998	93.857	146.6555
122.000000	93.722	147.3796
124.099998	93.580	147.8170
125.000000	93.526	148.0249
126.500000	93.432	148.4550
128.000000	93.353	148.6925
131.500000	93.149	149.7836
132.000000	93.127	149.9338
134.000000	93.013	150.4962
136.000000	92.920	150.9493
138.000000	92.809	151.4918
140.000000	92.741	152.1567
143.000000	92.629	153.0400
145.000000	92.534	153.6234
147.500000	92.430	154.3273
150.000000	92.355	155.1449
152.500000	92.283	155.8377
155.000000	92.203	156.5934
157.500000	92.137	157.4084
160.000000	92.083	158.2055
162.500000	92.013	158.9365
165.000000	91.942	160.1145
167.500000	91.887	160.5672
170.000000	91.861	161.3423
172.500000	91.833	162.1668
175.000000	91.805	162.9974
177.500000	91.790	163.8419
180.000000	91.813	164.5813
182.500000	91.835	165.3308
185.000000	91.851	165.9019
187.500000	91.856	166.3849
190.000000	91.867	166.8667
192.500000	91.869	167.3199
195.000000	91.862	167.7834
197.500000	91.866	168.2542
200.000000	91.870	168.7173
203.000000	91.880	169.3013
206.000000	91.889	169.8613
209.000000	91.901	170.4058
212.000000	91.920	170.9001
214.000000	91.931	171.2068
218.000000	91.949	171.7819
220.000000	91.961	172.0798
224.000000	91.982	172.6321
227.000000	92.000	173.0161
230.000000	92.020	173.4227
233.000000	92.043	173.7888
236.000000	92.062	174.1074
240.000000	92.093	174.6448
243.000000	92.111	174.9194
247.000000	92.142	175.3200
250.000000	92.166	175.6106
254.000000	92.193	175.9505
258.000000	92.223	176.3019
262.000000	92.250	176.6008
265.000000	92.278	176.7989
269.000000	92.304	177.1048
272.000000	92.321	177.3168
276.000000	92.350	177.5554
280.000000	92.375	177.7975
285.000000	92.407	178.0904
290.000000	92.438	178.3316
295.000000	92.470	178.5482
300.000000	92.494	178.7478
304.000000	92.519	178.9014
307.000000	92.536	179.0018
311.000000	92.551	179.1553
315.000000	92.568	179.2964
320.000000	92.590	179.4376
325.000000	92.611	179.5805
330.000000	92.627	179.7535
335.000000	92.643	179.8650
340.000000	92.661	179.9978
345.000000	92.672	-179.8695
350.000000	92.691	-179.7504
355.000000	92.701	-179.6156
360.000000	92.710	-179.5139
365.000000	92.721	-179.3891
370.000000	92.733	-179.2614
375.000000	92.742	-179.1389
382.000000	92.762	-179.0241
387.000000	92.774	-178.9106
395.000000	92.795	-178.8179
400.000000	92.809	-178.7448
406.000000	92.816	-178.7222
412.000000	92.821	-178.7084
418.000000	92.823	-178.6849
425.000000	92.821	-178.6186
431.000000	92.818	-178.5790
437.000000	92.812	-178.5219
444.000000	92.805	-178.4490
450.000000	92.796	-178.3875
455.000000	92.792	-178.3068
462.000000	92.779	-178.2127
468.000000	92.768	-178.1463
475.000000	92.759	-178.0324
482.000000	92.749	-177.8984
487.000000	92.743	-177.8243
494.000000	92.726	-177.6911
500.000000	92.717	-177.5686
508.000000	92.704	-177.4344
515.000000	92.690	-177.3309
522.000000	92.680	-177.2131
530.000000	92.663	-177.0540
538.000000	92.649	-176.8793
545.000000	92.632	-176.7812
552.000000	92.616	-176.6202
560.000000	92.601	-176.4662
570.000000	92.576	-176.2571
580.000000	92.556	-176.0345
590.000000	92.531	-175.8210
600.000000	92.504	-175.6076
608.000000	92.485	-175.3705
615.000000	92.466	-175.1967
622.000000	92.450	-175.0239
630.000000	92.430	-174.8069
640.000000	92.403	-174.5395
650.000000	92.378	-174.2477
660.000000	92.347	-173.9622
670.000000	92.325	-173.6392
680.000000	92.301	-173.3254
690.000000	92.277	-172.9850
700.000000	92.252	-172.6626
710.000000	92.226	-172.3045
720.000000	92.205	-171.9348
730.000000	92.182	-171.5488
740.000000	92.161	-171.1787
750.000000	92.139	-170.7875
762.000000	92.119	-170.3052
775.000000	92.095	-169.7436
788.000000	92.074	-169.1978
800.000000	92.060	-168.6516
812.000000	92.044	-168.1110
825.000000	92.032	-167.5221
838.000000	92.025	-166.9114
850.000000	92.018	-166.3441
862.000000	92.015	-165.7485
875.000000	92.020	-165.1128
885.000000	92.024	-164.6080
900.000000	92.037	-163.8461
912.000000	92.050	-163.2592
925.000000	92.067	-162.6192
938.000000	92.090	-161.9753
950.000000	92.115	-161.3870
962.000000	92.141	-160.8248
975.000000	92.181	-160.1868
988.000000	92.222	-159.6232
1000.000000	92.260	-159.0615
1015.000000	92.315	-158.4216
1030.000000	92.376	-157.8014
1044.000000	92.434	-157.2496
1060.000000	92.504	-156.6714
1075.000000	92.570	-156.1558
1090.000000	92.643	-155.7057
1106.000000	92.716	-155.2256
1120.000000	92.784	-154.8919
1138.000000	92.865	-154.4550
1150.000000	92.919	-154.2105
1172.000000	93.016	-153.7819
1180.000000	93.052	-153.6611
1206.000000	93.155	-153.2566
1220.000000	93.209	-153.0762
1241.000000	93.282	-152.8134
1250.000000	93.312	-152.7300
1265.000000	93.357	-152.5630
1280.000000	93.399	-152.4177
1315.000000	93.487	-152.0680
1320.000000	93.498	-151.9968
1340.000000	93.539	-151.7955
1360.000000	93.574	-151.5749
1380.000000	93.605	-151.3342
1400.000000	93.637	-151.0871
1430.000000	93.678	-150.6696
1450.000000	93.704	-150.3617
1475.000000	93.732	-149.9359
1500.000000	93.764	-149.4695
1525.000000	93.792	-149.0141
1550.000000	93.822	-148.4810
1575.000000	93.860	-147.9516
1600.000000	93.897	-147.3606
1625.000000	93.937	-146.7703
1650.000000	93.984	-146.1407
1675.000000	94.035	-145.5101
1700.000000	94.090	-144.8891
1725.000000	94.153	-144.2455
1750.000000	94.219	-143.6031
1775.000000	94.292	-142.9730
1800.000000	94.368	-142.3264
1825.000000	94.450	-141.6959
1850.000000	94.534	-141.1000
1875.000000	94.628	-140.4898
1900.000000	94.723	-139.8968
1925.000000	94.818	-139.3075
1950.000000	94.925	-138.7659
1975.000000	95.039	-138.2335
2000.000000	95.152	-137.7187
2030.000000	95.293	-137.1422
2060.000000	95.439	-136.5716
2090.000000	95.595	-136.0893
2120.000000	95.754	-135.6127
2140.000000	95.862	-135.3456
2180.000000	96.091	-134.8722
2200.000000	96.206	-134.6765
2240.000000	96.445	-134.3442
2270.000000	96.628	-134.2027
2300.000000	96.812	-134.1080
2330.000000	97.003	-134.0946
2360.000000	97.193	-134.1690
2400.000000	97.444	-134.4016
2430.000000	97.633	-134.6772
2470.000000	97.878	-135.2159
2500.000000	98.058	-135.7487
2540.000000	98.286	-136.6103
2580.000000	98.495	-137.6443
2620.000000	98.678	-138.8515
2650.000000	98.795	-139.8618
2690.000000	98.915	-141.2833
2720.000000	98.974	-142.3716
2760.000000	99.021	-143.7699
2800.000000	99.028	-145.0287
2850.000000	99.013	-146.3388
2900.000000	98.996	-147.4146
2950.000000	98.985	-148.4149
3000.000000	98.970	-149.3889
3040.000000	98.953	-150.2216
3070.000000	98.929	-150.8218
3110.000000	98.887	-151.6337
3150.000000	98.834	-152.3868
3200.000000	98.745	-153.2617
3250.000000	98.644	-154.0070
3300.000000	98.533	-154.6358
3350.000000	98.411	-155.1614
3400.000000	98.283	-155.5582
3450.000000	98.151	-155.8556
3500.000000	98.014	-155.9952
3550.000000	97.877	-156.0246
3600.000000	97.745	-155.9107
3650.000000	97.613	-155.6644
3700.000000	97.495	-155.2948
3750.000000	97.385	-154.8499
3820.000000	97.257	-154.0308
3870.000000	97.186	-153.3853
3950.000000	97.110	-152.2778
4000.000000	97.085	-151.6114
4060.000000	97.075	-150.8982
4120.000000	97.074	-150.2936
4180.000000	97.072	-149.7638
4250.000000	97.069	-149.1702
4310.000000	97.065	-148.7099
4370.000000	97.061	-148.1857
4440.000000	97.062	-147.6233
4500.000000	97.065	-147.0986
4550.000000	97.073	-146.6762
4620.000000	97.096	-146.0628
4680.000000	97.119	-145.5318
4750.000000	97.159	-144.9434
4820.000000	97.209	-144.4352
4870.000000	97.251	-144.0692
4940.000000	97.315	-143.6580
5000.000000	97.375	-143.3392
5080.000000	97.463	-143.0177
5150.000000	97.536	-142.8096
5220.000000	97.618	-142.6991
5300.000000	97.696	-142.6741
5380.000000	97.777	-142.6899
5450.000000	97.840	-142.7517
5520.000000	97.895	-142.8284
5600.000000	97.952	-142.9225
5700.000000	98.025	-142.9635
5800.000000	98.108	-142.8918
5900.000000	98.231	-142.7753
6000.000000	98.405	-142.7323
6080.000000	98.593	-142.8671
6150.000000	98.785	-143.2800
6220.000000	98.994	-144.0473
6300.000000	99.234	-145.5134
6400.000000	99.462	-148.2060
6500.000000	99.528	-151.6183
6600.000000	99.391	-155.0362
6700.000000	99.078	-157.7124
6800.000000	98.684	-159.1984
6900.000000	98.307	-159.5334
7000.000000	98.019	-158.9184
7100.000000	97.864	-157.7549
7200.000000	97.853	-156.4250
7300.000000	97.983	-155.3336
7400.000000	98.213	-154.6195
7500.000000	98.592	-154.3383
7620.000000	99.144	-155.6073
7750.000000	99.777	-158.9282
7880.000000	100.323	-164.7457
8000.000000	100.553	-172.1481
8120.000000	100.344	179.5358
8250.000000	99.636	171.4032
8380.000000	98.621	165.4325
8500.000000	97.571	161.7102
8620.000000	96.447	159.6071
8750.000000	95.173	159.7254
8850.000000	94.422	162.1826
9000.000000	93.882	163.7973
9120.000000	93.188	163.6294
9250.000000	92.312	165.3202
9380.000000	91.547	168.5246
9500.000000	91.007	172.2267
9620.000000	90.611	176.1673
9750.000000	90.348	-179.2698
9880.000000	90.255	-174.5863
10000.000000	90.348	-170.2900
10150.000000	90.739	-165.6166
10300.000000	91.465	-162.2891
10440.000000	92.378	-161.7144
10600.000000	93.449	-164.7928
10750.000000	94.092	-171.2653
10900.000000	94.269	-178.5515
11060.000000	94.105	174.5761
11200.000000	93.834	169.5316
11380.000000	93.463	163.6597
11500.000000	93.201	159.9140
11720.000000	92.648	153.1767
11800.000000	92.424	150.7486
12060.000000	91.556	143.3490
12200.000000	90.994	140.0835
12410.000000	90.163	137.1068
12500.000000	89.862	136.3842
12650.000000	89.488	135.8866
12800.000000	89.247	135.6196
13150.000000	89.357	136.7985
13200.000000	89.502	137.1588
13400.000000	90.481	137.1703
13600.000000	92.019	133.1608
13800.000000	93.603	122.6158
14000.000000	94.420	107.2046
14300.000000	94.306	88.2817
14500.000000	94.428	79.8580
14750.000000	95.404	68.3763
15000.000000	96.910	50.4153
15250.000000	98.363	23.2285
15500.000000	98.393	-13.6016
15750.000000	96.292	-47.3920
16000.000000	93.736	-71.6494
16250.000000	91.691	-91.0785
16500.000000	90.299	-109.4773
16750.000000	89.526	-129.4601
17000.000000	89.280	-152.5934
17250.000000	89.438	179.7962
17500.000000	89.868	146.8670
17750.000000	90.265	107.8859
18000.000000	90.363	63.5488
18250.000000	90.022	15.7109
18500.000000	89.413	-34.5070
18750.000000	88.666	-88.7313
19000.000000	87.693	-149.3795
19250.000000	85.976	142.9895
19500.000000	83.470	71.3984
19750.000000	81.159	-8.2909
