* Measurement data measured by REW V5.20
* Source: USB-C to 3.5mm Headphone Jack Adapter, USB-C to 3.5mm Headphone Jack Adapter, 0, volume: 0.138. Timing signal peak level -13.1 dBFS, measurement signal peak level -9.2 dBFS
* Format: 256k Log Swept Sine, 1 sweep at -12.0 dBFS using an acoustic timing reference
* Dated: Jan 15, 2024 9:05:18 PM
* REW Settings:
*  C-weighting compensation: Off
*  Target level: 75.0 dB
* Note: Delay -0.0766 ms (-26 mm, -1.03 in) using estimated IR delay relative to Acoustic reference on USB-C to 3.5mm Headphone Jack Adapter L with no timing offset
* Measurement: L
* Smoothing: None
* Frequency Step: 1/48 octave
* Start Frequency: 20.300 Hz
*
* Freq(Hz)	SPL(dB)	Phase(degrees)
20.299999	107.598251	166.3850
20.600000	107.555267	165.7793
20.900000	107.504692	165.2855
21.200001	107.454094	164.8194
21.400000	107.421371	164.5046
21.799999	107.356102	163.8319
22.000000	107.322205	163.4689
22.400000	107.250443	162.7029
22.700001	107.194702	162.1165
23.000000	107.140854	161.5373
23.299999	107.092308	160.9731
23.600000	107.050911	160.4254
24.000000	107.005219	159.7260
24.299999	106.974289	159.2408
24.700001	106.932007	158.6808
25.000000	106.897850	158.3417
25.400000	106.849350	157.9852
25.799999	106.797928	157.6730
26.200001	106.741035	157.3197
26.500000	106.692383	156.9973
26.900000	106.619850	156.4994
27.200001	106.563492	156.0990
27.600000	106.496162	155.5634
28.000000	106.446945	155.0302
28.500000	106.410728	154.3303
29.000000	106.378090	153.5800
29.500000	106.321243	152.8592
30.000000	106.234535	152.2805
30.400000	106.155586	151.9307
30.700001	106.098755	151.7013
31.100000	106.031418	151.3846
31.500000	105.973213	151.0155
32.000000	105.906525	150.4903
32.500000	105.840118	149.9625
33.000000	105.771935	149.4909
33.500000	105.702415	149.0753
34.000000	105.632050	148.6804
34.500000	105.562164	148.2774
35.000000	105.494614	147.8586
35.500000	105.429726	147.4350
36.000000	105.365593	147.0304
36.500000	105.300667	146.6635
37.000000	105.235435	146.3252
37.500000	105.170387	145.9816
38.200001	105.075470	145.4625
38.700001	105.003540	145.1130
39.500000	104.896530	144.6802
40.000000	104.840561	144.4054
40.599998	104.768654	143.9582
41.200001	104.678024	143.4878
41.799999	104.591415	143.1762
42.500000	104.531555	142.9185
43.099998	104.477150	142.5852
43.700001	104.363091	142.3190
44.400002	104.198196	142.4400
45.000000	104.119720	142.5819
45.500000	104.099930	142.3193
46.200001	104.062836	141.4664
46.799999	103.993500	140.9104
47.500000	103.920578	140.8247
48.200001	103.883537	140.8594
48.700001	103.856407	140.6972
49.400002	103.797607	140.3120
50.000000	103.749344	140.0671
50.799999	103.721802	139.8357
51.500000	103.678566	139.3635
52.200001	103.538208	138.7563
53.000000	103.347580	138.5502
53.799999	103.315147	138.4733
54.500000	103.349525	137.9031
55.200001	103.312538	137.3525
56.000000	103.217514	137.2507
57.000000	103.115219	137.0219
58.000000	103.007942	136.5196
59.000000	102.927086	136.1956
60.000000	102.836380	135.9656
60.799999	102.759674	135.7866
61.500000	102.698517	135.5652
62.200001	102.639694	135.3390
63.000000	102.573227	135.1346
64.000000	102.488304	134.9212
65.000000	102.402145	134.6716
66.000000	102.314552	134.4297
67.000000	102.236862	134.2127
68.000000	102.159004	133.9787
69.000000	102.082741	133.7986
70.000000	102.009422	133.5977
71.000000	101.931877	133.3973
72.000000	101.856239	133.2259
73.000000	101.783012	133.0656
74.000000	101.709969	132.9161
75.000000	101.646004	132.7982
76.199997	101.575531	132.5430
77.500000	101.483139	132.2951
78.800003	101.407776	132.0860
80.000000	101.327805	131.9001
81.199997	101.256248	131.7009
82.500000	101.171768	131.4954
83.800003	101.099678	131.3571
85.000000	101.028198	131.1524
86.199997	100.954475	130.9935
87.500000	100.876503	130.8643
88.500000	100.823837	130.7689
90.000000	100.746170	130.5735
91.199997	100.686523	130.4452
92.500000	100.624100	130.2808
93.800003	100.559250	130.1452
95.000000	100.498657	130.0265
96.199997	100.443504	129.8715
97.500000	100.379227	129.6565
98.800003	100.318985	129.5010
100.000000	100.264717	129.3585
101.500000	100.195084	129.2374
103.000000	100.124374	129.0352
104.400002	100.055565	128.8755
106.000000	99.987526	128.7363
107.500000	99.927872	128.6317
109.000000	99.860405	128.4743
110.599998	99.795120	128.3184
112.000000	99.739990	128.1802
113.800003	99.667885	128.0420
115.000000	99.617607	127.9221
117.199997	99.532166	127.7350
118.000000	99.500000	127.7273
120.599998	99.388168	127.3698
122.000000	99.362030	127.3825
124.099998	99.280609	127.2623
125.000000	99.250755	127.2028
126.500000	99.202667	127.1859
128.000000	99.152435	127.1235
131.500000	99.068092	126.9685
132.000000	99.056480	126.9226
134.000000	99.013298	126.7568
136.000000	98.966866	126.5277
138.000000	98.907013	126.3881
140.000000	98.858437	126.1759
143.000000	98.782272	125.8936
145.000000	98.728333	125.7768
147.500000	98.661667	125.5399
150.000000	98.603302	125.3586
152.500000	98.543175	125.1429
155.000000	98.482559	124.9909
157.500000	98.421181	124.8154
160.000000	98.364899	124.6467
162.500000	98.313133	124.5071
165.000000	98.259308	124.3650
167.500000	98.211205	124.2455
170.000000	98.164261	124.0805
172.500000	98.117661	123.9469
175.000000	98.079453	123.8100
177.500000	98.035370	123.6405
180.000000	98.001106	123.6541
182.500000	97.947449	123.3535
185.000000	97.910782	123.2230
187.500000	97.868484	123.1325
190.000000	97.834099	123.0512
192.500000	97.797714	122.9656
195.000000	97.768021	122.9650
197.500000	97.754570	122.8830
200.000000	97.740829	122.8085
203.000000	97.736382	122.6484
206.000000	97.729233	122.3552
209.000000	97.715508	121.9818
212.000000	97.685661	121.7200
214.000000	97.661827	121.5292
218.000000	97.623039	121.1794
220.000000	97.607628	121.0535
224.000000	97.563644	120.7422
227.000000	97.534302	120.5241
230.000000	97.512428	120.3282
233.000000	97.488220	120.1221
236.000000	97.465057	119.9103
240.000000	97.428825	119.8020
243.000000	97.422081	119.4704
247.000000	97.393677	119.2119
250.000000	97.379097	119.0188
254.000000	97.356392	118.7723
258.000000	97.334145	118.5240
262.000000	97.313812	118.2873
265.000000	97.304245	118.1047
269.000000	97.286652	117.9159
272.000000	97.276505	117.7491
276.000000	97.263092	117.5237
280.000000	97.262802	117.3129
285.000000	97.263557	117.0585
290.000000	97.272049	116.7181
295.000000	97.270096	116.3654
300.000000	97.270538	115.9388
304.000000	97.270523	115.6853
307.000000	97.273460	115.4619
311.000000	97.266663	115.1792
315.000000	97.263695	114.9634
320.000000	97.264908	114.5778
325.000000	97.267982	114.2494
330.000000	97.268532	113.9377
335.000000	97.274261	113.5922
340.000000	97.283203	113.2841
345.000000	97.293304	112.9377
350.000000	97.300873	112.5652
355.000000	97.309395	112.2309
360.000000	97.317657	111.8984
365.000000	97.326904	111.5454
370.000000	97.336884	111.2109
375.000000	97.347153	110.8897
382.000000	97.362915	110.4256
387.000000	97.373131	110.0905
395.000000	97.395103	109.5623
400.000000	97.407761	109.2426
406.000000	97.425453	108.8450
412.000000	97.441071	108.4469
418.000000	97.458824	108.0383
425.000000	97.477089	107.5869
431.000000	97.496277	107.1870
437.000000	97.512436	106.7992
444.000000	97.530220	106.3459
450.000000	97.549934	105.9551
455.000000	97.560822	105.6360
462.000000	97.580719	105.1913
468.000000	97.598198	104.8160
475.000000	97.618248	104.3768
482.000000	97.636375	103.9358
487.000000	97.650604	103.6241
494.000000	97.669022	103.1749
500.000000	97.686111	102.8178
508.000000	97.706116	102.3383
515.000000	97.722702	101.9180
522.000000	97.737885	101.4973
530.000000	97.754539	101.0344
538.000000	97.770348	100.5665
545.000000	97.780930	100.1709
552.000000	97.793015	99.7663
560.000000	97.810089	99.3054
570.000000	97.823715	98.7246
580.000000	97.833755	98.1535
590.000000	97.840225	97.5758
600.000000	97.843048	97.0142
608.000000	97.831512	96.5859
615.000000	97.823547	96.2402
622.000000	97.812134	95.9088
630.000000	97.792542	95.5554
640.000000	97.767700	95.1753
650.000000	97.740097	94.8498
660.000000	97.709305	94.5933
670.000000	97.686234	94.3742
680.000000	97.665916	94.2109
690.000000	97.644646	94.0821
700.000000	97.627701	93.9774
710.000000	97.610062	93.8887
720.000000	97.602036	93.8576
730.000000	97.586311	93.8152
740.000000	97.575729	93.8010
750.000000	97.566010	93.8257
762.000000	97.553482	93.8719
775.000000	97.544037	93.9656
788.000000	97.534393	94.0688
800.000000	97.532318	94.2145
812.000000	97.530800	94.3696
825.000000	97.531517	94.5844
838.000000	97.536850	94.8316
850.000000	97.545273	95.0568
862.000000	97.558014	95.3157
875.000000	97.574051	95.6214
885.000000	97.587769	95.8744
900.000000	97.615738	96.2348
912.000000	97.638306	96.5751
925.000000	97.667191	96.9378
938.000000	97.700302	97.3288
950.000000	97.736633	97.6882
962.000000	97.775909	98.0434
975.000000	97.823860	98.4152
988.000000	97.874756	98.8014
1000.000000	97.926743	99.1465
1015.000000	97.995712	99.5589
1030.000000	98.066895	99.9564
1044.000000	98.137878	100.3396
1060.000000	98.221718	100.7435
1075.000000	98.301987	101.0814
1090.000000	98.385483	101.3955
1106.000000	98.478088	101.7096
1120.000000	98.557907	101.9531
1138.000000	98.658684	102.2465
1150.000000	98.725876	102.4161
1172.000000	98.848793	102.6720
1180.000000	98.891716	102.7668
1206.000000	99.030777	103.0178
1220.000000	99.099518	103.1264
1241.000000	99.201843	103.2808
1250.000000	99.240807	103.3411
1265.000000	99.308548	103.4353
1280.000000	99.371346	103.5368
1315.000000	99.504753	103.7664
1320.000000	99.523949	103.8326
1340.000000	99.592522	103.9412
1360.000000	99.656410	104.1011
1380.000000	99.715973	104.2558
1400.000000	99.780624	104.4670
1430.000000	99.866745	104.8034
1450.000000	99.920959	105.0483
1475.000000	99.991859	105.3920
1500.000000	100.055763	105.7401
1525.000000	100.125259	106.1448
1550.000000	100.195686	106.5538
1575.000000	100.267693	106.9909
1600.000000	100.341263	107.4455
1625.000000	100.416176	107.9174
1650.000000	100.495857	108.3996
1675.000000	100.580032	108.8852
1700.000000	100.665352	109.3853
1725.000000	100.756691	109.8672
1750.000000	100.851463	110.3402
1775.000000	100.949883	110.7946
1800.000000	101.050598	111.2418
1825.000000	101.153030	111.6724
1850.000000	101.259857	112.0915
1875.000000	101.366867	112.4672
1900.000000	101.480919	112.8257
1925.000000	101.593735	113.1572
1950.000000	101.706589	113.4478
1975.000000	101.825089	113.7121
2000.000000	101.942162	113.9148
2030.000000	102.080399	114.1168
2060.000000	102.214951	114.2870
2090.000000	102.347641	114.4413
2120.000000	102.485153	114.5764
2140.000000	102.581177	114.6657
2180.000000	102.785774	114.7389
2200.000000	102.897141	114.6843
2240.000000	103.116669	114.2428
2270.000000	103.255791	113.6732
2300.000000	103.365700	113.0169
2330.000000	103.448311	112.3233
2360.000000	103.508240	111.6353
2400.000000	103.559372	110.7351
2430.000000	103.576096	110.0900
2470.000000	103.574265	109.3252
2500.000000	103.555130	108.7903
2540.000000	103.520905	108.1649
2580.000000	103.464897	107.6187
2620.000000	103.382515	107.1851
2650.000000	103.305908	107.0105
2690.000000	103.209145	107.0683
2720.000000	103.159050	107.2718
2760.000000	103.139420	107.5812
2800.000000	103.158058	107.6487
2850.000000	103.166595	107.2456
2900.000000	103.113838	106.6062
2950.000000	103.004944	106.0378
3000.000000	102.854607	105.6750
3040.000000	102.717636	105.5136
3070.000000	102.610542	105.4716
3110.000000	102.459808	105.5142
3150.000000	102.300980	105.6592
3200.000000	102.086266	105.9930
3250.000000	101.857346	106.4762
3300.000000	101.610329	107.1752
3350.000000	101.333015	108.2493
3400.000000	101.050034	109.8216
3450.000000	100.795448	111.9880
3500.000000	100.591003	114.7132
3550.000000	100.482788	118.0418
3600.000000	100.536041	121.6697
3650.000000	100.760231	124.9840
3700.000000	101.106270	127.5204
3750.000000	101.501617	129.0880
3820.000000	102.027985	129.9877
3870.000000	102.352798	129.9929
3950.000000	102.779793	129.3715
4000.000000	102.998535	128.7073
4060.000000	103.221413	127.7308
4120.000000	103.410316	126.5219
4180.000000	103.565598	125.0484
4250.000000	103.695877	122.8971
4310.000000	103.740692	120.6860
4370.000000	103.702370	118.1157
4440.000000	103.509567	114.8831
4500.000000	103.189034	112.1653
4550.000000	102.815071	110.1821
4620.000000	102.141754	108.3489
4680.000000	101.486717	107.9348
4750.000000	100.726883	108.9894
4820.000000	100.084961	111.4050
4870.000000	99.731781	113.6488
4940.000000	99.384033	116.8938
5000.000000	99.189438	119.4877
5080.000000	98.998947	122.5024
5150.000000	98.850716	124.7545
5220.000000	98.695168	126.8484
5300.000000	98.505684	129.1524
5380.000000	98.295387	131.5389
5450.000000	98.102486	133.6593
5520.000000	97.902237	135.9518
5600.000000	97.684708	138.7660
5700.000000	97.440033	142.5938
5800.000000	97.236984	146.7109
5900.000000	97.108749	151.0957
6000.000000	97.059418	155.6512
6080.000000	97.087715	159.3025
6150.000000	97.160004	162.4567
6220.000000	97.272202	165.4824
6300.000000	97.439728	168.7504
6400.000000	97.713470	172.4834
6500.000000	98.006172	175.7841
6600.000000	98.295647	178.8553
6700.000000	98.594971	-177.8286
6800.000000	99.086693	-174.2802
6900.000000	99.707825	-172.6206
7000.000000	100.154968	-171.9417
7100.000000	100.521255	-170.7748
7200.000000	100.984154	-169.9204
7300.000000	101.382683	-169.7803
7400.000000	101.700089	-169.6020
7500.000000	102.044106	-168.9966
7620.000000	102.589523	-168.9526
7750.000000	103.143295	-170.5293
7880.000000	103.518578	-173.1628
8000.000000	103.667328	-175.9847
8120.000000	103.632362	-178.5861
8250.000000	103.453094	179.3204
8380.000000	103.208954	178.1038
8500.000000	102.981354	177.5041
8620.000000	102.771187	177.1391
8750.000000	102.577942	176.5900
8850.000000	102.373901	175.8320
9000.000000	101.997482	174.7251
9120.000000	101.606766	173.5795
9250.000000	101.037888	172.3029
9380.000000	100.319725	171.3743
9500.000000	99.493500	171.1185
9620.000000	98.572479	171.8296
9750.000000	97.510468	173.8361
9880.000000	96.451752	177.0090
10000.000000	95.504654	-179.0347
10150.000000	94.407166	-173.0704
10300.000000	93.421387	-166.2336
10440.000000	92.608505	-159.2458
10600.000000	91.822922	-150.8316
10750.000000	91.205261	-142.6830
10900.000000	90.679626	-134.5047
11060.000000	90.266739	-125.6356
11200.000000	89.973557	-117.9791
11380.000000	89.719521	-108.4730
11500.000000	89.591743	-101.9581
11720.000000	89.666481	-90.3229
11800.000000	89.749344	-86.2969
12060.000000	90.222183	-74.7374
12200.000000	90.569969	-69.1189
12410.000000	91.298058	-61.5719
12500.000000	91.687508	-58.8373
12650.000000	92.419388	-55.3718
12800.000000	93.207367	-53.2214
13150.000000	94.917419	-53.0013
13200.000000	95.125977	-53.3790
13400.000000	96.013504	-55.4366
13600.000000	96.882294	-58.8166
13800.000000	97.724747	-64.0798
14000.000000	98.403549	-71.4350
14300.000000	98.810585	-84.7050
14500.000000	98.692619	-93.0959
14750.000000	98.370941	-101.5028
15000.000000	98.229294	-107.6651
15250.000000	98.652802	-114.0287
15500.000000	99.740036	-123.6361
15750.000000	101.266769	-142.1236
16000.000000	101.515320	-173.0885
16250.000000	99.549683	160.4172
16500.000000	98.018829	142.0701
16750.000000	97.102478	118.8253
17000.000000	95.500610	90.0185
17250.000000	93.110329	61.5970
17500.000000	90.533798	35.3030
17750.000000	88.333168	9.2047
18000.000000	86.684753	-18.7674
18250.000000	85.662460	-51.2668
18500.000000	85.265976	-89.1761
18750.000000	85.523460	-133.8600
19000.000000	86.239655	171.8164
19250.000000	86.880875	105.6652
19500.000000	86.655106	26.0949
19750.000000	84.977005	-65.8962
