* Measurement data measured by REW V5.20
* Source: USB-C to 3.5mm Headphone Jack Adapter, USB-C to 3.5mm Headphone Jack Adapter, 0, volume: 0.138
* Format: 256k Log Swept Sine, 1 sweep at -12.0 dBFS with no timing reference
* Dated: Feb 5, 2024 7:04:33 PM
* REW Settings:
*  C-weighting compensation: Off
*  Target level: 75.0 dB
* Note: 
* Measurement: L
* Smoothing: None
* Frequency Step: 1/48 octave
* Start Frequency: 20.300 Hz
*
* Freq(Hz)	SPL(dB)	Phase(degrees)
20.299999	104.198074	-169.1194
20.600000	104.202026	-169.9377
20.900000	104.195503	-170.6869
21.200001	104.184174	-171.3690
21.400000	104.177399	-171.7587
21.799999	104.176712	-172.3687
22.000000	104.186523	-172.6075
22.400000	104.226715	-173.0429
22.700001	104.266785	-173.4321
23.000000	104.302620	-173.9339
23.299999	104.322350	-174.5588
23.600000	104.318359	-175.2761
24.000000	104.276154	-176.2762
24.299999	104.227081	-176.9894
24.700001	104.159698	-177.8381
25.000000	104.120598	-178.4055
25.400000	104.091583	-179.1125
25.799999	104.083221	-179.8091
26.200001	104.080513	179.4985
26.500000	104.073792	178.9998
26.900000	104.053757	178.3896
27.200001	104.031311	177.9799
27.600000	103.997841	177.4775
28.000000	103.968079	176.9793
28.500000	103.943741	176.2769
29.000000	103.930000	175.4421
29.500000	103.914452	174.5361
30.000000	103.887459	173.7029
30.400000	103.859009	173.1603
30.700001	103.836975	172.8275
31.100000	103.810074	172.4442
31.500000	103.786438	172.0649
32.000000	103.757103	171.5202
32.500000	103.723381	170.8841
33.000000	103.687012	170.2038
33.500000	103.653412	169.5246
34.000000	103.624687	168.8660
34.500000	103.597595	168.2338
35.000000	103.567245	167.6324
35.500000	103.531395	167.0628
36.000000	103.491524	166.5178
36.500000	103.451263	165.9843
37.000000	103.413567	165.4475
37.500000	103.378235	164.9013
38.200001	103.327415	164.1525
38.700001	103.289024	163.6625
39.500000	103.229713	162.9344
40.000000	103.193443	162.4567
40.599998	103.145332	161.8404
41.200001	103.092133	161.2196
41.799999	103.039078	160.6286
42.500000	102.981255	159.9819
43.099998	102.936745	159.4614
43.700001	102.899391	158.9420
44.400002	102.857338	158.2807
45.000000	102.809128	157.7080
45.500000	102.759712	157.3002
46.200001	102.690681	156.8485
46.799999	102.638748	156.4667
47.500000	102.577896	155.9324
48.200001	102.512466	155.3562
48.700001	102.467789	154.9590
49.400002	102.410507	154.4287
50.000000	102.361557	154.0003
50.799999	102.292107	153.4670
51.500000	102.228539	153.0002
52.200001	102.163132	152.5112
53.000000	102.088737	151.9620
53.799999	102.019753	151.4669
54.500000	101.964424	151.0582
55.200001	101.906471	150.6254
56.000000	101.828598	150.1251
57.000000	101.735641	149.5737
58.000000	101.655899	148.9825
59.000000	101.558205	148.4896
60.000000	101.477516	148.0749
60.799999	101.413132	147.5502
61.500000	101.340370	147.1022
62.200001	101.272560	146.7778
63.000000	101.208878	146.4177
64.000000	101.117165	145.9208
65.000000	101.024582	145.4760
66.000000	100.936707	144.9873
67.000000	100.843605	144.5667
68.000000	100.757553	144.1480
69.000000	100.664734	143.7127
70.000000	100.577118	143.3266
71.000000	100.485519	142.9084
72.000000	100.387230	142.5651
73.000000	100.300041	142.2190
74.000000	100.207619	141.8457
75.000000	100.114670	141.5284
76.199997	100.007263	141.1436
77.500000	99.892303	140.7423
78.800003	99.773331	140.3666
80.000000	99.661163	140.0381
81.199997	99.551979	139.7162
82.500000	99.436813	139.4047
83.800003	99.320328	139.1089
85.000000	99.212410	138.8202
86.199997	99.103821	138.5724
87.500000	98.984764	138.3190
88.500000	98.895988	138.1844
90.000000	98.765411	137.9745
91.199997	98.658966	137.7828
92.500000	98.545166	137.6333
93.800003	98.442062	137.5186
95.000000	98.351791	137.4259
96.199997	98.265930	137.2206
97.500000	98.161949	137.0887
98.800003	98.054588	136.7534
100.000000	97.951202	136.6595
101.500000	97.834358	136.5032
103.000000	97.706062	136.3565
104.400002	97.594696	136.2469
106.000000	97.471153	136.1497
107.500000	97.344345	136.0980
109.000000	97.234428	135.9921
110.599998	97.101425	135.9760
112.000000	96.990013	135.9766
113.800003	96.861115	135.9943
115.000000	96.766861	135.9553
117.199997	96.598045	136.0599
118.000000	96.534721	136.0583
120.599998	96.344116	135.7707
122.000000	96.255829	136.2157
124.099998	96.092522	136.2241
125.000000	96.035378	136.3165
126.500000	95.922386	136.4120
128.000000	95.830490	136.5073
131.500000	95.598541	136.7741
132.000000	95.562859	136.8500
134.000000	95.413101	136.8587
136.000000	95.242554	137.2597
138.000000	95.179153	137.7031
140.000000	95.059883	137.9913
143.000000	94.875648	138.3247
145.000000	94.765854	138.7198
147.500000	94.640503	138.9026
150.000000	94.484055	139.2913
152.500000	94.379356	139.8110
155.000000	94.220268	140.1755
157.500000	94.115097	140.8735
160.000000	93.970245	141.0247
162.500000	93.870750	141.5337
165.000000	93.779190	142.3379
167.500000	93.669609	142.8726
170.000000	93.605850	143.4107
172.500000	93.542969	143.7860
175.000000	93.463600	144.1930
177.500000	93.377464	144.5061
180.000000	93.258072	145.2460
182.500000	93.206169	145.2430
185.000000	93.135262	145.7419
187.500000	93.048416	146.1710
190.000000	92.979881	146.6352
192.500000	92.900238	147.1329
195.000000	92.841629	147.5555
197.500000	92.773994	147.9277
200.000000	92.709267	148.3925
203.000000	92.633690	148.9343
206.000000	92.557861	149.4716
209.000000	92.480522	149.9689
212.000000	92.417465	150.5423
214.000000	92.374306	150.9148
218.000000	92.300140	151.6254
220.000000	92.257301	152.0097
224.000000	92.189941	152.6646
227.000000	92.135277	153.2310
230.000000	92.093994	153.7271
233.000000	92.051376	154.3045
236.000000	92.001297	154.7097
240.000000	91.930298	155.3349
243.000000	91.904526	155.8724
247.000000	91.861465	156.4908
250.000000	91.827934	156.9596
254.000000	91.781761	157.5769
258.000000	91.749023	158.1778
262.000000	91.710175	158.7543
265.000000	91.684967	159.2132
269.000000	91.647064	159.7832
272.000000	91.619850	160.1802
276.000000	91.590126	160.7532
280.000000	91.574074	161.3250
285.000000	91.541779	161.9762
290.000000	91.518883	162.5891
295.000000	91.500290	163.1675
300.000000	91.473083	163.7696
304.000000	91.456039	164.2043
307.000000	91.445480	164.5309
311.000000	91.429596	164.9700
315.000000	91.413910	165.3678
320.000000	91.390579	165.9130
325.000000	91.375015	166.4346
330.000000	91.367165	166.9410
335.000000	91.346260	167.4349
340.000000	91.332993	167.9121
345.000000	91.320503	168.3489
350.000000	91.308556	168.8359
355.000000	91.296707	169.2483
360.000000	91.291176	169.6785
365.000000	91.278992	170.1187
370.000000	91.271385	170.5323
375.000000	91.263206	170.9536
382.000000	91.247032	171.5038
387.000000	91.237915	171.9117
395.000000	91.231140	172.5221
400.000000	91.224411	172.8817
406.000000	91.221741	173.3305
412.000000	91.210388	173.7375
418.000000	91.200684	174.1279
425.000000	91.197243	174.6298
431.000000	91.195305	175.0521
437.000000	91.189278	175.4390
444.000000	91.178024	175.9283
450.000000	91.172058	176.3004
455.000000	91.167557	176.6089
462.000000	91.166870	177.0482
468.000000	91.155960	177.4169
475.000000	91.161499	177.8161
482.000000	91.152031	178.3119
487.000000	91.148590	178.5887
494.000000	91.144440	178.9859
500.000000	91.135719	179.3331
508.000000	91.137917	179.7935
515.000000	91.135170	-179.8111
522.000000	91.127045	-179.4312
530.000000	91.127022	-178.9873
538.000000	91.119499	-178.5118
545.000000	91.116249	-178.1570
552.000000	91.116425	-177.8063
560.000000	91.109856	-177.3920
570.000000	91.112068	-176.8169
580.000000	91.107925	-176.3502
590.000000	91.107658	-175.8452
600.000000	91.109787	-175.4000
608.000000	91.099983	-174.9833
615.000000	91.094131	-174.6509
622.000000	91.089462	-174.3204
630.000000	91.085724	-173.9296
640.000000	91.076950	-173.4802
650.000000	91.068909	-172.9989
660.000000	91.056267	-172.5330
670.000000	91.031906	-172.0389
680.000000	91.020439	-171.5248
690.000000	91.003090	-170.9906
700.000000	90.990234	-170.4460
710.000000	90.976112	-169.9069
720.000000	90.956413	-169.2696
730.000000	90.943001	-168.6978
740.000000	90.933624	-168.1021
750.000000	90.919144	-167.4641
762.000000	90.914230	-166.6730
775.000000	90.907455	-165.7982
788.000000	90.904587	-164.9249
800.000000	90.908577	-164.0847
812.000000	90.916283	-163.2144
825.000000	90.932121	-162.2638
838.000000	90.951195	-161.3802
850.000000	90.978180	-160.4836
862.000000	91.004059	-159.6071
875.000000	91.045227	-158.6365
885.000000	91.079750	-157.8981
900.000000	91.131813	-156.8985
912.000000	91.181686	-155.9827
925.000000	91.244614	-155.0765
938.000000	91.308601	-154.1914
950.000000	91.376076	-153.3482
962.000000	91.447556	-152.5822
975.000000	91.526726	-151.7293
988.000000	91.613968	-150.9090
1000.000000	91.698639	-150.1564
1015.000000	91.807709	-149.2826
1030.000000	91.924126	-148.4856
1044.000000	92.033791	-147.7477
1060.000000	92.163696	-146.9618
1075.000000	92.292702	-146.2784
1090.000000	92.417412	-145.6716
1106.000000	92.552643	-145.0432
1120.000000	92.674675	-144.5579
1138.000000	92.833389	-144.0078
1150.000000	92.931999	-143.6499
1172.000000	93.112213	-143.0871
1180.000000	93.177597	-142.9293
1206.000000	93.383636	-142.4360
1220.000000	93.487305	-142.1735
1241.000000	93.644684	-141.8713
1250.000000	93.705765	-141.7479
1265.000000	93.807297	-141.5393
1280.000000	93.907410	-141.3648
1315.000000	94.125809	-141.0064
1320.000000	94.156334	-140.9466
1340.000000	94.267380	-140.7879
1360.000000	94.374344	-140.5984
1380.000000	94.478790	-140.3985
1400.000000	94.578873	-140.2177
1430.000000	94.722832	-139.9084
1450.000000	94.812187	-139.7054
1475.000000	94.922562	-139.4301
1500.000000	95.031235	-139.0983
1525.000000	95.135529	-138.8271
1550.000000	95.243637	-138.5051
1575.000000	95.348465	-138.1578
1600.000000	95.451279	-137.8101
1625.000000	95.560402	-137.4282
1650.000000	95.667526	-137.0915
1675.000000	95.775040	-136.7182
1700.000000	95.887627	-136.3574
1725.000000	96.001534	-136.0038
1750.000000	96.116234	-135.6292
1775.000000	96.234444	-135.2950
1800.000000	96.355118	-134.9521
1825.000000	96.473785	-134.6344
1850.000000	96.597504	-134.3372
1875.000000	96.725739	-134.0475
1900.000000	96.851898	-133.8073
1925.000000	96.985138	-133.6045
1950.000000	97.111160	-133.4370
1975.000000	97.235413	-133.3459
2000.000000	97.353500	-133.2581
2030.000000	97.480644	-133.1758
2060.000000	97.599442	-133.0710
2090.000000	97.708923	-132.9111
2120.000000	97.819847	-132.6548
2140.000000	97.897278	-132.4415
2180.000000	98.068695	-132.0319
2200.000000	98.161087	-131.8137
2240.000000	98.354218	-131.4325
2270.000000	98.506577	-131.1976
2300.000000	98.669083	-130.9856
2330.000000	98.833107	-130.8595
2360.000000	99.001671	-130.7819
2400.000000	99.229507	-130.8042
2430.000000	99.399796	-130.9096
2470.000000	99.619804	-131.1494
2500.000000	99.784943	-131.4329
2540.000000	99.983574	-131.8777
2580.000000	100.175148	-132.4053
2620.000000	100.347771	-132.9954
2650.000000	100.466095	-133.4364
2690.000000	100.617805	-133.9840
2720.000000	100.735031	-134.3288
2760.000000	100.908768	-134.8194
2800.000000	101.119987	-135.5067
2850.000000	101.380455	-136.9780
2900.000000	101.562485	-139.0255
2950.000000	101.633461	-141.1866
3000.000000	101.621323	-143.1619
3040.000000	101.573044	-144.5202
3070.000000	101.525078	-145.3973
3110.000000	101.448517	-146.4636
3150.000000	101.364037	-147.3904
3200.000000	101.253624	-148.4130
3250.000000	101.133331	-149.2828
3300.000000	101.000687	-150.0042
3350.000000	100.864349	-150.5597
3400.000000	100.725182	-151.0117
3450.000000	100.585205	-151.3274
3500.000000	100.444778	-151.5178
3550.000000	100.306160	-151.5975
3600.000000	100.169281	-151.5737
3650.000000	100.038986	-151.3771
3700.000000	99.928444	-151.1232
3750.000000	99.829666	-150.8038
3820.000000	99.711555	-150.3864
3870.000000	99.629951	-150.0779
3950.000000	99.499588	-149.4967
4000.000000	99.425491	-149.0824
4060.000000	99.352219	-148.4773
4120.000000	99.291733	-147.8333
4180.000000	99.248810	-147.1588
4250.000000	99.219086	-146.3288
4310.000000	99.219917	-145.6029
4370.000000	99.249069	-144.9380
4440.000000	99.310791	-144.2771
4500.000000	99.380463	-143.8726
4550.000000	99.446716	-143.6475
4620.000000	99.544312	-143.4960
4680.000000	99.631264	-143.5113
4750.000000	99.729584	-143.6555
4820.000000	99.826012	-143.9018
4870.000000	99.892731	-144.1640
4940.000000	99.982391	-144.6134
5000.000000	100.059372	-145.0728
5080.000000	100.155693	-145.8170
5150.000000	100.231995	-146.5858
5220.000000	100.296188	-147.4544
5300.000000	100.354057	-148.5108
5380.000000	100.398453	-149.5932
5450.000000	100.428352	-150.5622
5520.000000	100.453445	-151.4895
5600.000000	100.487366	-152.5617
5700.000000	100.542030	-153.9455
5800.000000	100.619705	-155.5965
5900.000000	100.691795	-157.7423
6000.000000	100.701065	-160.5270
6080.000000	100.602425	-163.0912
6150.000000	100.408913	-165.3035
6220.000000	100.123489	-167.1744
6300.000000	99.713417	-168.6014
6400.000000	99.164276	-169.0959
6500.000000	98.658897	-168.3689
6600.000000	98.263519	-166.6836
6700.000000	97.995880	-164.5103
6800.000000	97.860359	-162.0247
6900.000000	97.837196	-159.5139
7000.000000	97.928093	-157.0471
7100.000000	98.120560	-154.7552
7200.000000	98.414429	-152.7631
7300.000000	98.804527	-151.2838
7400.000000	99.291878	-150.4517
7500.000000	99.864937	-150.4860
7620.000000	100.611137	-152.2183
7750.000000	101.389565	-156.3637
7880.000000	101.964172	-163.6411
8000.000000	102.002441	-172.3072
8120.000000	101.469498	179.3423
8250.000000	100.394630	172.6212
8380.000000	99.099121	169.8367
8500.000000	98.226181	170.8868
8620.000000	97.875725	169.2634
8750.000000	96.834923	166.2626
8850.000000	95.927032	166.2362
9000.000000	94.742180	168.1423
9120.000000	93.950981	170.4400
9250.000000	93.227829	173.3478
9380.000000	92.634018	176.4286
9500.000000	92.187759	179.2285
9620.000000	91.849419	-177.9839
9750.000000	91.604004	-175.5704
9880.000000	91.387238	-172.8875
10000.000000	91.294037	-171.1080
10150.000000	91.265434	-169.6562
10300.000000	91.319832	-168.8463
10440.000000	91.410141	-169.0961
10600.000000	91.564873	-170.2940
10750.000000	91.690125	-172.4127
10900.000000	91.783943	-175.3260
11060.000000	91.838524	-179.2488
11200.000000	91.796600	176.9343
11380.000000	91.639671	171.7482
11500.000000	91.453484	168.5057
11720.000000	91.011993	163.4462
11800.000000	90.845047	162.0054
12060.000000	90.422462	158.8048
12200.000000	90.313324	157.8864
12410.000000	90.347000	156.8216
12500.000000	90.445992	156.2262
12650.000000	90.690041	155.3366
12800.000000	91.049835	153.9936
13150.000000	92.151665	148.1393
13200.000000	92.324692	146.9471
13400.000000	93.016418	141.1747
13600.000000	93.660484	133.6614
13800.000000	94.144455	124.6497
14000.000000	94.414459	114.4380
14300.000000	94.467873	98.4581
14500.000000	94.363930	87.1193
14750.000000	94.014877	71.7844
15000.000000	93.349289	55.5146
15250.000000	92.392334	39.4052
15500.000000	91.363007	24.4711
15750.000000	90.543503	9.8300
16000.000000	90.174866	-6.4757
16250.000000	90.261688	-27.0298
16500.000000	90.469543	-53.5400
16750.000000	90.496017	-84.8619
17000.000000	90.471069	-119.4753
17250.000000	90.425362	-157.6429
17500.000000	90.087982	160.7819
17750.000000	89.339661	118.3369
18000.000000	88.366776	75.8608
18250.000000	87.294060	32.8919
18500.000000	86.050385	-12.4279
18750.000000	84.487320	-60.3596
19000.000000	82.523987	-111.2278
19250.000000	80.259125	-164.2471
19500.000000	78.237732	137.0803
19750.000000	76.558449	70.3181
