* Measurement data measured by REW V5.31.3
* Source: USB-C to 3.5mm Headphone Jack Adapter, USB-C to 3.5mm Headphone Jack Adapter, 0, volume: 0.138
* Format: 256k Log Swept Sine, 1 sweep at -12.0 dBFS with no timing reference
* Dated: Sep 20, 2025 4:41:18 PM
* REW Settings:
*  C-weighting compensation: Off
*  Target level: 75.0 dB
* Note: ; 
* Measurement: 0 ohm R
* Smoothing: None
* Frequency Step: 1/48 octave
* Start Frequency: 20.300 Hz
*
* Freq(Hz)	SPL(dB)	Phase(degrees)
20.299999	103.810	-165.4939
20.600000	103.799	-166.1228
20.900000	103.782	-166.6638
21.200001	103.768	-167.1836
21.400000	103.763	-167.5273
21.799999	103.763	-168.2292
22.000000	103.767	-168.5938
22.400000	103.777	-169.3509
22.700001	103.783	-169.9325
23.000000	103.784	-170.5091
23.299999	103.778	-171.0649
23.600000	103.766	-171.5890
24.000000	103.746	-172.2362
24.299999	103.731	-172.6947
24.700001	103.716	-173.2967
25.000000	103.708	-173.7568
25.400000	103.701	-174.3898
25.799999	103.696	-175.0341
26.200001	103.689	-175.6676
26.500000	103.682	-176.1251
26.900000	103.669	-176.7085
27.200001	103.657	-177.1292
27.600000	103.636	-177.6755
28.000000	103.612	-178.2101
28.500000	103.579	-178.8604
29.000000	103.549	-179.4868
29.500000	103.525	179.9054
30.000000	103.508	179.3037
30.400000	103.495	178.8236
30.700001	103.483	178.4674
31.100000	103.464	178.0031
31.500000	103.441	177.5530
32.000000	103.412	177.0000
32.500000	103.382	176.4386
33.000000	103.351	175.8640
33.500000	103.319	175.2966
34.000000	103.286	174.7611
34.500000	103.255	174.2572
35.000000	103.225	173.7620
35.500000	103.192	173.2601
36.000000	103.154	172.7620
36.500000	103.112	172.2892
37.000000	103.070	171.8497
37.500000	103.032	171.4314
38.200001	102.985	170.8437
38.700001	102.952	170.4082
39.500000	102.894	169.7043
40.000000	102.853	169.2858
40.599998	102.804	168.8131
41.200001	102.757	168.3493
41.799999	102.711	167.8797
42.500000	102.657	167.3446
43.099998	102.613	166.9028
43.700001	102.570	166.4508
44.400002	102.515	165.9078
45.000000	102.465	165.4650
45.500000	102.426	165.1227
46.200001	102.379	164.6675
46.799999	102.340	164.2972
47.500000	102.292	163.9017
48.200001	102.235	163.5267
48.700001	102.189	163.2591
49.400002	102.120	162.8955
50.000000	102.063	162.5888
50.799999	101.990	162.1446
51.500000	101.924	161.7436
52.200001	101.863	161.3713
53.000000	101.811	160.9312
53.799999	101.758	160.5009
54.500000	101.699	160.2605
55.200001	101.634	160.1160
56.000000	101.546	159.8787
57.000000	101.425	159.4190
58.000000	101.333	158.8683
59.000000	101.253	158.3806
60.000000	101.163	158.1412
60.799999	101.092	157.9566
61.500000	101.027	157.7005
62.200001	100.959	157.4189
63.000000	100.887	157.1562
64.000000	100.808	156.8886
65.000000	100.717	156.6439
66.000000	100.620	156.4388
67.000000	100.526	156.2022
68.000000	100.433	155.9902
69.000000	100.345	155.7973
70.000000	100.251	155.5984
71.000000	100.156	155.4543
72.000000	100.069	155.3270
73.000000	99.981	155.1816
74.000000	99.889	155.0582
75.000000	99.797	154.9624
76.199997	99.691	154.8970
77.500000	99.574	154.7419
78.800003	99.452	154.7144
80.000000	99.358	154.6784
81.199997	99.249	154.6699
82.500000	99.137	154.6577
83.800003	99.025	154.6786
85.000000	98.926	154.7411
86.199997	98.827	154.8142
87.500000	98.718	154.8970
88.500000	98.635	154.9731
90.000000	98.519	155.1216
91.199997	98.423	155.2647
92.500000	98.322	155.4399
93.800003	98.224	155.6152
95.000000	98.135	155.7984
96.199997	98.045	155.9990
97.500000	97.951	156.2275
98.800003	97.860	156.4791
100.000000	97.777	156.7188
101.500000	97.676	157.0395
103.000000	97.580	157.3788
104.400002	97.491	157.7155
106.000000	97.393	158.1095
107.500000	97.304	158.5053
109.000000	97.218	158.9052
110.599998	97.131	159.3494
112.000000	97.058	159.7693
113.800003	96.966	160.2817
115.000000	96.909	160.6573
117.199997	96.809	161.3162
118.000000	96.776	161.5303
120.599998	96.679	162.4442
122.000000	96.607	162.8484
124.099998	96.538	163.5439
125.000000	96.510	163.8493
126.500000	96.460	164.3292
128.000000	96.418	164.8208
131.500000	96.326	165.9947
132.000000	96.313	166.1632
134.000000	96.269	166.8201
136.000000	96.229	167.4846
138.000000	96.192	168.1516
140.000000	96.161	168.7663
143.000000	96.122	169.7268
145.000000	96.101	170.3542
147.500000	96.079	171.1063
150.000000	96.067	171.8528
152.500000	96.056	172.6077
155.000000	96.053	173.2969
157.500000	96.049	173.9796
160.000000	96.055	174.6347
162.500000	96.062	175.2700
165.000000	96.073	175.8964
167.500000	96.084	176.5035
170.000000	96.098	177.0623
172.500000	96.116	177.6234
175.000000	96.135	178.1411
177.500000	96.157	178.6721
180.000000	96.179	179.1484
182.500000	96.207	179.6355
185.000000	96.235	-179.9269
187.500000	96.261	-179.5027
190.000000	96.291	-179.0841
192.500000	96.321	-178.7115
195.000000	96.348	-178.3401
197.500000	96.376	-177.9739
200.000000	96.406	-177.6376
203.000000	96.444	-177.2558
206.000000	96.477	-176.8850
209.000000	96.513	-176.5461
212.000000	96.548	-176.2167
214.000000	96.571	-176.0069
218.000000	96.615	-175.6000
220.000000	96.637	-175.4207
224.000000	96.681	-175.0579
227.000000	96.711	-174.8078
230.000000	96.741	-174.5596
233.000000	96.765	-174.3111
236.000000	96.792	-174.0572
240.000000	96.837	-173.7162
243.000000	96.844	-173.4519
247.000000	96.876	-172.9949
250.000000	96.913	-172.6387
254.000000	96.986	-172.2148
258.000000	97.067	-171.9734
262.000000	97.138	-171.8559
265.000000	97.179	-171.8288
269.000000	97.227	-171.7798
272.000000	97.256	-171.7545
276.000000	97.292	-171.6924
280.000000	97.324	-171.6168
285.000000	97.362	-171.5078
290.000000	97.397	-171.4112
295.000000	97.432	-171.3242
300.000000	97.466	-171.2276
304.000000	97.487	-171.1651
307.000000	97.504	-171.1150
311.000000	97.526	-171.0431
315.000000	97.547	-170.9706
320.000000	97.571	-170.8717
325.000000	97.596	-170.7975
330.000000	97.619	-170.7148
335.000000	97.641	-170.6277
340.000000	97.663	-170.5610
345.000000	97.684	-170.4917
350.000000	97.702	-170.4153
355.000000	97.718	-170.3621
360.000000	97.731	-170.2879
365.000000	97.747	-170.2259
370.000000	97.761	-170.1621
375.000000	97.775	-170.0860
382.000000	97.791	-169.9989
387.000000	97.803	-169.9186
395.000000	97.820	-169.8043
400.000000	97.827	-169.7367
406.000000	97.837	-169.6482
412.000000	97.846	-169.5599
418.000000	97.853	-169.4594
425.000000	97.866	-169.3450
431.000000	97.872	-169.2413
437.000000	97.878	-169.1607
444.000000	97.886	-169.0283
450.000000	97.890	-168.9377
455.000000	97.895	-168.8537
462.000000	97.902	-168.7286
468.000000	97.905	-168.6215
475.000000	97.907	-168.4780
482.000000	97.915	-168.3705
487.000000	97.914	-168.2666
494.000000	97.917	-168.1275
500.000000	97.920	-168.0016
508.000000	97.922	-167.8542
515.000000	97.922	-167.7153
522.000000	97.924	-167.5670
530.000000	97.922	-167.4041
538.000000	97.923	-167.2327
545.000000	97.922	-167.0905
552.000000	97.923	-166.9033
560.000000	97.920	-166.7220
570.000000	97.920	-166.4911
580.000000	97.918	-166.2484
590.000000	97.913	-165.9974
600.000000	97.906	-165.7572
608.000000	97.903	-165.5054
615.000000	97.901	-165.3055
622.000000	97.897	-165.0944
630.000000	97.895	-164.8668
640.000000	97.891	-164.5448
650.000000	97.889	-164.2251
660.000000	97.883	-163.9002
670.000000	97.886	-163.5823
680.000000	97.882	-163.2396
690.000000	97.880	-162.8865
700.000000	97.882	-162.5500
710.000000	97.884	-162.1705
720.000000	97.885	-161.7830
730.000000	97.887	-161.4176
740.000000	97.889	-161.0325
750.000000	97.895	-160.6532
762.000000	97.905	-160.1456
775.000000	97.913	-159.6288
788.000000	97.924	-159.0794
800.000000	97.936	-158.5509
812.000000	97.955	-158.0339
825.000000	97.976	-157.4603
838.000000	97.996	-156.8605
850.000000	98.022	-156.3108
862.000000	98.052	-155.7632
875.000000	98.085	-155.1862
885.000000	98.113	-154.6987
900.000000	98.157	-154.0174
912.000000	98.208	-153.4633
925.000000	98.257	-152.8880
938.000000	98.310	-152.3002
950.000000	98.367	-151.7809
962.000000	98.424	-151.2660
975.000000	98.490	-150.7212
988.000000	98.560	-150.2073
1000.000000	98.627	-149.7539
1015.000000	98.715	-149.2134
1030.000000	98.809	-148.7100
1044.000000	98.898	-148.2525
1060.000000	99.003	-147.8011
1075.000000	99.103	-147.4020
1090.000000	99.208	-147.0485
1106.000000	99.316	-146.7193
1120.000000	99.412	-146.4678
1138.000000	99.536	-146.2119
1150.000000	99.616	-146.0646
1172.000000	99.761	-145.8641
1180.000000	99.811	-145.8127
1206.000000	99.972	-145.7064
1220.000000	100.055	-145.6728
1241.000000	100.169	-145.6836
1250.000000	100.217	-145.6948
1265.000000	100.294	-145.7268
1280.000000	100.363	-145.7762
1315.000000	100.517	-145.9510
1320.000000	100.536	-145.9730
1340.000000	100.611	-146.0784
1360.000000	100.678	-146.1965
1380.000000	100.742	-146.3009
1400.000000	100.797	-146.3841
1430.000000	100.872	-146.4976
1450.000000	100.917	-146.5544
1475.000000	100.967	-146.6080
1500.000000	101.011	-146.6341
1525.000000	101.057	-146.6019
1550.000000	101.097	-146.5535
1575.000000	101.138	-146.4765
1600.000000	101.177	-146.3599
1625.000000	101.217	-146.2205
1650.000000	101.258	-146.0419
1675.000000	101.302	-145.8626
1700.000000	101.347	-145.6561
1725.000000	101.395	-145.4295
1750.000000	101.446	-145.1901
1775.000000	101.503	-144.9573
1800.000000	101.562	-144.6981
1825.000000	101.626	-144.4741
1850.000000	101.692	-144.2245
1875.000000	101.762	-143.9904
1900.000000	101.838	-143.7729
1925.000000	101.914	-143.5675
1950.000000	101.997	-143.3832
1975.000000	102.083	-143.2171
2000.000000	102.170	-143.0798
2030.000000	102.280	-142.9403
2060.000000	102.391	-142.8619
2090.000000	102.508	-142.8139
2120.000000	102.625	-142.8302
2140.000000	102.703	-142.8717
2180.000000	102.861	-143.0316
2200.000000	102.939	-143.1541
2240.000000	103.093	-143.4601
2270.000000	103.205	-143.7625
2300.000000	103.315	-144.1283
2330.000000	103.420	-144.5486
2360.000000	103.517	-145.0338
2400.000000	103.638	-145.7479
2430.000000	103.719	-146.3373
2470.000000	103.811	-147.1943
2500.000000	103.870	-147.8719
2540.000000	103.932	-148.8049
2580.000000	103.975	-149.7413
2620.000000	104.000	-150.7113
2650.000000	104.009	-151.4180
2690.000000	104.007	-152.3470
2720.000000	103.995	-153.0228
2760.000000	103.966	-153.8926
2800.000000	103.927	-154.7214
2850.000000	103.860	-155.6581
2900.000000	103.783	-156.4920
2950.000000	103.701	-157.2173
3000.000000	103.619	-157.8554
3040.000000	103.553	-158.3416
3070.000000	103.505	-158.6793
3110.000000	103.444	-159.1346
3150.000000	103.386	-159.6153
3200.000000	103.312	-160.2892
3250.000000	103.227	-161.1044
3300.000000	103.113	-162.0536
3350.000000	102.949	-163.0982
3400.000000	102.722	-164.0388
3450.000000	102.428	-164.6640
3500.000000	102.097	-164.7552
3550.000000	101.773	-164.2574
3600.000000	101.484	-163.2708
3650.000000	101.250	-161.9770
3700.000000	101.078	-160.5463
3750.000000	100.954	-159.0962
3820.000000	100.847	-157.1856
3870.000000	100.802	-155.9249
3950.000000	100.769	-154.1222
4000.000000	100.762	-153.1097
4060.000000	100.760	-151.9611
4120.000000	100.771	-150.8820
4180.000000	100.790	-149.8668
4250.000000	100.831	-148.7453
4310.000000	100.868	-147.8809
4370.000000	100.912	-147.0879
4440.000000	100.969	-146.1930
4500.000000	101.022	-145.4527
4550.000000	101.072	-144.8444
4620.000000	101.152	-144.0534
4680.000000	101.234	-143.3916
4750.000000	101.341	-142.6793
4820.000000	101.464	-142.0912
4870.000000	101.565	-141.7278
4940.000000	101.715	-141.3238
5000.000000	101.846	-141.1154
5080.000000	102.031	-141.0011
5150.000000	102.196	-141.0372
5220.000000	102.363	-141.1992
5300.000000	102.561	-141.5578
5380.000000	102.765	-142.0498
5450.000000	102.956	-142.6667
5520.000000	103.165	-143.4904
5600.000000	103.418	-144.7615
5700.000000	103.750	-147.1538
5800.000000	104.040	-150.7704
5900.000000	104.161	-155.7062
6000.000000	103.973	-161.2972
6080.000000	103.577	-165.3239
6150.000000	103.095	-168.0192
6220.000000	102.551	-169.7670
6300.000000	101.923	-170.6284
6400.000000	101.216	-170.3801
6500.000000	100.638	-169.1628
6600.000000	100.201	-167.3660
6700.000000	99.890	-165.2805
6800.000000	99.704	-163.0629
6900.000000	99.616	-160.9315
7000.000000	99.644	-158.8584
7100.000000	99.780	-157.0137
7200.000000	100.022	-155.5512
7300.000000	100.372	-154.6975
7400.000000	100.805	-154.5867
7500.000000	101.304	-155.4401
7620.000000	101.949	-158.0477
7750.000000	102.593	-163.1159
7880.000000	103.011	-170.4399
8000.000000	103.061	-178.5346
8120.000000	102.729	173.1923
8250.000000	102.011	165.2750
8380.000000	101.049	159.0256
8500.000000	100.061	154.7604
8620.000000	99.031	151.8486
8750.000000	97.918	150.0400
8850.000000	97.104	149.5779
9000.000000	95.987	149.9487
9120.000000	95.191	150.9360
9250.000000	94.447	152.5250
9380.000000	93.812	154.4157
9500.000000	93.329	156.2691
9620.000000	92.906	157.9974
9750.000000	92.522	160.1092
9880.000000	92.255	162.0795
10000.000000	92.108	163.6896
10150.000000	91.953	165.6787
10300.000000	91.924	167.1213
10440.000000	91.974	167.9875
10600.000000	92.142	168.3606
10750.000000	92.365	168.0520
10900.000000	92.668	166.8058
11060.000000	93.004	164.3082
11200.000000	93.210	161.5747
11380.000000	93.589	158.0126
11500.000000	93.957	154.4410
11720.000000	94.459	145.1395
11800.000000	94.548	141.0528
12060.000000	94.457	127.3981
12200.000000	94.194	120.2166
12410.000000	93.664	110.2714
12500.000000	93.408	106.2916
12650.000000	92.969	100.0761
12800.000000	92.512	94.2610
13150.000000	91.540	81.9161
13200.000000	91.427	80.1851
13400.000000	90.978	73.8351
13600.000000	90.664	67.6020
13800.000000	90.475	61.1095
14000.000000	90.373	54.0839
14300.000000	90.360	42.1938
14500.000000	90.401	33.9062
14750.000000	90.732	23.4308
15000.000000	91.711	9.2972
15250.000000	92.772	-10.9552
15500.000000	92.980	-39.5587
15750.000000	92.268	-66.7361
16000.000000	91.068	-92.6366
16250.000000	90.220	-114.5626
16500.000000	90.182	-146.5914
16750.000000	88.160	-176.9423
17000.000000	86.769	152.7023
17250.000000	85.715	124.9180
17500.000000	84.631	91.4851
17750.000000	83.533	58.0546
18000.000000	82.775	23.5217
18250.000000	82.531	-13.4260
18500.000000	82.713	-59.4560
18750.000000	82.296	-112.0020
19000.000000	81.600	-170.2019
19250.000000	80.545	124.0522
19500.000000	78.942	48.3579
19750.000000	76.411	-40.1774
