* Measurement data measured by REW V5.31.3
* Source: USB-C to 3.5mm Headphone Jack Adapter, USB-C to 3.5mm Headphone Jack Adapter, 0, volume: 0.138
* Format: 256k Log Swept Sine, 1 sweep at -12.0 dBFS with no timing reference
* Dated: Oct 15, 2024 5:04:52 PM
* REW Settings:
*  C-weighting compensation: Off
*  Target level: 75.0 dB
* Note: 
* Measurement: L
* Smoothing: None
* Frequency Step: 1/48 octave
* Start Frequency: 20.000 Hz
*
* Freq(Hz)	SPL(dB)	Phase(degrees)
20.000000	97.347	-142.8876
20.299999	97.399	-143.6102
20.600000	97.432	-144.3867
20.900000	97.446	-145.1442
21.200001	97.442	-145.8101
21.400000	97.436	-146.1779
21.799999	97.428	-146.7422
22.000000	97.433	-146.9654
22.400000	97.462	-147.3829
22.700001	97.498	-147.7480
23.000000	97.537	-148.1876
23.299999	97.572	-148.6911
23.600000	97.598	-149.2234
24.000000	97.620	-149.9110
24.299999	97.631	-150.3865
24.700001	97.644	-150.9743
25.000000	97.654	-151.3988
25.400000	97.663	-151.9490
25.799999	97.667	-152.4489
26.200001	97.670	-152.8603
26.500000	97.678	-153.1159
26.900000	97.703	-153.4452
27.200001	97.729	-153.7312
27.600000	97.765	-154.1988
28.000000	97.789	-154.7318
28.500000	97.798	-155.3621
29.000000	97.801	-155.8606
29.500000	97.818	-156.2956
30.000000	97.842	-156.7957
30.400000	97.855	-157.2501
30.700001	97.857	-157.5880
31.100000	97.854	-157.9911
31.500000	97.852	-158.3302
32.000000	97.858	-158.7173
32.500000	97.871	-159.1307
33.000000	97.882	-159.5726
33.500000	97.889	-160.0025
34.000000	97.896	-160.4106
34.500000	97.906	-160.8220
35.000000	97.915	-161.2461
35.500000	97.918	-161.6600
36.000000	97.919	-162.0397
36.500000	97.921	-162.3831
37.000000	97.926	-162.7026
37.500000	97.934	-163.0137
38.200001	97.949	-163.4680
38.700001	97.957	-163.8150
39.500000	97.961	-164.3576
40.000000	97.960	-164.6595
40.599998	97.961	-164.9925
41.200001	97.964	-165.3127
41.799999	97.972	-165.6362
42.500000	97.982	-166.0582
43.099998	97.984	-166.4576
43.700001	97.976	-166.8219
44.400002	97.971	-167.1658
45.000000	97.975	-167.4698
45.500000	97.977	-167.7592
46.200001	97.971	-168.1530
46.799999	97.963	-168.4305
47.500000	97.957	-168.7037
48.200001	97.957	-168.9273
48.700001	97.967	-169.0778
49.400002	97.991	-169.3880
50.000000	97.999	-169.7579
50.799999	97.985	-170.1934
51.500000	97.973	-170.4478
52.200001	97.970	-170.6971
53.000000	97.966	-171.0121
53.799999	97.959	-171.3409
54.500000	97.948	-171.6055
55.200001	97.944	-171.7977
56.000000	97.962	-172.1153
57.000000	97.950	-172.7221
58.000000	97.922	-172.9760
59.000000	97.943	-173.2979
60.000000	97.933	-173.7514
60.799999	97.925	-173.9623
61.500000	97.926	-174.1741
62.200001	97.922	-174.3800
63.000000	97.924	-174.5737
64.000000	97.929	-174.9530
65.000000	97.908	-175.2897
66.000000	97.903	-175.5291
67.000000	97.896	-175.8705
68.000000	97.883	-176.1199
69.000000	97.883	-176.3859
70.000000	97.875	-176.6574
71.000000	97.875	-176.9228
72.000000	97.860	-177.2462
73.000000	97.844	-177.4144
74.000000	97.844	-177.6687
75.000000	97.830	-177.9347
76.199997	97.817	-178.2719
77.500000	97.787	-178.4890
78.800003	97.800	-178.7787
80.000000	97.782	-179.1232
81.199997	97.770	-179.3742
82.500000	97.757	-179.6563
83.800003	97.740	-179.9468
85.000000	97.727	179.8448
86.199997	97.718	179.5865
87.500000	97.707	179.3113
88.500000	97.695	179.0963
90.000000	97.681	178.8189
91.199997	97.667	178.5880
92.500000	97.653	178.3682
93.800003	97.639	178.1407
95.000000	97.625	177.9316
96.199997	97.613	177.7054
97.500000	97.589	177.4539
98.800003	97.576	177.2845
100.000000	97.563	177.0512
101.500000	97.545	176.8228
103.000000	97.526	176.5976
104.400002	97.511	176.3669
106.000000	97.487	176.1599
107.500000	97.470	175.9130
109.000000	97.449	175.6879
110.599998	97.427	175.4680
112.000000	97.411	175.2857
113.800003	97.386	175.0533
115.000000	97.366	174.8914
117.199997	97.333	174.5831
118.000000	97.324	174.5060
120.599998	97.265	174.1242
122.000000	97.275	174.0004
124.099998	97.244	173.7688
125.000000	97.230	173.6580
126.500000	97.206	173.5048
128.000000	97.182	173.3377
131.500000	97.133	172.9647
132.000000	97.127	172.9260
134.000000	97.092	172.7877
136.000000	97.055	172.4881
138.000000	97.040	172.3572
140.000000	97.005	172.1835
143.000000	96.966	171.8525
145.000000	96.933	171.6897
147.500000	96.887	171.5019
150.000000	96.842	171.3138
152.500000	96.799	171.1457
155.000000	96.753	171.0312
157.500000	96.707	170.9622
160.000000	96.673	170.9356
162.500000	96.649	170.8740
165.000000	96.628	170.8579
167.500000	96.614	170.7331
170.000000	96.594	170.5687
172.500000	96.574	170.3824
175.000000	96.548	170.1903
177.500000	96.522	170.0047
180.000000	96.484	169.8570
182.500000	96.453	169.6724
185.000000	96.418	169.5261
187.500000	96.382	169.3672
190.000000	96.349	169.2917
192.500000	96.311	169.1254
195.000000	96.284	169.0132
197.500000	96.249	168.9061
200.000000	96.212	168.8257
203.000000	96.169	168.6809
206.000000	96.126	168.5661
209.000000	96.083	168.4501
212.000000	96.041	168.3700
214.000000	96.011	168.3176
218.000000	95.960	168.1943
220.000000	95.929	168.1571
224.000000	95.874	168.0492
227.000000	95.831	167.9714
230.000000	95.789	167.9012
233.000000	95.746	167.8662
236.000000	95.703	167.8398
240.000000	95.646	167.8456
243.000000	95.610	167.7523
247.000000	95.553	167.7006
250.000000	95.512	167.7058
254.000000	95.459	167.6777
258.000000	95.405	167.6722
262.000000	95.354	167.7034
265.000000	95.313	167.7031
269.000000	95.272	167.7309
272.000000	95.235	167.7415
276.000000	95.188	167.7679
280.000000	95.141	167.7712
285.000000	95.084	167.8093
290.000000	95.023	167.8052
295.000000	94.964	167.8593
300.000000	94.906	167.9008
304.000000	94.855	167.9569
307.000000	94.817	167.9734
311.000000	94.773	168.0678
315.000000	94.724	168.1268
320.000000	94.670	168.1943
325.000000	94.615	168.2915
330.000000	94.562	168.3624
335.000000	94.502	168.5106
340.000000	94.450	168.6411
345.000000	94.394	168.7678
350.000000	94.340	168.8910
355.000000	94.290	169.0352
360.000000	94.239	169.1844
365.000000	94.189	169.3394
370.000000	94.140	169.4836
375.000000	94.090	169.6342
382.000000	94.023	169.8531
387.000000	93.972	170.0373
395.000000	93.904	170.3011
400.000000	93.858	170.4697
406.000000	93.804	170.7000
412.000000	93.752	170.9392
418.000000	93.699	171.1410
425.000000	93.644	171.4199
431.000000	93.593	171.6765
437.000000	93.545	171.9302
444.000000	93.492	172.2092
450.000000	93.447	172.4660
455.000000	93.409	172.6822
462.000000	93.356	172.9901
468.000000	93.316	173.2369
475.000000	93.269	173.5387
482.000000	93.223	173.8383
487.000000	93.192	174.0659
494.000000	93.149	174.3699
500.000000	93.113	174.5947
508.000000	93.072	174.9079
515.000000	93.035	175.1124
522.000000	92.993	175.2508
530.000000	92.931	175.3022
538.000000	92.827	175.4049
545.000000	92.710	175.7646
552.000000	92.619	176.3688
560.000000	92.550	177.1128
570.000000	92.494	177.9062
580.000000	92.437	178.6043
590.000000	92.377	179.3103
600.000000	92.330	-179.8836
608.000000	92.299	-179.2801
615.000000	92.279	-178.8003
622.000000	92.255	-178.3616
630.000000	92.231	-177.8150
640.000000	92.202	-177.2088
650.000000	92.176	-176.5924
660.000000	92.138	-175.9889
670.000000	92.111	-175.3277
680.000000	92.079	-174.7074
690.000000	92.053	-174.0638
700.000000	92.025	-173.4141
710.000000	91.997	-172.7532
720.000000	91.974	-172.0824
730.000000	91.951	-171.4552
740.000000	91.935	-170.7737
750.000000	91.917	-170.0997
762.000000	91.900	-169.2818
775.000000	91.881	-168.3833
788.000000	91.871	-167.4955
800.000000	91.861	-166.6356
812.000000	91.859	-165.7843
825.000000	91.858	-164.8786
838.000000	91.864	-163.9388
850.000000	91.871	-163.0739
862.000000	91.886	-162.2054
875.000000	91.905	-161.2899
885.000000	91.922	-160.5803
900.000000	91.957	-159.4554
912.000000	91.987	-158.6660
925.000000	92.025	-157.7420
938.000000	92.068	-156.8395
950.000000	92.113	-156.0287
962.000000	92.164	-155.2281
975.000000	92.223	-154.3753
988.000000	92.288	-153.5114
1000.000000	92.349	-152.7736
1015.000000	92.431	-151.8751
1030.000000	92.519	-150.9991
1044.000000	92.609	-150.2367
1060.000000	92.715	-149.3876
1075.000000	92.820	-148.6782
1090.000000	92.919	-147.9469
1106.000000	93.033	-147.2756
1120.000000	93.133	-146.7174
1138.000000	93.259	-146.0456
1150.000000	93.348	-145.6505
1172.000000	93.503	-144.9498
1180.000000	93.559	-144.7346
1206.000000	93.738	-144.0840
1220.000000	93.831	-143.7809
1241.000000	93.967	-143.3595
1250.000000	94.025	-143.1797
1265.000000	94.119	-142.9116
1280.000000	94.203	-142.6679
1315.000000	94.398	-142.1579
1320.000000	94.422	-142.0778
1340.000000	94.518	-141.8571
1360.000000	94.613	-141.5863
1380.000000	94.694	-141.3188
1400.000000	94.769	-141.0060
1430.000000	94.873	-140.4144
1450.000000	94.944	-139.8587
1475.000000	95.073	-138.9496
1500.000000	95.278	-138.1482
1525.000000	95.514	-137.9269
1550.000000	95.700	-138.1608
1575.000000	95.826	-138.4774
1600.000000	95.917	-138.6495
1625.000000	95.985	-138.6794
1650.000000	96.047	-138.5493
1675.000000	96.103	-138.2591
1700.000000	96.178	-137.7235
1725.000000	96.299	-137.0508
1750.000000	96.483	-136.5207
1775.000000	96.697	-136.4543
1800.000000	96.878	-136.8252
1825.000000	97.007	-137.3465
1850.000000	97.094	-137.8211
1875.000000	97.155	-138.1965
1900.000000	97.204	-138.4126
1925.000000	97.244	-138.4955
1950.000000	97.285	-138.4705
1975.000000	97.347	-138.2903
2000.000000	97.431	-138.1191
2030.000000	97.564	-138.1102
2060.000000	97.680	-138.4156
2090.000000	97.755	-138.8309
2120.000000	97.776	-139.1539
2140.000000	97.777	-139.2172
2180.000000	97.767	-138.8554
2200.000000	97.781	-138.4175
2240.000000	97.906	-137.1907
2270.000000	98.103	-136.4743
2300.000000	98.342	-136.2741
2330.000000	98.566	-136.5681
2360.000000	98.757	-137.1668
2400.000000	98.953	-138.2060
2430.000000	99.054	-139.0727
2470.000000	99.121	-140.0843
2500.000000	99.148	-140.5849
2540.000000	99.199	-140.9383
2580.000000	99.302	-141.2344
2620.000000	99.434	-141.8320
2650.000000	99.515	-142.5245
2690.000000	99.577	-143.5206
2720.000000	99.595	-144.2272
2760.000000	99.597	-145.0472
2800.000000	99.589	-145.7075
2850.000000	99.573	-146.4020
2900.000000	99.550	-146.9610
2950.000000	99.523	-147.3980
3000.000000	99.496	-147.7151
3040.000000	99.481	-147.8584
3070.000000	99.478	-147.9264
3110.000000	99.484	-147.9937
3150.000000	99.502	-148.0980
3200.000000	99.530	-148.2803
3250.000000	99.563	-148.5330
3300.000000	99.594	-148.8162
3350.000000	99.625	-149.1626
3400.000000	99.651	-149.5833
3450.000000	99.676	-150.1029
3500.000000	99.688	-150.8064
3550.000000	99.653	-151.9933
3600.000000	99.345	-153.8421
3650.000000	98.548	-149.7598
3700.000000	99.299	-145.2553
3750.000000	99.805	-146.2637
3820.000000	100.104	-148.1849
3870.000000	100.225	-149.3562
3950.000000	100.360	-151.1958
4000.000000	100.418	-152.3340
4060.000000	100.468	-153.7258
4120.000000	100.491	-155.1393
4180.000000	100.494	-156.5781
4250.000000	100.469	-158.2731
4310.000000	100.423	-159.7240
4370.000000	100.355	-161.1972
4440.000000	100.246	-162.8885
4500.000000	100.131	-164.2837
4550.000000	100.016	-165.4079
4620.000000	99.830	-166.9139
4680.000000	99.651	-168.1380
4750.000000	99.418	-169.4040
4820.000000	99.165	-170.5493
4870.000000	98.973	-171.2536
4940.000000	98.690	-172.0950
5000.000000	98.440	-172.6780
5080.000000	98.098	-173.2375
5150.000000	97.796	-173.5325
5220.000000	97.491	-173.6663
5300.000000	97.145	-173.6107
5380.000000	96.810	-173.3148
5450.000000	96.521	-172.9184
5520.000000	96.245	-172.3376
5600.000000	95.941	-171.5814
5700.000000	95.595	-170.4162
5800.000000	95.273	-168.9807
5900.000000	94.989	-167.3784
6000.000000	94.748	-165.6027
6080.000000	94.576	-164.0973
6150.000000	94.458	-162.7104
6220.000000	94.364	-161.2950
6300.000000	94.287	-159.6849
6400.000000	94.228	-157.6147
6500.000000	94.226	-155.5811
6600.000000	94.275	-153.6243
6700.000000	94.384	-151.7037
6800.000000	94.547	-149.9498
6900.000000	94.774	-148.4293
7000.000000	95.062	-147.0933
7100.000000	95.413	-146.1411
7200.000000	95.826	-145.5917
7300.000000	96.303	-145.5601
7400.000000	96.837	-146.1504
7500.000000	97.428	-147.4675
7620.000000	98.210	-150.3763
7750.000000	99.103	-155.8706
7880.000000	99.841	-164.5166
8000.000000	100.131	-175.1986
8120.000000	99.824	173.3129
8250.000000	98.885	162.4282
8380.000000	97.600	154.5147
8500.000000	96.327	149.5856
8620.000000	95.060	146.5362
8750.000000	93.738	144.7819
8850.000000	92.786	144.3628
9000.000000	91.496	144.9346
9120.000000	90.579	146.0721
9250.000000	89.690	147.7885
9380.000000	88.901	149.7996
9500.000000	88.259	151.7681
9620.000000	87.687	153.9424
9750.000000	87.138	156.2734
9880.000000	86.670	158.7091
10000.000000	86.296	160.9460
10150.000000	85.907	163.5805
10300.000000	85.580	166.4232
10440.000000	85.322	168.6678
10600.000000	85.119	171.3441
10750.000000	84.976	173.6609
10900.000000	84.923	175.9737
11060.000000	84.927	178.1642
11200.000000	85.025	-179.9668
11380.000000	85.233	-178.0581
11500.000000	85.414	-176.9299
11720.000000	85.906	-175.3326
11800.000000	86.143	-175.0240
12060.000000	87.133	-174.6764
12200.000000	87.829	-175.3371
12410.000000	89.086	-177.7896
12500.000000	89.726	-179.5554
12650.000000	90.906	176.1036
12800.000000	92.240	169.3975
13150.000000	95.152	139.0876
13200.000000	95.358	132.8981
13400.000000	95.128	107.4172
13600.000000	93.691	86.7902
13800.000000	92.007	72.4870
14000.000000	90.561	62.0565
14300.000000	89.037	49.6391
14500.000000	88.420	41.6138
14750.000000	88.007	30.2808
15000.000000	87.667	17.3719
15250.000000	87.677	4.7271
15500.000000	88.552	-9.3965
15750.000000	90.203	-32.7399
16000.000000	91.282	-70.1403
16250.000000	89.967	-113.4908
16500.000000	86.989	-148.6819
16750.000000	83.948	-175.7944
17000.000000	81.297	160.6700
17250.000000	79.025	138.2676
17500.000000	77.193	114.9016
17750.000000	75.591	89.9547
18000.000000	74.300	62.4224
18250.000000	73.173	31.0057
18500.000000	72.046	-4.7349
18750.000000	70.951	-45.0812
19000.000000	69.910	-92.5970
19250.000000	68.782	-148.4563
19500.000000	67.129	147.1094
19750.000000	65.336	70.2888
