* Measurement data measured by REW V5.20
* Source: USB-C to 3.5mm Headphone Jack Adapter, USB-C to 3.5mm Headphone Jack Adapter, 0, volume: 0.138
* Format: 256k Log Swept Sine, 1 sweep at -12.0 dBFS with no timing reference
* Dated: Jun 19, 2024 6:39:21 PM
* REW Settings:
*  C-weighting compensation: Off
*  Target level: 75.0 dB
* Note: 
* Measurement: L
* Smoothing: None
* Frequency Step: 1/48 octave
* Start Frequency: 20.300 Hz
*
* Freq(Hz)	SPL(dB)	Phase(degrees)
20.299999	101.850365	-130.5265
20.600000	101.909576	-131.3659
20.900000	101.964706	-132.1526
21.200001	102.017586	-132.9528
21.400000	102.051132	-133.4864
21.799999	102.113647	-134.5159
22.000000	102.143127	-134.9958
22.400000	102.201118	-135.8697
22.700001	102.246262	-136.4577
23.000000	102.293396	-137.0142
23.299999	102.340942	-137.5683
23.600000	102.385818	-138.1419
24.000000	102.435913	-138.9445
24.299999	102.464752	-139.5589
24.700001	102.494507	-140.3616
25.000000	102.515213	-140.9388
25.400000	102.547043	-141.6817
25.799999	102.586266	-142.4214
26.200001	102.629326	-143.1765
26.500000	102.660431	-143.7469
26.900000	102.697502	-144.4855
27.200001	102.722275	-145.0062
27.600000	102.754356	-145.6513
28.000000	102.788193	-146.2613
28.500000	102.832375	-147.0285
29.000000	102.871407	-147.8351
29.500000	102.899200	-148.6579
30.000000	102.917877	-149.4478
30.400000	102.931396	-150.0422
30.700001	102.943321	-150.4710
31.100000	102.962891	-151.0326
31.500000	102.986069	-151.5950
32.000000	103.016731	-152.3056
32.500000	103.044876	-153.0160
33.000000	103.067360	-153.7076
33.500000	103.084137	-154.3652
34.000000	103.098007	-154.9862
34.500000	103.112335	-155.5814
35.000000	103.128761	-156.1658
35.500000	103.146698	-156.7475
36.000000	103.164246	-157.3278
36.500000	103.179077	-157.9078
37.000000	103.189087	-158.4867
37.500000	103.194160	-159.0550
38.200001	103.200653	-159.8154
38.700001	103.211060	-160.3482
39.500000	103.232224	-161.2303
40.000000	103.238304	-161.7703
40.599998	103.237686	-162.3485
41.200001	103.237671	-162.8827
41.799999	103.239098	-163.4590
42.500000	103.232880	-164.1719
43.099998	103.226486	-164.7109
43.700001	103.233696	-165.1875
44.400002	103.252434	-165.8048
45.000000	103.256897	-166.3920
45.500000	103.251305	-166.8505
46.200001	103.246452	-167.4141
46.799999	103.251450	-167.8849
47.500000	103.255974	-168.4491
48.200001	103.251633	-168.9877
48.700001	103.245224	-169.3628
49.400002	103.234116	-169.9055
50.000000	103.224823	-170.3801
50.799999	103.216759	-170.9962
51.500000	103.210976	-171.5032
52.200001	103.202530	-171.9743
53.000000	103.189835	-172.5046
53.799999	103.175766	-173.0459
54.500000	103.167587	-173.5206
55.200001	103.160233	-174.0116
56.000000	103.141937	-174.5385
57.000000	103.123611	-175.0993
58.000000	103.111588	-175.7496
59.000000	103.088593	-176.2841
60.000000	103.086273	-176.7820
60.799999	103.068565	-177.3191
61.500000	103.037941	-177.7355
62.200001	103.017349	-178.0860
63.000000	103.006683	-178.5207
64.000000	102.986809	-179.0744
65.000000	102.964455	-179.5697
66.000000	102.943054	179.9174
67.000000	102.915329	179.4402
68.000000	102.887466	179.0260
69.000000	102.862633	178.5789
70.000000	102.836823	178.0766
71.000000	102.809753	177.6129
72.000000	102.787140	177.1932
73.000000	102.756958	176.7672
74.000000	102.728264	176.3894
75.000000	102.706802	175.9429
76.199997	102.667801	175.4597
77.500000	102.633850	175.0164
78.800003	102.595657	174.5370
80.000000	102.558968	174.0801
81.199997	102.528534	173.6319
82.500000	102.484428	173.0931
83.800003	102.447937	172.7231
85.000000	102.417084	172.3643
86.199997	102.372131	171.9956
87.500000	102.326248	171.6146
88.500000	102.304565	171.3234
90.000000	102.253754	170.8620
91.199997	102.219711	170.5645
92.500000	102.179832	170.1815
93.800003	102.146248	169.8107
95.000000	102.095795	169.4694
96.199997	102.058624	169.2591
97.500000	102.025459	168.8297
98.800003	101.982475	168.4636
100.000000	101.943893	168.2656
101.500000	101.898285	167.8804
103.000000	101.845154	167.5856
104.400002	101.801941	167.2579
106.000000	101.753525	166.9603
107.500000	101.712433	166.5917
109.000000	101.658371	166.3093
110.599998	101.610382	166.0031
112.000000	101.563797	165.7815
113.800003	101.501778	165.4002
115.000000	101.481171	165.2521
117.199997	101.400085	164.9334
118.000000	101.384682	164.6854
120.599998	101.325287	164.6082
122.000000	101.239769	164.1037
124.099998	101.182953	163.9190
125.000000	101.149551	163.7862
126.500000	101.099976	163.4678
128.000000	101.084656	163.3805
131.500000	100.955933	162.9314
132.000000	100.941528	162.8505
134.000000	100.883789	162.7030
136.000000	100.829430	162.4649
138.000000	100.762100	162.2458
140.000000	100.709373	162.0302
143.000000	100.618149	161.7747
145.000000	100.560143	161.5501
147.500000	100.486061	161.4103
150.000000	100.404358	161.2094
152.500000	100.342979	160.9919
155.000000	100.261887	160.7144
157.500000	100.198593	160.6747
160.000000	100.113800	160.6023
162.500000	100.050232	160.5383
165.000000	99.968849	160.5891
167.500000	99.921135	160.5017
170.000000	99.875443	160.4049
172.500000	99.820877	160.2861
175.000000	99.761063	160.1586
177.500000	99.700386	159.9944
180.000000	99.656929	160.2421
182.500000	99.559456	159.8712
185.000000	99.503883	159.8474
187.500000	99.441940	159.8315
190.000000	99.379578	159.8086
192.500000	99.324341	159.8197
195.000000	99.276115	159.7726
197.500000	99.218353	159.7762
200.000000	99.169922	159.7859
203.000000	99.111404	159.8576
206.000000	99.059822	159.8644
209.000000	98.999321	159.8236
212.000000	98.951286	159.7677
214.000000	98.895126	159.7595
218.000000	98.821869	159.6712
220.000000	98.781799	159.6664
224.000000	98.702751	159.6667
227.000000	98.641556	159.6654
230.000000	98.584183	159.6990
233.000000	98.525223	159.6920
236.000000	98.466934	159.7609
240.000000	98.365921	159.6746
243.000000	98.333565	159.8759
247.000000	98.257187	159.9639
250.000000	98.204964	160.0001
254.000000	98.129173	160.1231
258.000000	98.060890	160.2240
262.000000	97.990929	160.3367
265.000000	97.938721	160.4290
269.000000	97.875710	160.5631
272.000000	97.827950	160.6519
276.000000	97.760895	160.7923
280.000000	97.700104	160.9478
285.000000	97.618042	161.1628
290.000000	97.553238	161.3254
295.000000	97.459343	161.5438
300.000000	97.406586	161.7149
304.000000	97.350220	161.8265
307.000000	97.304817	161.9628
311.000000	97.245529	162.1523
315.000000	97.200516	162.3643
320.000000	97.135025	162.5793
325.000000	97.064514	162.7789
330.000000	97.003860	163.0229
335.000000	96.945068	163.2773
340.000000	96.881950	163.5178
345.000000	96.823814	163.7401
350.000000	96.771339	163.9785
355.000000	96.709763	164.2539
360.000000	96.653496	164.5714
365.000000	96.598190	164.7934
370.000000	96.545349	165.0346
375.000000	96.492798	165.3187
382.000000	96.422661	165.6514
387.000000	96.374870	165.9641
395.000000	96.293015	166.3839
400.000000	96.245316	166.6539
406.000000	96.185349	167.0597
412.000000	96.138313	167.3802
418.000000	96.078110	167.6928
425.000000	96.017853	168.1297
431.000000	95.969505	168.5472
437.000000	95.929131	168.9317
444.000000	95.886726	169.3109
450.000000	95.847031	169.6510
455.000000	95.811386	169.9231
462.000000	95.763023	170.3204
468.000000	95.723671	170.6117
475.000000	95.669868	170.9644
482.000000	95.630432	171.4144
487.000000	95.593414	171.6961
494.000000	95.551666	172.1288
500.000000	95.511734	172.4467
508.000000	95.462624	172.9297
515.000000	95.422729	173.3593
522.000000	95.377342	173.7680
530.000000	95.331779	174.2806
538.000000	95.293144	174.7451
545.000000	95.253189	175.1669
552.000000	95.217331	175.6108
560.000000	95.178276	176.0848
570.000000	95.132599	176.7118
580.000000	95.085480	177.3237
590.000000	95.045059	177.9178
600.000000	95.007469	178.6475
608.000000	94.972473	179.0680
615.000000	94.945091	179.5134
622.000000	94.920090	179.9798
630.000000	94.888145	-179.5360
640.000000	94.855370	-178.8604
650.000000	94.827065	-178.1778
660.000000	94.788177	-177.6057
670.000000	94.765900	-176.9621
680.000000	94.738884	-176.3043
690.000000	94.712616	-175.6378
700.000000	94.690071	-174.9996
710.000000	94.671997	-174.3040
720.000000	94.655083	-173.6932
730.000000	94.636307	-173.0113
740.000000	94.620590	-172.2988
750.000000	94.607300	-171.6444
762.000000	94.590599	-170.8016
775.000000	94.593735	-169.9426
788.000000	94.580269	-169.0381
800.000000	94.578400	-168.1947
812.000000	94.580559	-167.3733
825.000000	94.590271	-166.4878
838.000000	94.597458	-165.5941
850.000000	94.607178	-164.7682
862.000000	94.621140	-163.9350
875.000000	94.647476	-163.0452
885.000000	94.669434	-162.3979
900.000000	94.710449	-161.3576
912.000000	94.732178	-160.6158
925.000000	94.772339	-159.8034
938.000000	94.813538	-158.9520
950.000000	94.857109	-158.2462
962.000000	94.900635	-157.5219
975.000000	94.947388	-156.7851
988.000000	94.992882	-156.0648
1000.000000	95.036995	-155.4063
1015.000000	95.085800	-154.5867
1030.000000	95.137230	-153.7849
1044.000000	95.177071	-152.9764
1060.000000	95.233643	-152.0134
1075.000000	95.286789	-151.0340
1090.000000	95.364769	-150.0239
1106.000000	95.459564	-148.9441
1120.000000	95.559090	-148.0738
1138.000000	95.707008	-147.0446
1150.000000	95.809708	-146.4293
1172.000000	96.001678	-145.4892
1180.000000	96.071251	-145.2009
1206.000000	96.289093	-144.3905
1220.000000	96.400436	-144.0360
1241.000000	96.558800	-143.5786
1250.000000	96.627022	-143.3863
1265.000000	96.729744	-143.1071
1280.000000	96.827728	-142.8361
1315.000000	97.044350	-142.2973
1320.000000	97.072998	-142.2214
1340.000000	97.183144	-141.9558
1360.000000	97.290390	-141.6907
1380.000000	97.390137	-141.4437
1400.000000	97.488022	-141.1381
1430.000000	97.624214	-140.7375
1450.000000	97.711243	-140.4472
1475.000000	97.813118	-140.0843
1500.000000	97.916458	-139.7181
1525.000000	98.017715	-139.3434
1550.000000	98.113831	-138.9456
1575.000000	98.211266	-138.5630
1600.000000	98.309219	-138.1542
1625.000000	98.408203	-137.7305
1650.000000	98.506599	-137.3194
1675.000000	98.604652	-136.9023
1700.000000	98.706497	-136.4578
1725.000000	98.807640	-136.0554
1750.000000	98.909889	-135.6390
1775.000000	99.015533	-135.2151
1800.000000	99.119583	-134.8303
1825.000000	99.228920	-134.4008
1850.000000	99.335464	-133.9897
1875.000000	99.448349	-133.6146
1900.000000	99.559906	-133.2358
1925.000000	99.674240	-132.8543
1950.000000	99.790230	-132.5053
1975.000000	99.907356	-132.1501
2000.000000	100.026230	-131.8194
2030.000000	100.170029	-131.4597
2060.000000	100.316742	-131.1095
2090.000000	100.464523	-130.7831
2120.000000	100.616905	-130.4967
2140.000000	100.717010	-130.3106
2180.000000	100.918884	-129.9742
2200.000000	101.021950	-129.8369
2240.000000	101.229301	-129.6028
2270.000000	101.384094	-129.4768
2300.000000	101.537888	-129.3755
2330.000000	101.691826	-129.3100
2360.000000	101.846588	-129.2987
2400.000000	102.046310	-129.3244
2430.000000	102.198402	-129.3851
2470.000000	102.395920	-129.5176
2500.000000	102.540230	-129.6603
2540.000000	102.729561	-129.9076
2580.000000	102.912819	-130.2021
2620.000000	103.088837	-130.5611
2650.000000	103.214905	-130.8665
2690.000000	103.378502	-131.3042
2720.000000	103.496597	-131.6648
2760.000000	103.647041	-132.1744
2800.000000	103.787552	-132.6984
2850.000000	103.952271	-133.4118
2900.000000	104.102867	-134.1621
2950.000000	104.239784	-134.9233
3000.000000	104.364342	-135.7096
3040.000000	104.454926	-136.3390
3070.000000	104.517792	-136.8121
3110.000000	104.595337	-137.4386
3150.000000	104.667061	-138.0694
3200.000000	104.747505	-138.8455
3250.000000	104.817871	-139.6078
3300.000000	104.882675	-140.3794
3350.000000	104.936790	-141.1362
3400.000000	104.984604	-141.8788
3450.000000	105.025917	-142.6077
3500.000000	105.060959	-143.3300
3550.000000	105.089592	-144.0602
3600.000000	105.113708	-144.7687
3650.000000	105.132126	-145.4802
3700.000000	105.141197	-146.1859
3750.000000	105.146194	-146.8907
3820.000000	105.142151	-147.8617
3870.000000	105.132744	-148.5298
3950.000000	105.107056	-149.6244
4000.000000	105.082886	-150.2788
4060.000000	105.044876	-151.0527
4120.000000	105.000961	-151.8083
4180.000000	104.948929	-152.5322
4250.000000	104.884354	-153.3385
4310.000000	104.823463	-154.0040
4370.000000	104.761536	-154.6568
4440.000000	104.680878	-155.4022
4500.000000	104.606552	-156.0114
4550.000000	104.540794	-156.4877
4620.000000	104.454086	-157.0946
4680.000000	104.388527	-157.6472
4750.000000	104.309052	-158.3266
4820.000000	104.227203	-159.0419
4870.000000	104.166718	-159.5806
4940.000000	104.086426	-160.3665
5000.000000	104.010880	-161.1324
5080.000000	103.894569	-162.2593
5150.000000	103.773796	-163.3088
5220.000000	103.629150	-164.3795
5300.000000	103.435684	-165.5542
5380.000000	103.220276	-166.6651
5450.000000	103.015152	-167.5567
5520.000000	102.796852	-168.3516
5600.000000	102.542305	-169.1647
5700.000000	102.205704	-170.0187
5800.000000	101.853210	-170.7116
5900.000000	101.488655	-171.1729
6000.000000	101.109024	-171.3487
6080.000000	100.810699	-171.2069
6150.000000	100.556190	-170.8794
6220.000000	100.319321	-170.3390
6300.000000	100.089386	-169.5219
6400.000000	99.867401	-168.3503
6500.000000	99.719894	-167.2303
6600.000000	99.611115	-166.1986
6700.000000	99.544495	-165.2244
6800.000000	99.524063	-164.2629
6900.000000	99.555008	-163.4033
7000.000000	99.646584	-162.6267
7100.000000	99.788467	-162.0106
7200.000000	100.001572	-161.6420
7300.000000	100.276642	-161.6635
7400.000000	100.607056	-162.2196
7500.000000	100.974556	-163.3584
7620.000000	101.459305	-165.7513
7750.000000	101.948891	-169.8513
7880.000000	102.306641	-175.3523
8000.000000	102.460190	178.5778
8120.000000	102.375740	172.1869
8250.000000	102.085922	165.8078
8380.000000	101.692017	159.7604
8500.000000	101.199326	154.0454
8620.000000	100.510773	148.7515
8750.000000	99.589333	144.1011
8850.000000	98.804474	141.5130
9000.000000	97.611679	139.2755
9120.000000	96.693504	138.6397
9250.000000	95.775742	138.7792
9380.000000	94.937241	139.4431
9500.000000	94.215179	140.6618
9620.000000	93.547295	142.0257
9750.000000	92.892807	143.8216
9880.000000	92.284943	145.8944
10000.000000	91.787125	147.9276
10150.000000	91.215683	150.6747
10300.000000	90.728592	153.4405
10440.000000	90.338898	156.1509
10600.000000	89.975426	159.1650
10750.000000	89.678864	161.9468
10900.000000	89.446449	164.4895
11060.000000	89.258026	166.9761
11200.000000	89.146072	169.1192
11380.000000	89.059258	171.6747
11500.000000	89.026688	173.2343
11720.000000	89.088928	175.5645
11800.000000	89.147888	176.4254
12060.000000	89.489433	178.2299
12200.000000	89.757835	178.5276
12410.000000	90.342712	178.1548
12500.000000	90.620399	177.5337
12650.000000	91.158257	175.7425
12800.000000	91.710533	173.1409
13150.000000	93.338127	165.2841
13200.000000	93.641472	163.7000
13400.000000	95.032951	155.5195
13600.000000	96.638756	143.3805
13800.000000	98.253059	125.6491
14000.000000	99.349113	101.4849
14300.000000	98.821678	61.7117
14500.000000	97.478020	40.3263
14750.000000	95.778801	20.2343
15000.000000	94.526779	4.4786
15250.000000	93.947304	-10.3122
15500.000000	93.938446	-25.3193
15750.000000	94.564209	-42.8370
16000.000000	95.816040	-66.0600
16250.000000	97.105568	-101.0084
16500.000000	96.308418	-147.5106
16750.000000	93.004822	173.4540
17000.000000	89.400322	145.9171
17250.000000	86.304138	123.5726
17500.000000	83.683815	102.9512
17750.000000	81.544365	81.8064
18000.000000	79.679123	59.2102
18250.000000	78.219093	33.6950
18500.000000	76.815987	4.5236
18750.000000	75.672569	-29.1566
19000.000000	74.411156	-69.4515
19250.000000	73.274109	-116.4540
19500.000000	72.086082	-172.8015
19750.000000	70.352013	118.7174
