* Measurement data measured by REW V5.20
* Source: USB-C to 3.5mm Headphone Jack Adapter, USB-C to 3.5mm Headphone Jack Adapter, 0, volume: 0.138
* Format: 256k Log Swept Sine, 1 sweep at -12.0 dBFS with no timing reference
* Dated: Jun 14, 2024 3:09:45 PM
* REW Settings:
*  C-weighting compensation: Off
*  Target level: 75.0 dB
* Note: 
* Measurement: Noir R NC
* Smoothing: None
* Frequency Step: 1/48 octave
* Start Frequency: 20.300 Hz
*
* Freq(Hz)	SPL(dB)	Phase(degrees)
20.299999	101.830048	-179.3706
20.600000	101.817368	179.7817
20.900000	101.794601	179.0436
21.200001	101.770325	178.3425
21.400000	101.755478	177.8900
21.799999	101.730476	177.0043
22.000000	101.720047	176.5656
22.400000	101.701370	175.6928
22.700001	101.687439	175.0442
23.000000	101.672829	174.4033
23.299999	101.657516	173.7695
23.600000	101.641678	173.1395
24.000000	101.619537	172.2981
24.299999	101.601639	171.6666
24.700001	101.575729	170.8350
25.000000	101.555817	170.2297
25.400000	101.531532	169.4521
25.799999	101.512878	168.6912
26.200001	101.499634	167.9147
26.500000	101.490768	167.3099
26.900000	101.476219	166.4851
27.200001	101.461830	165.8739
27.600000	101.439636	165.1054
28.000000	101.418137	164.4067
28.500000	101.396805	163.6041
29.000000	101.376747	162.8089
29.500000	101.347115	161.9826
30.000000	101.303185	161.1382
30.400000	101.261444	160.4609
30.700001	101.228989	159.9512
31.100000	101.185333	159.2698
31.500000	101.139969	158.6071
32.000000	101.080299	157.8722
32.500000	101.024643	157.2944
33.000000	100.985413	156.8066
33.500000	100.963135	156.2390
34.000000	100.939873	155.4715
34.500000	100.897354	154.5636
35.000000	100.837540	153.6993
35.500000	100.780594	152.9932
36.000000	100.741707	152.3816
36.500000	100.713074	151.7174
37.000000	100.673630	150.9391
37.500000	100.615204	150.1148
38.200001	100.533752	149.0643
38.700001	100.502205	148.4104
39.500000	100.482178	147.4527
40.000000	100.452705	146.9303
40.599998	100.381851	146.4107
41.200001	100.294220	145.9130
41.799999	100.228271	145.2896
42.500000	100.212891	144.3857
43.099998	100.242035	143.6397
43.700001	100.260971	143.1290
44.400002	100.204254	143.0145
45.000000	100.094254	143.2754
45.500000	100.002663	143.4444
46.200001	99.915230	142.9952
46.799999	99.858086	141.8760
47.500000	99.782364	140.4364
48.200001	99.726952	139.5427
48.700001	99.718796	139.1500
49.400002	99.728951	138.4585
50.000000	99.719925	137.5800
50.799999	99.655365	136.4569
51.500000	99.601166	136.1706
52.200001	99.634132	136.3017
53.000000	99.693924	135.6341
53.799999	99.560669	134.2250
54.500000	99.364456	133.5665
55.200001	99.288284	133.2684
56.000000	99.284378	132.4239
57.000000	99.187332	131.5236
58.000000	99.121727	130.9843
59.000000	99.044472	129.7876
60.000000	98.939507	128.9152
60.799999	98.904724	128.4427
61.500000	98.875710	127.8925
62.200001	98.816666	127.2584
63.000000	98.730637	126.5935
64.000000	98.649323	125.8340
65.000000	98.588684	125.0334
66.000000	98.498817	124.2566
67.000000	98.383026	123.6650
68.000000	98.306801	123.0137
69.000000	98.235535	122.2744
70.000000	98.177589	121.8717
71.000000	98.100006	121.2875
72.000000	97.977417	120.8099
73.000000	97.929855	120.2410
74.000000	97.836220	119.4852
75.000000	97.711960	119.2825
76.199997	97.624619	118.7520
77.500000	97.580704	118.0616
78.800003	97.566299	117.4523
80.000000	97.521500	117.0576
81.199997	97.421463	116.5050
82.500000	97.340675	115.8762
83.800003	97.288727	114.9512
85.000000	97.229095	114.3509
86.199997	97.137573	113.8070
87.500000	97.081657	113.0969
88.500000	97.023865	112.4662
90.000000	96.944305	111.8549
91.199997	96.883286	111.1324
92.500000	96.812897	110.4886
93.800003	96.733078	109.9062
95.000000	96.669266	109.3263
96.199997	96.587837	108.6169
97.500000	96.513313	108.1971
98.800003	96.447845	107.4958
100.000000	96.344414	107.0444
101.500000	96.288780	106.4205
103.000000	96.182533	105.9072
104.400002	96.118195	105.4556
106.000000	96.000954	104.7880
107.500000	95.927910	104.3598
109.000000	95.868568	103.7812
110.599998	95.771393	103.1719
112.000000	95.711090	102.9100
113.800003	95.607681	102.1415
115.000000	95.560776	101.8539
117.199997	95.469566	100.8297
118.000000	95.412445	100.8250
120.599998	95.339165	100.0091
122.000000	95.275543	99.7451
124.099998	95.196152	99.0479
125.000000	95.136314	98.8715
126.500000	95.065666	98.4364
128.000000	95.031784	98.0677
131.500000	94.889862	97.0431
132.000000	94.864624	96.9420
134.000000	94.805809	96.4346
136.000000	94.727318	95.8705
138.000000	94.653267	95.3918
140.000000	94.597626	94.9178
143.000000	94.480797	94.1826
145.000000	94.422478	93.7034
147.500000	94.345016	93.2821
150.000000	94.275032	92.7233
152.500000	94.188019	92.2491
155.000000	94.121696	91.7655
157.500000	94.052040	91.2473
160.000000	93.973213	90.8704
162.500000	93.914703	90.4048
165.000000	93.837585	89.9649
167.500000	93.779099	89.6594
170.000000	93.724304	89.3949
172.500000	93.653427	88.9621
175.000000	93.590790	88.8326
177.500000	93.525391	88.7650
180.000000	93.516960	88.4290
182.500000	93.509247	88.5873
185.000000	93.508469	88.5372
187.500000	93.538361	88.6661
190.000000	93.591782	88.2894
192.500000	93.659294	87.9445
195.000000	93.716873	87.1706
197.500000	93.749809	86.5304
200.000000	93.756325	85.8499
203.000000	93.743629	84.8760
206.000000	93.713516	84.0504
209.000000	93.691757	83.4088
212.000000	93.655731	82.7458
214.000000	93.640121	82.2871
218.000000	93.607292	81.4681
220.000000	93.584976	81.1813
224.000000	93.557793	80.3651
227.000000	93.545998	79.9401
230.000000	93.510292	79.3571
233.000000	93.504364	78.9194
236.000000	93.478729	78.4218
240.000000	93.459473	77.8571
243.000000	93.447166	77.2660
247.000000	93.433510	76.6640
250.000000	93.425903	76.1970
254.000000	93.409950	75.5341
258.000000	93.399658	74.9784
262.000000	93.392914	74.4521
265.000000	93.353661	74.0096
269.000000	93.387474	73.3638
272.000000	93.372696	72.9257
276.000000	93.360641	72.4482
280.000000	93.353622	71.7947
285.000000	93.357071	71.1031
290.000000	93.343628	70.4437
295.000000	93.336266	69.7644
300.000000	93.339020	69.1066
304.000000	93.324982	68.5792
307.000000	93.328018	68.1703
311.000000	93.325272	67.6694
315.000000	93.319839	67.1498
320.000000	93.299889	66.5031
325.000000	93.299286	65.8924
330.000000	93.291245	65.2662
335.000000	93.292542	64.6545
340.000000	93.292770	64.1020
345.000000	93.276321	63.4803
350.000000	93.272110	62.9621
355.000000	93.263092	62.3662
360.000000	93.259636	61.8422
365.000000	93.246338	61.2979
370.000000	93.239098	60.8014
375.000000	93.237366	60.3271
382.000000	93.225616	59.6294
387.000000	93.229362	59.1428
395.000000	93.219719	58.3670
400.000000	93.210289	57.8731
406.000000	93.205093	57.3163
412.000000	93.193863	56.7698
418.000000	93.183411	56.2514
425.000000	93.176216	55.6627
431.000000	93.158524	55.1887
437.000000	93.151573	54.6889
444.000000	93.139084	54.1773
450.000000	93.127747	53.6903
455.000000	93.114891	53.3497
462.000000	93.100143	52.8234
468.000000	93.091644	52.4355
475.000000	93.069489	51.9785
482.000000	93.060440	51.5258
487.000000	93.044296	51.2136
494.000000	93.033936	50.7959
500.000000	93.019745	50.4437
508.000000	92.998573	50.0071
515.000000	92.982224	49.6097
522.000000	92.967728	49.2419
530.000000	92.946060	48.9009
538.000000	92.926537	48.5069
545.000000	92.916100	48.1825
552.000000	92.902267	47.9349
560.000000	92.886185	47.5682
570.000000	92.858238	47.1875
580.000000	92.839874	46.8543
590.000000	92.817551	46.5574
600.000000	92.793793	46.2002
608.000000	92.774002	46.0112
615.000000	92.761192	45.8413
622.000000	92.747192	45.6660
630.000000	92.732979	45.5179
640.000000	92.707771	45.3251
650.000000	92.692818	45.1473
660.000000	92.676178	45.0283
670.000000	92.661995	44.8892
680.000000	92.637741	44.7621
690.000000	92.620277	44.6976
700.000000	92.606796	44.6173
710.000000	92.598099	44.5867
720.000000	92.580368	44.5407
730.000000	92.571564	44.5858
740.000000	92.561401	44.5757
750.000000	92.556503	44.6238
762.000000	92.543007	44.6702
775.000000	92.541061	44.7957
788.000000	92.538437	44.9273
800.000000	92.540688	45.0591
812.000000	92.542839	45.2190
825.000000	92.550201	45.4221
838.000000	92.564362	45.6664
850.000000	92.583267	45.8634
862.000000	92.601097	46.0960
875.000000	92.627449	46.3636
885.000000	92.646881	46.6122
900.000000	92.689110	46.9712
912.000000	92.725021	47.2203
925.000000	92.771667	47.4964
938.000000	92.824699	47.8188
950.000000	92.874023	48.0961
962.000000	92.932861	48.3682
975.000000	92.998871	48.6380
988.000000	93.070480	48.9292
1000.000000	93.136345	49.1622
1015.000000	93.228035	49.4049
1030.000000	93.332520	49.6392
1044.000000	93.428757	49.8132
1060.000000	93.544762	49.9899
1075.000000	93.653900	50.1136
1090.000000	93.767464	50.1645
1106.000000	93.891602	50.1841
1120.000000	94.002060	50.1639
1138.000000	94.141914	50.0741
1150.000000	94.236725	49.9434
1172.000000	94.404518	49.6717
1180.000000	94.468704	49.5663
1206.000000	94.655685	49.0513
1220.000000	94.750160	48.7391
1241.000000	94.891457	48.2061
1250.000000	94.944443	47.9808
1265.000000	95.030975	47.5288
1280.000000	95.114471	47.1010
1315.000000	95.286758	45.9764
1320.000000	95.306419	45.8311
1340.000000	95.389778	45.1405
1360.000000	95.453941	44.4646
1380.000000	95.511978	43.8082
1400.000000	95.557785	43.2055
1430.000000	95.605087	42.3430
1450.000000	95.629608	41.8783
1475.000000	95.659012	41.5379
1500.000000	95.727638	41.3991
1525.000000	95.882507	40.9749
1550.000000	96.017532	39.9029
1575.000000	96.074203	38.6388
1600.000000	96.082092	37.5265
1625.000000	96.070000	36.5499
1650.000000	96.045380	35.7480
1675.000000	96.018196	34.9925
1700.000000	95.985062	34.2746
1725.000000	95.946609	33.6703
1750.000000	95.902802	33.0801
1775.000000	95.857346	32.5618
1800.000000	95.799652	32.0956
1825.000000	95.746536	31.6803
1850.000000	95.684738	31.3368
1875.000000	95.617920	31.0771
1900.000000	95.557312	30.8906
1925.000000	95.500244	30.8364
1950.000000	95.456680	30.8062
1975.000000	95.425064	30.7480
2000.000000	95.390068	30.6541
2030.000000	95.334702	30.5779
2060.000000	95.277176	30.5659
2090.000000	95.216217	30.7067
2120.000000	95.162811	30.9352
2140.000000	95.131195	31.1496
2180.000000	95.086929	31.6651
2200.000000	95.077049	32.0137
2240.000000	95.082054	32.7142
2270.000000	95.112961	33.2580
2300.000000	95.165230	33.7065
2330.000000	95.232246	34.1106
2360.000000	95.306717	34.4099
2400.000000	95.426857	34.6635
2430.000000	95.518242	34.7372
2470.000000	95.634804	34.6898
2500.000000	95.721878	34.5610
2540.000000	95.822189	34.3007
2580.000000	95.920029	33.9341
2620.000000	96.012100	33.4662
2650.000000	96.072098	33.0235
2690.000000	96.137360	32.3224
2720.000000	96.168015	31.7919
2760.000000	96.189842	31.0416
2800.000000	96.193794	30.2951
2850.000000	96.160484	29.4492
2900.000000	96.084518	28.7481
2950.000000	95.991653	28.4080
3000.000000	95.909348	28.4460
3040.000000	95.872406	28.5146
3070.000000	95.850197	28.6215
3110.000000	95.825043	28.7512
3150.000000	95.803551	28.9949
3200.000000	95.793243	29.5237
3250.000000	95.830276	30.1385
3300.000000	95.915176	30.7127
3350.000000	96.038925	31.1180
3400.000000	96.178749	31.3313
3450.000000	96.318954	31.2922
3500.000000	96.447998	31.0947
3550.000000	96.561050	30.8645
3600.000000	96.659050	30.6356
3650.000000	96.755486	30.5500
3700.000000	96.866226	30.6109
3750.000000	97.020180	30.7513
3820.000000	97.326080	30.5948
3870.000000	97.571465	29.9943
3950.000000	97.915260	28.1497
4000.000000	98.063652	26.6852
4060.000000	98.196259	24.9031
4120.000000	98.282516	23.1231
4180.000000	98.334305	21.3257
4250.000000	98.354973	19.1884
4310.000000	98.337753	17.3048
4370.000000	98.273354	15.3692
4440.000000	98.136879	13.1538
4500.000000	97.959106	11.4565
4550.000000	97.776268	10.2496
4620.000000	97.490273	8.9472
4680.000000	97.228065	8.1910
4750.000000	96.924301	7.6685
4820.000000	96.628563	7.5567
4870.000000	96.420441	7.6264
4940.000000	96.151337	7.9155
5000.000000	95.931129	8.3755
5080.000000	95.665665	9.2340
5150.000000	95.464035	10.1550
5220.000000	95.283844	11.1271
5300.000000	95.116234	12.3795
5380.000000	94.980904	13.6416
5450.000000	94.893135	14.7751
5520.000000	94.834778	15.8891
5600.000000	94.782738	17.0187
5700.000000	94.755409	18.2948
5800.000000	94.738892	19.2914
5900.000000	94.723839	20.0785
6000.000000	94.682983	20.6812
6080.000000	94.643112	21.2031
6150.000000	94.607368	21.7130
6220.000000	94.586380	22.3226
6300.000000	94.594284	22.8521
6400.000000	94.624428	23.2124
6500.000000	94.638123	23.1826
6600.000000	94.607903	22.8995
6700.000000	94.543221	22.5507
6800.000000	94.444954	22.3123
6900.000000	94.327232	22.2346
7000.000000	94.224449	22.3517
7100.000000	94.144379	22.6166
7200.000000	94.108215	22.8702
7300.000000	94.119232	22.9873
7400.000000	94.174774	22.8052
7500.000000	94.248466	22.3057
7620.000000	94.363144	21.2087
7750.000000	94.477142	19.1684
7880.000000	94.537857	16.4285
8000.000000	94.493965	13.4276
8120.000000	94.340195	10.3093
8250.000000	94.079781	7.2842
8380.000000	93.779060	4.7137
8500.000000	93.485764	2.5763
8620.000000	93.187737	0.6557
8750.000000	92.805267	-1.2044
8850.000000	92.540939	-2.2977
9000.000000	92.107254	-3.3295
9120.000000	91.787933	-3.6887
9250.000000	91.491898	-3.5002
9380.000000	91.269783	-2.9264
9500.000000	91.148331	-2.0775
9620.000000	91.113548	-1.1595
9750.000000	91.197586	-0.1877
9880.000000	91.375931	0.4192
10000.000000	91.608627	0.4677
10150.000000	91.945885	-0.3289
10300.000000	92.272079	-2.0729
10440.000000	92.534897	-4.5610
10600.000000	92.717110	-8.0763
10750.000000	92.741867	-11.7219
10900.000000	92.659554	-15.2848
11060.000000	92.467789	-18.7336
11200.000000	92.250397	-21.5083
11380.000000	91.958969	-24.4886
11500.000000	91.801460	-25.8474
11720.000000	91.776833	-29.7446
11800.000000	91.764816	-31.6547
12060.000000	91.691483	-39.5832
12200.000000	91.568436	-44.8853
12410.000000	91.143677	-54.0231
12500.000000	90.901772	-58.0239
12650.000000	90.416389	-64.8654
12800.000000	89.872192	-71.9117
13150.000000	88.301018	-88.2733
13200.000000	88.083038	-90.5958
13400.000000	87.180923	-99.7311
13600.000000	86.288010	-108.8590
13800.000000	85.469780	-117.8918
14000.000000	84.725479	-126.2943
14300.000000	84.007103	-137.9840
14500.000000	83.823448	-145.3904
14750.000000	83.986801	-154.6393
15000.000000	84.667542	-164.2473
15250.000000	85.692657	-177.1818
15500.000000	87.080032	166.0593
15750.000000	88.286331	142.9186
16000.000000	88.747307	114.3773
16250.000000	88.103554	84.4387
16500.000000	86.780182	56.9523
16750.000000	85.479630	29.1490
17000.000000	83.769363	-4.5187
17250.000000	80.368767	-44.0263
17500.000000	74.214745	-77.5840
17750.000000	65.797470	-97.5854
18000.000000	56.247581	-65.4510
18250.000000	60.517635	-28.1189
18500.000000	63.304691	-46.3483
18750.000000	64.406036	-73.3599
19000.000000	65.143394	-109.8399
19250.000000	65.066002	-149.4404
19500.000000	64.925323	161.4165
19750.000000	64.615837	101.7909
