* Measurement data measured by REW V5.20
* Source: USB-C to 3.5mm Headphone Jack Adapter, USB-C to 3.5mm Headphone Jack Adapter, 0, volume: 0.138
* Format: 256k Log Swept Sine, 1 sweep at -12.0 dBFS with no timing reference
* Dated: Mar 10, 2024 1:54:17 PM
* REW Settings:
*  C-weighting compensation: Off
*  Target level: 75.0 dB
* Note: ; 
* Measurement: white R
* Smoothing: None
* Frequency Step: 1/48 octave
* Start Frequency: 20.300 Hz
*
* Freq(Hz)	SPL(dB)	Phase(degrees)
20.299999	103.325272	154.7189
20.600000	103.193573	152.4194
20.900000	102.835144	150.3192
21.200001	102.354218	148.6797
21.400000	102.024559	147.9790
21.799999	101.520187	147.3441
22.000000	101.401840	147.1733
22.400000	101.440659	146.5200
22.700001	101.627319	145.4418
23.000000	101.841995	143.9756
23.299999	102.005730	142.4307
23.600000	102.078461	141.1299
24.000000	102.037346	140.1004
24.299999	101.941452	139.8105
24.700001	101.789230	139.6639
25.000000	101.680054	139.3569
25.400000	101.541107	138.3510
25.799999	101.393097	136.7372
26.200001	101.234741	134.9879
26.500000	101.123543	133.9083
26.900000	101.014977	132.9716
27.200001	100.976540	132.5749
27.600000	100.972290	132.1019
28.000000	100.980896	131.3541
28.500000	100.941986	129.9383
29.000000	100.854675	128.5194
29.500000	100.818550	127.5999
30.000000	100.900162	126.9527
30.400000	100.988014	126.2341
30.700001	100.999870	125.5259
31.100000	100.882957	124.5706
31.500000	100.621712	123.9908
32.000000	100.254578	123.9972
32.500000	100.078690	123.9625
33.000000	100.149384	122.4418
33.500000	100.289566	119.3261
34.000000	100.303543	116.0834
34.500000	100.141068	114.2833
35.000000	99.903984	114.4332
35.500000	99.723175	115.6596
36.000000	99.625076	116.4646
36.500000	99.546608	115.9975
37.000000	99.439316	114.4523
37.500000	99.309357	112.5851
38.200001	99.160019	110.7304
38.700001	99.111702	110.1585
39.500000	99.082748	109.5509
40.000000	99.030533	108.8933
40.599998	98.923615	107.8418
41.200001	98.815475	106.6804
41.799999	98.723343	105.5346
42.500000	98.603271	104.4380
43.099998	98.482368	103.7703
43.700001	98.365120	103.1203
44.400002	98.246696	102.1074
45.000000	98.161568	101.1145
45.500000	98.093903	100.3728
46.200001	97.978531	99.6967
46.799999	97.857681	99.5004
47.500000	97.723030	99.3034
48.200001	97.597000	98.5555
48.700001	97.500671	97.7113
49.400002	97.381371	96.5142
50.000000	97.315796	95.5874
50.799999	97.230705	94.3951
51.500000	97.110649	93.5297
52.200001	96.978989	92.8660
53.000000	96.845833	92.0659
53.799999	96.718864	91.2212
54.500000	96.619934	90.5188
55.200001	96.522072	89.7742
56.000000	96.392105	89.0020
57.000000	96.245125	88.1880
58.000000	96.084221	87.1525
59.000000	95.900032	86.3578
60.000000	95.780525	85.6378
60.799999	95.678223	84.8953
61.500000	95.567078	84.3210
62.200001	95.463257	83.8046
63.000000	95.362350	83.1155
64.000000	95.231461	82.2343
65.000000	95.104897	81.6578
66.000000	94.990936	81.0388
67.000000	94.854576	80.2986
68.000000	94.722351	79.5999
69.000000	94.580597	79.0900
70.000000	94.474815	78.7030
71.000000	94.371506	77.8805
72.000000	94.233078	77.2139
73.000000	94.130554	76.7473
74.000000	94.016281	76.0918
75.000000	93.878891	75.5364
76.199997	93.751724	75.0581
77.500000	93.622116	74.3681
78.800003	93.488258	73.7475
80.000000	93.380974	73.1750
81.199997	93.257492	72.6584
82.500000	93.124741	72.0542
83.800003	93.003944	71.4931
85.000000	92.895767	71.0070
86.199997	92.797104	70.6061
87.500000	92.692123	70.0821
88.500000	92.593430	69.7482
90.000000	92.468437	69.1933
91.199997	92.380142	68.7359
92.500000	92.285774	68.2971
93.800003	92.179970	67.8891
95.000000	92.089874	67.5789
96.199997	92.012840	67.2580
97.500000	91.932053	66.8715
98.800003	91.871750	66.3352
100.000000	91.778351	66.0644
101.500000	91.697052	65.5967
103.000000	91.591660	65.2617
104.400002	91.484383	64.9403
106.000000	91.408028	64.3835
107.500000	91.326706	64.1707
109.000000	91.263710	63.7657
110.599998	91.190079	63.2378
112.000000	91.108864	62.9591
113.800003	91.018158	62.5152
115.000000	90.995644	62.3038
117.199997	90.879456	61.8663
118.000000	90.853516	61.6759
120.599998	90.764862	61.2048
122.000000	90.700348	60.7773
124.099998	90.638512	60.3874
125.000000	90.604294	60.2438
126.500000	90.559441	59.9497
128.000000	90.514282	59.6072
131.500000	90.399406	58.8758
132.000000	90.386780	58.7935
134.000000	90.336739	58.5034
136.000000	90.287262	58.1112
138.000000	90.235519	57.7875
140.000000	90.182320	57.3915
143.000000	90.109245	56.8472
145.000000	90.071442	56.5413
147.500000	90.020035	56.1161
150.000000	89.981148	55.7791
152.500000	89.928886	55.2763
155.000000	89.895569	55.0073
157.500000	89.843475	54.5501
160.000000	89.790680	54.2243
162.500000	89.748848	53.8862
165.000000	89.704269	53.5387
167.500000	89.666245	53.2588
170.000000	89.632011	52.9353
172.500000	89.579330	52.6970
175.000000	89.543144	52.6602
177.500000	89.548454	52.7452
180.000000	89.538048	52.5735
182.500000	89.591301	52.7078
185.000000	89.681122	52.6077
187.500000	89.735748	52.2657
190.000000	89.777687	51.3900
192.500000	89.777939	50.6712
195.000000	89.790039	50.1320
197.500000	89.763069	49.5612
200.000000	89.754379	49.0673
203.000000	89.708023	48.5482
206.000000	89.696587	47.9663
209.000000	89.670944	47.5251
212.000000	89.660645	47.0868
214.000000	89.646118	46.8388
218.000000	89.618790	46.3483
220.000000	89.604858	46.1104
224.000000	89.583069	45.6158
227.000000	89.570114	45.2961
230.000000	89.558098	44.9413
233.000000	89.546173	44.5843
236.000000	89.537140	44.2897
240.000000	89.526474	43.9306
243.000000	89.509712	43.5722
247.000000	89.499222	43.1262
250.000000	89.497063	42.8698
254.000000	89.487732	42.5575
258.000000	89.480209	42.2030
262.000000	89.471710	41.7832
265.000000	89.465889	41.5161
269.000000	89.459450	41.2023
272.000000	89.455406	40.9738
276.000000	89.454636	40.6740
280.000000	89.449638	40.3681
285.000000	89.437553	40.0046
290.000000	89.430191	39.6848
295.000000	89.433472	39.3462
300.000000	89.432175	39.0355
304.000000	89.440201	38.8102
307.000000	89.440567	38.5958
311.000000	89.441177	38.3208
315.000000	89.448639	38.1011
320.000000	89.442680	37.7555
325.000000	89.445786	37.4427
330.000000	89.448868	37.1719
335.000000	89.442368	36.8450
340.000000	89.438286	36.5945
345.000000	89.441055	36.3327
350.000000	89.439980	36.1143
355.000000	89.443054	35.8815
360.000000	89.438812	35.6119
365.000000	89.431709	35.3850
370.000000	89.434006	35.1723
375.000000	89.433105	34.9959
382.000000	89.430870	34.7361
387.000000	89.433243	34.5840
395.000000	89.427719	34.2853
400.000000	89.429199	34.0798
406.000000	89.432594	33.9401
412.000000	89.427948	33.8142
418.000000	89.432869	33.6277
425.000000	89.435349	33.4794
431.000000	89.433876	33.2864
437.000000	89.436348	33.1850
444.000000	89.439171	33.0908
450.000000	89.442200	33.0080
455.000000	89.439514	32.9036
462.000000	89.444870	32.7536
468.000000	89.448265	32.6397
475.000000	89.454659	32.5942
482.000000	89.454529	32.5170
487.000000	89.460625	32.4796
494.000000	89.462807	32.3780
500.000000	89.465355	32.2926
508.000000	89.475006	32.2317
515.000000	89.485085	32.1979
522.000000	89.483681	32.1474
530.000000	89.491470	32.1616
538.000000	89.498169	32.1128
545.000000	89.501640	32.0420
552.000000	89.506897	32.0234
560.000000	89.512878	32.0528
570.000000	89.521713	32.1238
580.000000	89.531746	32.1413
590.000000	89.542999	32.1404
600.000000	89.552902	32.1878
608.000000	89.558960	32.2647
615.000000	89.569916	32.3290
622.000000	89.579361	32.3975
630.000000	89.588982	32.4835
640.000000	89.601135	32.5834
650.000000	89.621490	32.6474
660.000000	89.636620	32.8109
670.000000	89.650970	32.9905
680.000000	89.661552	33.1134
690.000000	89.688034	33.2819
700.000000	89.707108	33.4771
710.000000	89.724548	33.6620
720.000000	89.743370	33.8749
730.000000	89.773399	34.0875
740.000000	89.800934	34.2980
750.000000	89.829857	34.4871
762.000000	89.862793	34.7851
775.000000	89.904068	35.1038
788.000000	89.951416	35.4470
800.000000	89.992310	35.7374
812.000000	90.042648	36.0492
825.000000	90.098160	36.3553
838.000000	90.152588	36.6717
850.000000	90.199554	36.9940
862.000000	90.260971	37.3279
875.000000	90.327209	37.6884
885.000000	90.374481	37.9291
900.000000	90.468414	38.3023
912.000000	90.537750	38.6400
925.000000	90.610321	38.9580
938.000000	90.698647	39.3174
950.000000	90.772781	39.6302
962.000000	90.859383	39.8456
975.000000	90.964859	40.1273
988.000000	91.058990	40.3800
1000.000000	91.143135	40.6303
1015.000000	91.274811	40.8605
1030.000000	91.397331	41.0725
1044.000000	91.513985	41.2355
1060.000000	91.655899	41.3517
1075.000000	91.794777	41.3977
1090.000000	91.920341	41.4318
1106.000000	92.055122	41.4476
1120.000000	92.175888	41.3751
1138.000000	92.333473	41.2479
1150.000000	92.437500	41.0867
1172.000000	92.617912	40.7930
1180.000000	92.681503	40.6953
1206.000000	92.872711	40.2692
1220.000000	92.971771	40.0048
1241.000000	93.120865	39.5225
1250.000000	93.187714	39.2760
1265.000000	93.281250	38.9333
1280.000000	93.376640	38.5760
1315.000000	93.553192	37.7507
1320.000000	93.579041	37.6298
1340.000000	93.677414	37.0882
1360.000000	93.770096	36.5624
1380.000000	93.853104	35.9964
1400.000000	93.931244	35.5595
1430.000000	94.027786	34.8450
1450.000000	94.087143	34.4003
1475.000000	94.165489	33.8206
1500.000000	94.241035	33.2941
1525.000000	94.296570	32.7738
1550.000000	94.344147	32.3158
1575.000000	94.392952	31.8989
1600.000000	94.447617	31.4832
1625.000000	94.500908	31.0624
1650.000000	94.544464	30.7166
1675.000000	94.586197	30.3502
1700.000000	94.620987	30.0559
1725.000000	94.658264	29.7459
1750.000000	94.704338	29.4489
1775.000000	94.750366	29.1831
1800.000000	94.784760	28.9651
1825.000000	94.821083	28.7502
1850.000000	94.858826	28.5666
1875.000000	94.890640	28.3799
1900.000000	94.928726	28.1723
1925.000000	94.973106	28.0321
1950.000000	95.018623	27.9066
1975.000000	95.056404	27.7865
2000.000000	95.092918	27.7420
2030.000000	95.149002	27.5612
2060.000000	95.207809	27.5022
2090.000000	95.267876	27.4166
2120.000000	95.335609	27.3190
2140.000000	95.378273	27.2767
2180.000000	95.464241	27.2198
2200.000000	95.509972	27.1852
2240.000000	95.621361	27.0808
2270.000000	95.710159	26.9983
2300.000000	95.794380	26.9259
2330.000000	95.886826	26.8193
2360.000000	95.982819	26.7071
2400.000000	96.120125	26.5131
2430.000000	96.236191	26.2638
2470.000000	96.401077	25.9119
2500.000000	96.520042	25.5552
2540.000000	96.676483	25.0021
2580.000000	96.833290	24.2831
2620.000000	96.991951	23.4193
2650.000000	97.113373	22.6140
2690.000000	97.257965	21.4425
2720.000000	97.343262	20.4226
2760.000000	97.416260	18.9357
2800.000000	97.438187	17.4203
2850.000000	97.411461	15.5795
2900.000000	97.337036	14.0561
2950.000000	97.227325	12.8565
3000.000000	97.103355	11.9906
3040.000000	96.995560	11.5159
3070.000000	96.922272	11.2640
3110.000000	96.839005	11.0145
3150.000000	96.767456	10.8443
3200.000000	96.685783	10.7927
3250.000000	96.616791	10.8629
3300.000000	96.564957	10.9905
3350.000000	96.538063	11.2063
3400.000000	96.537239	11.4535
3450.000000	96.555557	11.6454
3500.000000	96.594086	11.7864
3550.000000	96.639809	11.8744
3600.000000	96.701012	11.8335
3650.000000	96.768250	11.7128
3700.000000	96.841911	11.4344
3750.000000	96.911224	11.1108
3820.000000	96.984062	10.4910
3870.000000	97.026001	10.0143
3950.000000	97.080116	9.3338
4000.000000	97.132347	8.7800
4060.000000	97.205925	8.5514
4120.000000	97.305794	7.9085
4180.000000	97.411919	6.9936
4250.000000	97.526581	5.5462
4310.000000	97.599281	3.9943
4370.000000	97.625702	2.2582
4440.000000	97.593956	0.0639
4500.000000	97.511185	-1.8562
4550.000000	97.403641	-3.4671
4620.000000	97.203995	-5.6037
4680.000000	96.987656	-7.3170
4750.000000	96.685799	-9.0760
4820.000000	96.336288	-10.5073
4870.000000	96.067307	-11.3439
4940.000000	95.671326	-12.2224
5000.000000	95.317093	-12.6888
5080.000000	94.845901	-12.9553
5150.000000	94.431610	-12.7965
5220.000000	94.025238	-12.3608
5300.000000	93.566238	-11.5319
5380.000000	93.141762	-10.3545
5450.000000	92.788177	-9.0916
5520.000000	92.462387	-7.5989
5600.000000	92.120209	-5.7071
5700.000000	91.732399	-3.1476
5800.000000	91.403824	-0.3105
5900.000000	91.128647	2.7164
6000.000000	90.905678	6.0427
6080.000000	90.798523	8.3243
6150.000000	90.728188	10.5566
6220.000000	90.681808	12.7212
6300.000000	90.645538	15.2237
6400.000000	90.670166	18.2359
6500.000000	90.737747	21.1963
6600.000000	90.851692	23.9379
6700.000000	91.018463	26.4775
6800.000000	91.228516	28.8413
6900.000000	91.483124	30.8905
7000.000000	91.770905	32.6811
7100.000000	92.100418	34.0518
7200.000000	92.478119	35.0976
7300.000000	92.880142	35.6138
7400.000000	93.282593	35.5007
7500.000000	93.676361	34.7413
7620.000000	94.124504	33.0784
7750.000000	94.529114	30.1025
7880.000000	94.779831	26.2587
8000.000000	94.852173	22.1706
8120.000000	94.678360	18.0430
8250.000000	94.353973	14.0677
8380.000000	93.883682	10.8311
8500.000000	93.385948	8.4428
8620.000000	92.834435	6.7383
8750.000000	92.201736	5.6888
8850.000000	91.701843	5.4688
9000.000000	91.010605	5.8523
9120.000000	90.492119	6.7451
9250.000000	89.993660	8.2827
9380.000000	89.581734	10.1496
9500.000000	89.278412	11.9941
9620.000000	89.018295	14.0007
9750.000000	88.829971	16.1601
9880.000000	88.720245	18.3117
10000.000000	88.630287	19.8602
10150.000000	88.687286	21.8606
10300.000000	88.765533	23.5727
10440.000000	88.861572	24.8058
10600.000000	89.053032	26.2794
10750.000000	89.368179	27.3501
10900.000000	89.767792	27.8465
11060.000000	90.316269	27.6180
11200.000000	90.873741	26.5952
11380.000000	91.657379	23.7636
11500.000000	92.212311	20.9017
11720.000000	93.191101	13.0755
11800.000000	93.496185	9.5442
12060.000000	94.159615	-4.1356
12200.000000	94.302879	-11.9792
12410.000000	94.401947	-23.8167
12500.000000	94.484642	-29.4882
12650.000000	94.098717	-42.4422
12800.000000	93.166710	-46.7214
13150.000000	93.410103	-63.8288
13200.000000	93.436371	-67.3420
13400.000000	93.126228	-83.5651
13600.000000	92.200966	-99.2301
13800.000000	91.060715	-112.7826
14000.000000	89.914139	-125.0579
14300.000000	88.392982	-142.8356
14500.000000	87.435318	-155.2740
14750.000000	86.306274	-172.3442
15000.000000	84.921837	168.1559
15250.000000	82.972031	146.8740
15500.000000	79.919136	128.8458
15750.000000	76.689987	125.1058
16000.000000	76.336792	128.9622
16250.000000	78.215332	121.2394
16500.000000	80.275070	104.7606
16750.000000	84.116196	71.3841
17000.000000	87.413574	6.2556
17250.000000	83.390472	-64.5397
17500.000000	78.873596	-108.4941
17750.000000	75.636688	-147.4886
18000.000000	72.842247	171.8477
18250.000000	71.000549	127.2441
18500.000000	69.718224	70.7440
18750.000000	68.382538	7.4106
19000.000000	65.628174	-74.1546
19250.000000	61.253693	-161.9856
19500.000000	55.760151	104.9288
19750.000000	52.626553	-9.0010
