* Measurement data measured by REW V5.20
* Source: USB-C to 3.5mm Headphone Jack Adapter, USB-C to 3.5mm Headphone Jack Adapter, 0, volume: 0.138
* Format: 256k Log Swept Sine, 1 sweep at -12.0 dBFS with no timing reference
* Dated: Jun 14, 2024 3:08:15 PM
* REW Settings:
*  C-weighting compensation: Off
*  Target level: 75.0 dB
* Note: 
* Measurement: Noir L NC
* Smoothing: None
* Frequency Step: 1/48 octave
* Start Frequency: 20.300 Hz
*
* Freq(Hz)	SPL(dB)	Phase(degrees)
20.299999	101.775398	-174.9047
20.600000	101.765205	-175.7803
20.900000	101.748474	-176.5519
21.200001	101.732407	-177.2988
21.400000	101.723633	-177.7856
21.799999	101.712006	-178.7336
22.000000	101.709167	-179.1947
22.400000	101.708267	179.9065
22.700001	101.709747	179.2468
23.000000	101.710785	178.5919
23.299999	101.709213	177.9364
23.600000	101.703346	177.2777
24.000000	101.687943	176.3963
24.299999	101.671768	175.7345
24.700001	101.646759	174.8493
25.000000	101.626953	174.1802
25.400000	101.599915	173.2819
25.799999	101.572220	172.3941
26.200001	101.545624	171.5460
26.500000	101.528900	170.9475
26.900000	101.514442	170.1897
27.200001	101.510109	169.6319
27.600000	101.509148	168.8696
28.000000	101.506012	168.0765
28.500000	101.488052	167.0851
29.000000	101.454430	166.1772
29.500000	101.416962	165.3755
30.000000	101.386063	164.6068
30.400000	101.365219	163.9605
30.700001	101.349174	163.4496
31.100000	101.324966	162.7494
31.500000	101.298004	162.0560
32.000000	101.263992	161.2246
32.500000	101.231750	160.4269
33.000000	101.198875	159.6460
33.500000	101.162811	158.8797
34.000000	101.124893	158.1307
34.500000	101.088333	157.3904
35.000000	101.054237	156.6479
35.500000	101.020950	155.9055
36.000000	100.986328	155.1767
36.500000	100.949371	154.4700
37.000000	100.910797	153.7820
37.500000	100.872894	153.1003
38.200001	100.824471	152.1244
38.700001	100.791145	151.4077
39.500000	100.730614	150.3193
40.000000	100.690765	149.7349
40.599998	100.649582	149.0897
41.200001	100.612152	148.3876
41.799999	100.564148	147.6027
42.500000	100.492981	146.7266
43.099998	100.439674	146.0739
43.700001	100.403358	145.4137
44.400002	100.361809	144.5405
45.000000	100.312645	143.7904
45.500000	100.268639	143.2322
46.200001	100.216835	142.5111
46.799999	100.176262	141.8577
47.500000	100.114685	141.0812
48.200001	100.047333	140.4289
48.700001	100.014015	140.0146
49.400002	99.983994	139.3079
50.000000	99.939255	138.5714
50.799999	99.841469	137.7365
51.500000	99.781639	137.1464
52.200001	99.754745	136.2784
53.000000	99.683159	135.1283
53.799999	99.591248	134.5790
54.500000	99.564140	134.3489
55.200001	99.541069	133.8028
56.000000	99.457428	133.0092
57.000000	99.366745	132.1668
58.000000	99.306656	131.1464
59.000000	99.225548	130.3565
60.000000	99.163887	129.5890
60.799999	99.090195	128.8573
61.500000	99.018135	128.3336
62.200001	98.963463	127.8422
63.000000	98.906631	127.2052
64.000000	98.832253	126.4632
65.000000	98.766266	125.6966
66.000000	98.683014	124.9273
67.000000	98.610382	124.2450
68.000000	98.534065	123.5029
69.000000	98.448494	122.8320
70.000000	98.373138	122.1407
71.000000	98.296944	121.4760
72.000000	98.223686	120.8621
73.000000	98.152206	120.2205
74.000000	98.076965	119.5738
75.000000	97.993797	119.0326
76.199997	97.907425	118.3644
77.500000	97.841202	117.4437
78.800003	97.760025	116.6568
80.000000	97.676003	116.1873
81.199997	97.572708	115.6053
82.500000	97.492363	114.9952
83.800003	97.419884	114.2230
85.000000	97.353714	113.5687
86.199997	97.276253	112.9350
87.500000	97.183472	112.3049
88.500000	97.105286	111.7223
90.000000	97.039093	110.9355
91.199997	96.962936	110.5204
92.500000	96.863708	109.7809
93.800003	96.821693	109.1586
95.000000	96.732391	108.7743
96.199997	96.634338	108.1793
97.500000	96.590141	107.4044
98.800003	96.540977	107.6557
100.000000	96.015900	106.0839
101.500000	96.282761	106.2417
103.000000	96.334091	104.7952
104.400002	96.213791	105.1429
106.000000	96.102066	104.1490
107.500000	96.045540	103.6937
109.000000	95.946960	103.0515
110.599998	95.889343	102.5959
112.000000	95.790985	102.0185
113.800003	95.735771	101.4278
115.000000	95.666954	101.1293
117.199997	95.544891	100.4274
118.000000	95.521408	100.1867
120.599998	95.388992	99.4356
122.000000	95.358765	98.9246
124.099998	95.254013	98.2035
125.000000	95.220779	97.9163
126.500000	95.148132	97.5221
128.000000	95.096603	97.1077
131.500000	94.969803	96.2045
132.000000	94.953773	96.0358
134.000000	94.870445	95.4937
136.000000	94.792488	94.9999
138.000000	94.721863	94.5157
140.000000	94.652847	93.9562
143.000000	94.561562	93.2843
145.000000	94.485428	92.8273
147.500000	94.407532	92.2827
150.000000	94.319633	91.7507
152.500000	94.243149	91.1872
155.000000	94.177185	90.8005
157.500000	94.100899	90.3665
160.000000	94.030075	89.9268
162.500000	93.973129	89.5553
165.000000	93.908562	89.1740
167.500000	93.852966	88.8971
170.000000	93.810394	88.6141
172.500000	93.773705	88.4769
175.000000	93.774765	88.1728
177.500000	93.764725	87.9781
180.000000	93.802170	87.5480
182.500000	93.826584	86.8454
185.000000	93.835213	86.4085
187.500000	93.817757	85.8293
190.000000	93.795998	85.1350
192.500000	93.774040	84.4747
195.000000	93.754105	83.8753
197.500000	93.729591	83.2613
200.000000	93.684875	82.7019
203.000000	93.660080	81.5580
206.000000	93.625076	81.5444
209.000000	93.591492	80.9908
212.000000	93.564392	80.3617
214.000000	93.545074	80.0766
218.000000	93.508362	79.3477
220.000000	93.494011	79.0190
224.000000	93.466469	78.2608
227.000000	93.441589	77.7867
230.000000	93.419006	77.2956
233.000000	93.400131	76.8086
236.000000	93.382774	76.3190
240.000000	93.346550	75.6473
243.000000	93.343010	75.2028
247.000000	93.327408	74.6287
250.000000	93.314758	74.1420
254.000000	93.298218	73.5484
258.000000	93.276016	72.9601
262.000000	93.264572	72.3077
265.000000	93.259369	71.8297
269.000000	93.240112	71.3504
272.000000	93.219322	70.9583
276.000000	93.223000	70.2764
280.000000	93.215858	69.6647
285.000000	93.173805	68.9769
290.000000	93.133087	68.4600
295.000000	93.169113	67.7178
300.000000	93.147240	66.8981
304.000000	93.180328	66.4415
307.000000	93.141846	66.0908
311.000000	93.114471	65.3817
315.000000	93.116844	64.9312
320.000000	93.108238	64.3325
325.000000	93.106071	63.7158
330.000000	93.101158	63.1533
335.000000	93.071167	62.4685
340.000000	93.068268	61.9011
345.000000	93.057571	61.3831
350.000000	93.056915	60.6750
355.000000	93.046829	60.2080
360.000000	93.025276	59.6562
365.000000	93.029663	59.1786
370.000000	93.002693	58.6180
375.000000	92.992477	58.0894
382.000000	92.970207	57.4148
387.000000	92.948997	56.8959
395.000000	92.934219	56.1340
400.000000	92.917442	55.6635
406.000000	92.840446	55.2952
412.000000	92.897308	54.5218
418.000000	92.876045	54.1319
425.000000	92.839806	53.5787
431.000000	92.828545	53.1745
437.000000	92.839485	52.6704
444.000000	92.809967	52.2429
450.000000	92.817398	51.7014
455.000000	92.810188	51.2898
462.000000	92.795059	50.7218
468.000000	92.781715	50.1374
475.000000	92.744331	49.4805
482.000000	92.701385	49.0793
487.000000	92.664200	48.9178
494.000000	92.630775	48.6980
500.000000	92.631958	48.3485
508.000000	92.586952	48.0410
515.000000	92.592422	47.6659
522.000000	92.629379	47.2893
530.000000	92.586014	47.0053
538.000000	92.574211	46.5731
545.000000	92.568466	46.1770
552.000000	92.545883	46.0072
560.000000	92.507690	45.6419
570.000000	92.490623	45.1883
580.000000	92.465782	44.8328
590.000000	92.439224	44.5888
600.000000	92.408081	44.2156
608.000000	92.402359	43.9571
615.000000	92.370697	43.8231
622.000000	92.356575	43.6658
630.000000	92.322250	43.4758
640.000000	92.312340	43.2788
650.000000	92.285675	43.1352
660.000000	92.265327	43.0047
670.000000	92.244812	42.8732
680.000000	92.219131	42.7849
690.000000	92.194359	42.6230
700.000000	92.187370	42.6740
710.000000	92.162025	42.6070
720.000000	92.146103	42.5615
730.000000	92.139633	42.5739
740.000000	92.113693	42.5772
750.000000	92.115700	42.5759
762.000000	92.106163	42.6736
775.000000	92.092087	42.7780
788.000000	92.087730	42.9196
800.000000	92.080612	43.0373
812.000000	92.085571	43.1847
825.000000	92.088104	43.4429
838.000000	92.100113	43.6625
850.000000	92.115883	43.8409
862.000000	92.131218	44.0779
875.000000	92.147942	44.3596
885.000000	92.172401	44.5536
900.000000	92.206100	44.8878
912.000000	92.242615	45.1509
925.000000	92.287872	45.4097
938.000000	92.323814	45.7039
950.000000	92.375961	46.0045
962.000000	92.432899	46.2542
975.000000	92.497154	46.5088
988.000000	92.564331	46.7491
1000.000000	92.628410	46.9631
1015.000000	92.714050	47.2001
1030.000000	92.807709	47.3945
1044.000000	92.898949	47.5551
1060.000000	93.005074	47.6892
1075.000000	93.107231	47.8140
1090.000000	93.206581	47.8647
1106.000000	93.319817	47.8714
1120.000000	93.422295	47.8887
1138.000000	93.548630	47.8108
1150.000000	93.641266	47.7778
1172.000000	93.817856	47.5071
1180.000000	93.877319	47.3380
1206.000000	94.060822	46.7195
1220.000000	94.150337	46.4041
1241.000000	94.269913	45.8268
1250.000000	94.313583	45.5645
1265.000000	94.392662	45.1212
1280.000000	94.463272	44.6699
1315.000000	94.603508	43.6107
1320.000000	94.617348	43.4267
1340.000000	94.680099	42.7953
1360.000000	94.730949	42.2314
1380.000000	94.771027	41.6385
1400.000000	94.801147	41.1008
1430.000000	94.827766	40.4874
1450.000000	94.839333	40.2501
1475.000000	94.895981	40.2697
1500.000000	95.037582	40.2184
1525.000000	95.218002	39.4105
1550.000000	95.325989	38.0841
1575.000000	95.354286	36.8260
1600.000000	95.347214	35.7525
1625.000000	95.326019	34.8476
1650.000000	95.290375	34.0525
1675.000000	95.263809	33.3622
1700.000000	95.226028	32.7396
1725.000000	95.189049	32.1411
1750.000000	95.146683	31.6302
1775.000000	95.097992	31.1534
1800.000000	95.053757	30.7188
1825.000000	94.998444	30.3301
1850.000000	94.952896	29.9680
1875.000000	94.900375	29.7066
1900.000000	94.847626	29.4106
1925.000000	94.788307	29.2167
1950.000000	94.723221	29.0726
1975.000000	94.662140	28.9539
2000.000000	94.601128	28.9328
2030.000000	94.532486	29.0084
2060.000000	94.466301	29.1663
2090.000000	94.411720	29.3821
2120.000000	94.354889	29.7805
2140.000000	94.328911	30.0813
2180.000000	94.298187	30.7673
2200.000000	94.306465	31.1761
2240.000000	94.341675	31.9518
2270.000000	94.404625	32.4830
2300.000000	94.457794	33.0706
2330.000000	94.566910	33.5403
2360.000000	94.668747	33.8434
2400.000000	94.837051	33.9756
2430.000000	94.958328	33.8741
2470.000000	95.095245	33.6490
2500.000000	95.185623	33.3811
2540.000000	95.311485	33.0242
2580.000000	95.432495	32.5029
2620.000000	95.555107	31.8042
2650.000000	95.632721	31.1854
2690.000000	95.705276	30.2332
2720.000000	95.737450	29.4961
2760.000000	95.766739	28.5382
2800.000000	95.763878	27.5553
2850.000000	95.744675	26.4149
2900.000000	95.678902	25.4033
2950.000000	95.573586	24.5321
3000.000000	95.442993	24.0647
3040.000000	95.355774	24.0056
3070.000000	95.319382	24.0873
3110.000000	95.287888	24.1882
3150.000000	95.277901	24.1076
3200.000000	95.242592	23.8947
3250.000000	95.194984	23.7246
3300.000000	95.099915	23.6961
3350.000000	94.982742	24.1234
3400.000000	94.903763	25.2639
3450.000000	94.909790	26.7145
3500.000000	95.042068	28.1850
3550.000000	95.250092	29.2687
3600.000000	95.499924	29.9189
3650.000000	95.755333	30.1577
3700.000000	96.010475	30.0821
3750.000000	96.266312	29.7715
3820.000000	96.634003	28.9549
3870.000000	96.883003	27.8964
3950.000000	97.204094	25.4937
4000.000000	97.334991	23.7453
4060.000000	97.409348	21.6197
4120.000000	97.412529	19.5218
4180.000000	97.347275	17.6262
4250.000000	97.216957	15.7819
4310.000000	97.080811	14.4802
4370.000000	96.929092	13.4138
4440.000000	96.741417	12.3429
4500.000000	96.564148	11.5929
4550.000000	96.401146	11.0858
4620.000000	96.151833	10.6467
4680.000000	95.932114	10.5820
4750.000000	95.677383	10.8524
4820.000000	95.434853	11.4133
4870.000000	95.282089	11.9698
4940.000000	95.083237	12.9349
5000.000000	94.933693	13.8842
5080.000000	94.769974	15.3431
5150.000000	94.655052	16.6866
5220.000000	94.574905	18.0513
5300.000000	94.506622	19.6974
5380.000000	94.480347	21.3619
5450.000000	94.483360	22.7352
5520.000000	94.521362	24.1339
5600.000000	94.588959	25.6078
5700.000000	94.722214	27.2579
5800.000000	94.910034	28.4927
5900.000000	95.135414	29.2532
6000.000000	95.366913	29.4303
6080.000000	95.537148	29.1678
6150.000000	95.660042	28.6311
6220.000000	95.756577	27.8903
6300.000000	95.815689	26.8330
6400.000000	95.819672	25.4931
6500.000000	95.766357	24.2203
6600.000000	95.670815	23.1022
6700.000000	95.559509	22.0518
6800.000000	95.433640	21.1607
6900.000000	95.303055	20.3931
7000.000000	95.164345	19.7346
7100.000000	95.052879	19.1797
7200.000000	94.973251	18.7170
7300.000000	94.941208	18.0685
7400.000000	94.940979	17.1327
7500.000000	94.955673	15.8679
7620.000000	94.975021	13.7897
7750.000000	94.954826	10.9433
7880.000000	94.860870	7.5201
8000.000000	94.670052	4.1038
8120.000000	94.385620	0.7933
8250.000000	93.981476	-2.4561
8380.000000	93.526512	-5.1338
8500.000000	93.099358	-7.2728
8620.000000	92.624451	-9.1187
8750.000000	92.083633	-10.2749
8850.000000	91.686508	-10.6788
9000.000000	91.149368	-10.6327
9120.000000	90.720787	-10.4641
9250.000000	90.375748	-9.2419
9380.000000	90.065727	-7.7188
9500.000000	89.851524	-5.9178
9620.000000	89.737892	-3.8599
9750.000000	89.731384	-1.6064
9880.000000	89.840263	0.6448
10000.000000	90.049149	2.2575
10150.000000	90.415237	3.6665
10300.000000	90.869904	3.8797
10440.000000	91.275375	3.0326
10600.000000	91.665901	0.8357
10750.000000	91.897713	-1.9809
10900.000000	91.993622	-5.1170
11060.000000	91.958893	-8.4740
11200.000000	91.856064	-11.1180
11380.000000	91.678673	-14.0526
11500.000000	91.575439	-15.8326
11720.000000	91.482704	-19.0905
11800.000000	91.494568	-20.5734
12060.000000	91.590286	-26.9757
12200.000000	91.607887	-31.9059
12410.000000	91.439995	-39.7493
12500.000000	91.382973	-43.3998
12650.000000	91.236320	-50.2795
12800.000000	91.000610	-57.6253
13150.000000	90.251396	-75.6920
13200.000000	90.142059	-78.3336
13400.000000	89.630417	-89.5437
13600.000000	89.083351	-100.7770
13800.000000	88.479790	-111.6832
14000.000000	87.951302	-121.6879
14300.000000	87.405716	-135.2206
14500.000000	87.387085	-143.4460
14750.000000	87.794739	-153.8549
15000.000000	88.801498	-166.7441
15250.000000	89.838135	173.6977
15500.000000	90.318298	150.3400
15750.000000	90.505302	125.5839
16000.000000	90.186951	96.4285
16250.000000	89.051056	65.9584
16500.000000	87.562149	33.5655
16750.000000	85.094521	-6.3105
17000.000000	80.238258	-49.4254
17250.000000	73.011169	-88.3305
17500.000000	63.224743	-132.4023
17750.000000	56.888252	114.3423
18000.000000	62.075405	53.8408
18250.000000	65.064621	20.4980
18500.000000	65.718163	-8.3662
18750.000000	66.109970	-41.9604
19000.000000	66.224693	-77.0486
19250.000000	66.265251	-119.2806
19500.000000	66.102951	-169.4105
19750.000000	65.995369	127.1589
