* Measurement data measured by REW V5.20
* Source: USB-C to 3.5mm Headphone Jack Adapter, USB-C to 3.5mm Headphone Jack Adapter, 0, volume: 0.138
* Format: 256k Log Swept Sine, 1 sweep at -12.0 dBFS with no timing reference
* Dated: May 7, 2024 1:46:45 PM
* REW Settings:
*  C-weighting compensation: Off
*  Target level: 75.0 dB
* Note: 
* Measurement: S2 R
* Smoothing: None
* Frequency Step: 1/48 octave
* Start Frequency: 20.300 Hz
*
* Freq(Hz)	SPL(dB)	Phase(degrees)
20.299999	101.436729	-171.7144
20.600000	101.436386	-172.5577
20.900000	101.429970	-173.2979
21.200001	101.424469	-174.0251
21.400000	101.422676	-174.5134
21.799999	101.422775	-175.5165
22.000000	101.423492	-176.0333
22.400000	101.423065	-177.0865
22.700001	101.418938	-177.8725
23.000000	101.411461	-178.6350
23.299999	101.402084	-179.3609
23.600000	101.393097	179.9526
24.000000	101.385201	179.0829
24.299999	101.382729	178.4433
24.700001	101.380920	177.5812
25.000000	101.376808	176.9243
25.400000	101.363297	176.0512
25.799999	101.340446	175.2132
26.200001	101.314011	174.4235
26.500000	101.296516	173.8486
26.900000	101.279549	173.0646
27.200001	101.270866	172.4424
27.600000	101.260033	171.5733
28.000000	101.246208	170.7103
28.500000	101.226921	169.7491
29.000000	101.217010	168.9570
29.500000	101.219986	168.2249
30.000000	101.218010	167.3984
30.400000	101.197449	166.6472
30.700001	101.168190	166.0624
31.100000	101.116623	165.3028
31.500000	101.064209	164.5928
32.000000	101.015404	163.7470
32.500000	100.987717	162.8908
33.000000	100.967422	162.0267
33.500000	100.943184	161.2101
34.000000	100.913811	160.4595
34.500000	100.881264	159.7292
35.000000	100.845062	158.9738
35.500000	100.806396	158.2021
36.000000	100.771294	157.4447
36.500000	100.743607	156.7031
37.000000	100.717873	155.9657
37.500000	100.684982	155.2506
38.200001	100.626816	154.3377
38.700001	100.586830	153.7112
39.500000	100.529938	152.5934
40.000000	100.490738	151.8440
40.599998	100.441696	151.0117
41.200001	100.401390	150.2787
41.799999	100.369278	149.5740
42.500000	100.326050	148.7356
43.099998	100.279762	148.0283
43.700001	100.231346	147.3212
44.400002	100.173073	146.4560
45.000000	100.119072	145.7184
45.500000	100.075706	145.1520
46.200001	100.026215	144.4208
46.799999	99.990196	143.7894
47.500000	99.939934	143.0228
48.200001	99.876968	142.2596
48.700001	99.829773	141.7221
49.400002	99.768463	140.9789
50.000000	99.723572	140.3629
50.799999	99.669388	139.5638
51.500000	99.612740	138.8832
52.200001	99.548813	138.2449
53.000000	99.486679	137.4873
53.799999	99.427452	136.6665
54.500000	99.371147	136.0490
55.200001	99.319382	135.4733
56.000000	99.245148	134.7018
57.000000	99.153603	133.8860
58.000000	99.120972	133.0156
59.000000	98.996376	132.3167
60.000000	98.900314	132.1275
60.799999	98.874107	131.2080
61.500000	98.803108	130.1887
62.200001	98.734406	129.5850
63.000000	98.700874	129.0504
64.000000	98.620369	128.2228
65.000000	98.532333	127.5482
66.000000	98.466743	126.7504
67.000000	98.383179	126.1003
68.000000	98.312653	125.4094
69.000000	98.225624	124.6463
70.000000	98.151306	124.0835
71.000000	98.087151	123.4445
72.000000	98.009857	122.7900
73.000000	97.939743	122.1524
74.000000	97.858414	121.5652
75.000000	97.789482	121.0184
76.199997	97.703552	120.2023
77.500000	97.608498	119.5009
78.800003	97.516731	118.7933
80.000000	97.425735	118.1489
81.199997	97.343765	117.5017
82.500000	97.251907	116.7372
83.800003	97.163887	116.2186
85.000000	97.088242	115.6375
86.199997	97.008858	115.0480
87.500000	96.926331	114.4221
88.500000	96.864975	114.0024
90.000000	96.763550	113.3382
91.199997	96.692734	112.7923
92.500000	96.614845	112.2609
93.800003	96.538063	111.7023
95.000000	96.459831	111.2445
96.199997	96.396553	110.7657
97.500000	96.318359	110.2553
98.800003	96.243668	109.7637
100.000000	96.176651	109.3303
101.500000	96.095306	108.7804
103.000000	96.022148	108.2765
104.400002	95.952950	107.7962
106.000000	95.870438	107.2249
107.500000	95.798912	106.7543
109.000000	95.718719	106.2499
110.599998	95.647964	105.7927
112.000000	95.578094	105.3555
113.800003	95.486526	104.8112
115.000000	95.448959	104.4009
117.199997	95.358490	103.8933
118.000000	95.321075	103.6488
120.599998	95.213287	102.9832
122.000000	95.169128	102.5763
124.099998	95.084610	102.0858
125.000000	95.054077	101.8325
126.500000	95.003799	101.4424
128.000000	94.950981	101.0728
131.500000	94.835457	100.2192
132.000000	94.818443	100.0971
134.000000	94.755173	99.6776
136.000000	94.695251	99.2050
138.000000	94.644737	98.7808
140.000000	94.586212	98.3782
143.000000	94.511162	97.7105
145.000000	94.460297	97.3309
147.500000	94.401382	96.8041
150.000000	94.348213	96.2988
152.500000	94.294632	95.7835
155.000000	94.252014	95.3749
157.500000	94.201477	94.8507
160.000000	94.154831	94.3795
162.500000	94.114487	93.9607
165.000000	94.066956	93.4387
167.500000	94.032906	93.0360
170.000000	94.008759	92.5678
172.500000	93.968491	92.1656
175.000000	93.943558	91.7426
177.500000	93.919014	91.3340
180.000000	93.859818	91.0031
182.500000	93.869324	90.4273
185.000000	93.847244	90.0542
187.500000	93.834396	89.6419
190.000000	93.815308	89.1950
192.500000	93.798683	88.7733
195.000000	93.782906	88.3424
197.500000	93.768173	87.9160
200.000000	93.752792	87.5194
203.000000	93.740646	87.0192
206.000000	93.724182	86.5295
209.000000	93.723541	86.0268
212.000000	93.700500	85.5511
214.000000	93.697258	85.2058
218.000000	93.684830	84.5781
220.000000	93.682426	84.2650
224.000000	93.670746	83.6455
227.000000	93.666061	83.1481
230.000000	93.665619	82.6921
233.000000	93.656265	82.2032
236.000000	93.658524	81.7367
240.000000	93.659714	81.2669
243.000000	93.660263	80.6826
247.000000	93.648285	80.0667
250.000000	93.657661	79.6434
254.000000	93.659004	79.0548
258.000000	93.664253	78.4334
262.000000	93.668831	77.8484
265.000000	93.666855	77.4074
269.000000	93.674454	76.7835
272.000000	93.674179	76.3569
276.000000	93.676392	75.7158
280.000000	93.676712	75.1485
285.000000	93.679657	74.3784
290.000000	93.673767	73.6992
295.000000	93.672432	73.0050
300.000000	93.697197	72.5629
304.000000	93.683777	71.7704
307.000000	93.680367	71.3659
311.000000	93.682899	70.8560
315.000000	93.683655	70.3464
320.000000	93.681503	69.6638
325.000000	93.683159	69.0266
330.000000	93.652679	68.4668
335.000000	93.672798	67.7478
340.000000	93.672180	67.1287
345.000000	93.664459	66.5442
350.000000	93.659653	65.9765
355.000000	93.657578	65.4187
360.000000	93.647179	64.8726
365.000000	93.643433	64.3446
370.000000	93.637169	63.8065
375.000000	93.636063	63.3028
382.000000	93.624451	62.6122
387.000000	93.623169	62.1235
395.000000	93.617340	61.3500
400.000000	93.608658	60.9049
406.000000	93.600899	60.3533
412.000000	93.589951	59.8421
418.000000	93.584190	59.3476
425.000000	93.576782	58.7467
431.000000	93.571709	58.2286
437.000000	93.565666	57.7460
444.000000	93.556496	57.1689
450.000000	93.543022	56.6188
455.000000	93.526077	56.2481
462.000000	93.501045	55.7865
468.000000	93.486397	55.3926
475.000000	93.468208	54.9702
482.000000	93.452293	54.5433
487.000000	93.443756	54.2422
494.000000	93.425781	53.8700
500.000000	93.412918	53.5240
508.000000	93.396240	53.0917
515.000000	93.381042	52.7377
522.000000	93.364807	52.3852
530.000000	93.351631	51.9766
538.000000	93.330750	51.6050
545.000000	93.313423	51.2751
552.000000	93.285995	50.9428
560.000000	93.251358	50.6649
570.000000	93.221764	50.4016
580.000000	93.202942	50.1331
590.000000	93.178955	49.8993
600.000000	93.160439	49.6126
608.000000	93.149559	49.4711
615.000000	93.133034	49.3125
622.000000	93.117889	49.1725
630.000000	93.101608	49.0425
640.000000	93.077522	48.8605
650.000000	93.061974	48.7120
660.000000	93.059540	48.6583
670.000000	93.020554	48.5055
680.000000	93.002960	48.4345
690.000000	92.985588	48.3679
700.000000	92.968369	48.3639
710.000000	92.953194	48.3456
720.000000	92.939285	48.3399
730.000000	92.928146	48.3876
740.000000	92.914383	48.4393
750.000000	92.906258	48.5090
762.000000	92.891090	48.6154
775.000000	92.878090	48.7632
788.000000	92.875359	48.9364
800.000000	92.865570	49.1408
812.000000	92.866806	49.3612
825.000000	92.869431	49.6519
838.000000	92.876427	49.9305
850.000000	92.887100	50.2177
862.000000	92.899673	50.5256
875.000000	92.924042	50.8891
885.000000	92.940689	51.1699
900.000000	92.972153	51.7477
912.000000	93.005356	51.9669
925.000000	93.043922	52.3672
938.000000	93.088303	52.7647
950.000000	93.138290	53.1452
962.000000	93.189262	53.5117
975.000000	93.252060	53.9246
988.000000	93.321991	54.3015
1000.000000	93.388641	54.6258
1015.000000	93.479752	55.0533
1030.000000	93.572647	55.4415
1044.000000	93.672264	55.7677
1060.000000	93.786224	56.1133
1075.000000	93.903671	56.4092
1090.000000	94.018738	56.6133
1106.000000	94.153015	56.8186
1120.000000	94.264488	56.9261
1138.000000	94.422554	57.0471
1150.000000	94.523102	57.0374
1172.000000	94.705170	57.0098
1180.000000	94.771683	56.9525
1206.000000	94.983017	56.7622
1220.000000	95.091415	56.6257
1241.000000	95.260178	56.3672
1250.000000	95.330070	56.2261
1265.000000	95.456650	55.9480
1280.000000	95.577942	55.5502
1315.000000	95.812881	54.4530
1320.000000	95.837830	54.2910
1340.000000	95.946182	53.6034
1360.000000	96.041168	52.9567
1380.000000	96.120544	52.3057
1400.000000	96.188156	51.6413
1430.000000	96.270515	50.7162
1450.000000	96.312103	50.1604
1475.000000	96.359360	49.4753
1500.000000	96.396484	48.8806
1525.000000	96.419815	48.4014
1550.000000	96.440361	48.0060
1575.000000	96.461411	47.7667
1600.000000	96.496841	47.6662
1625.000000	96.564316	47.6730
1650.000000	96.678474	47.6239
1675.000000	96.815895	47.1765
1700.000000	96.928955	46.3831
1725.000000	96.988785	45.5446
1750.000000	97.026978	44.8000
1775.000000	97.045349	44.1412
1800.000000	97.061180	43.5748
1825.000000	97.078705	43.0730
1850.000000	97.096069	42.6052
1875.000000	97.119522	42.1893
1900.000000	97.138191	41.7744
1925.000000	97.160889	41.3664
1950.000000	97.183121	40.9413
1975.000000	97.209518	40.5478
2000.000000	97.236061	40.1152
2030.000000	97.262817	39.5956
2060.000000	97.282867	39.0204
2090.000000	97.301895	38.4547
2120.000000	97.305984	37.8945
2140.000000	97.308968	37.5062
2180.000000	97.287720	36.8595
2200.000000	97.266479	36.6187
2240.000000	97.252419	36.4652
2270.000000	97.297279	36.4250
2300.000000	97.373001	36.1110
2330.000000	97.437248	35.5564
2360.000000	97.480804	34.8869
2400.000000	97.514954	33.9762
2430.000000	97.527382	33.2684
2470.000000	97.528671	32.3632
2500.000000	97.515114	31.7117
2540.000000	97.490059	30.9601
2580.000000	97.466904	30.2783
2620.000000	97.462540	29.6587
2650.000000	97.468208	29.1396
2690.000000	97.477142	28.3262
2720.000000	97.478874	27.5588
2760.000000	97.452652	26.4701
2800.000000	97.379288	25.3593
2850.000000	97.248749	24.1444
2900.000000	97.083511	23.1750
2950.000000	96.895050	22.4218
3000.000000	96.685051	21.9280
3040.000000	96.497726	21.7681
3070.000000	96.346939	21.8899
3110.000000	96.164169	22.4470
3150.000000	96.031044	23.3041
3200.000000	95.944504	24.4796
3250.000000	95.922516	25.5094
3300.000000	95.930969	26.3585
3350.000000	95.957161	27.0537
3400.000000	95.986862	27.5880
3450.000000	96.018127	28.1408
3500.000000	96.047684	28.7140
3550.000000	96.090836	29.3112
3600.000000	96.146469	29.9401
3650.000000	96.230011	30.5287
3700.000000	96.328583	31.1286
3750.000000	96.449799	31.5993
3820.000000	96.644394	32.0231
3870.000000	96.785370	32.1162
3950.000000	96.991219	32.0098
4000.000000	97.097244	31.8842
4060.000000	97.211494	31.7530
4120.000000	97.327255	31.6967
4180.000000	97.448578	31.7384
4250.000000	97.619652	31.8648
4310.000000	97.811111	31.8601
4370.000000	98.041092	31.5976
4440.000000	98.318245	30.7259
4500.000000	98.529907	29.5323
4550.000000	98.673973	28.3245
4620.000000	98.811966	26.3490
4680.000000	98.877136	24.5693
4750.000000	98.876999	22.4690
4820.000000	98.816772	20.4860
4870.000000	98.741470	19.1771
4940.000000	98.593521	17.5118
5000.000000	98.439980	16.2857
5080.000000	98.196686	14.9167
5150.000000	97.965126	14.0171
5220.000000	97.716370	13.4054
5300.000000	97.434708	12.9832
5380.000000	97.154961	12.9039
5450.000000	96.929192	13.0647
5520.000000	96.720802	13.3527
5600.000000	96.511276	13.7119
5700.000000	96.265961	14.3246
5800.000000	96.051407	14.8984
5900.000000	95.854706	15.4615
6000.000000	95.657532	15.9458
6080.000000	95.498070	16.2710
6150.000000	95.353668	16.6719
6220.000000	95.198631	17.0504
6300.000000	95.021355	17.5562
6400.000000	94.794540	18.3005
6500.000000	94.574989	19.3723
6600.000000	94.395813	20.6733
6700.000000	94.252563	22.1520
6800.000000	94.172546	23.6865
6900.000000	94.146698	25.2576
7000.000000	94.187698	26.7741
7100.000000	94.294075	28.1711
7200.000000	94.477264	29.3054
7300.000000	94.744278	30.0508
7400.000000	95.065697	30.2393
7500.000000	95.432999	29.7569
7620.000000	95.896980	28.1582
7750.000000	96.377022	24.9946
7880.000000	96.730560	20.5317
8000.000000	96.884491	15.4574
8120.000000	96.821907	10.2517
8250.000000	96.528870	5.0051
8380.000000	96.079910	0.7200
8500.000000	95.601425	-2.2722
8620.000000	95.096596	-4.3152
8750.000000	94.575027	-5.6710
8850.000000	94.199188	-6.0490
9000.000000	93.735992	-5.7787
9120.000000	93.475662	-5.1006
9250.000000	93.297173	-4.1096
9380.000000	93.246315	-3.0208
9500.000000	93.306396	-2.2962
9620.000000	93.460548	-1.7970
9750.000000	93.727539	-2.0645
9880.000000	94.067062	-3.2446
10000.000000	94.386673	-5.5078
10150.000000	94.688133	-10.3062
10300.000000	94.652359	-16.6093
10440.000000	94.195625	-22.3947
10600.000000	93.352272	-26.7318
10750.000000	92.593704	-28.2435
10900.000000	92.058258	-28.5076
11060.000000	91.728310	-29.3573
11200.000000	91.504112	-31.0588
11380.000000	91.137688	-34.3431
11500.000000	90.825691	-36.9969
11720.000000	90.096512	-41.8590
11800.000000	89.788757	-43.5598
12060.000000	88.734871	-48.3415
12200.000000	88.183899	-50.4866
12410.000000	87.479965	-53.1431
12500.000000	87.240425	-54.2676
12650.000000	86.947968	-56.3466
12800.000000	86.803772	-58.7532
13150.000000	86.947914	-66.8109
13200.000000	87.003006	-68.4666
13400.000000	87.430267	-76.1604
13600.000000	87.884636	-86.1761
13800.000000	88.234901	-99.1677
14000.000000	88.287766	-113.0428
14300.000000	87.704269	-133.1135
14500.000000	87.120277	-144.5016
14750.000000	86.418449	-155.8853
15000.000000	86.582123	-162.6852
15250.000000	86.042496	-174.7269
15500.000000	86.495964	174.1002
15750.000000	87.139435	158.2938
16000.000000	87.340256	138.3405
16250.000000	87.257187	118.6757
16500.000000	87.610725	103.0726
16750.000000	90.277695	76.0930
17000.000000	92.771133	13.7520
17250.000000	88.546768	-56.2914
17500.000000	84.419556	-105.4376
17750.000000	82.146744	-161.4598
18000.000000	79.644508	131.7935
18250.000000	76.240601	75.4058
18500.000000	73.575119	32.2806
18750.000000	72.117622	-6.5698
19000.000000	71.267120	-47.8514
19250.000000	70.587608	-97.0334
19500.000000	70.067207	-153.1119
19750.000000	68.984222	137.7748
