* Measurement data measured by REW V5.20
* Source: USB-C to 3.5mm Headphone Jack Adapter, USB-C to 3.5mm Headphone Jack Adapter, 0, volume: 0.138
* Format: 256k Log Swept Sine, 1 sweep at -12.0 dBFS with no timing reference
* Dated: Dec 21, 2023 6:14:32 PM
* REW Settings:
*  C-weighting compensation: Off
*  Target level: 75.0 dB
* Note: 
* Measurement: R
* Smoothing: None
* Frequency Step: 1/48 octave
* Start Frequency: 20.300 Hz
*
* Freq(Hz)	SPL(dB)	Phase(degrees)
20.299999	104.684807	-134.1551
20.600000	104.729843	-134.9464
20.900000	104.767548	-135.6369
21.200001	104.806396	-136.3023
21.400000	104.835075	-136.7402
21.799999	104.899712	-137.6227
22.000000	104.934723	-138.0730
22.400000	105.006058	-138.9903
22.700001	105.056656	-139.6814
23.000000	105.102539	-140.3602
23.299999	105.143242	-141.0148
23.600000	105.179688	-141.6399
24.000000	105.224564	-142.4340
24.299999	105.257263	-143.0140
24.700001	105.300659	-143.7882
25.000000	105.332443	-144.3775
25.400000	105.372375	-145.1718
25.799999	105.408493	-145.9570
26.200001	105.441628	-146.7124
26.500000	105.465874	-147.2542
26.900000	105.498993	-147.9515
27.200001	105.524727	-148.4662
27.600000	105.559021	-149.1554
28.000000	105.591316	-149.8506
28.500000	105.626862	-150.7092
29.000000	105.658524	-151.5272
29.500000	105.688957	-152.2990
30.000000	105.717773	-153.0426
30.400000	105.737862	-153.6249
30.700001	105.750977	-154.0537
31.100000	105.767349	-154.6151
31.500000	105.785049	-155.1757
32.000000	105.810432	-155.9046
32.500000	105.835175	-156.6782
33.000000	105.853027	-157.4524
33.500000	105.864571	-158.1582
34.000000	105.877579	-158.7744
34.500000	105.897003	-159.3507
35.000000	105.918388	-159.9521
35.500000	105.933624	-160.5909
36.000000	105.940353	-161.2323
36.500000	105.942993	-161.8496
37.000000	105.946198	-162.4476
37.500000	105.950775	-163.0372
38.200001	105.958481	-163.8427
38.700001	105.965347	-164.4050
39.500000	105.973984	-165.3110
40.000000	105.973808	-165.8672
40.599998	105.971725	-166.4940
41.200001	105.974861	-167.1054
41.799999	105.979774	-167.7473
42.500000	105.976082	-168.4886
43.099998	105.969070	-169.0519
43.700001	105.966766	-169.5980
44.400002	105.959427	-170.2901
45.000000	105.943237	-170.8403
45.500000	105.935280	-171.2212
46.200001	105.941505	-171.7805
46.799999	105.934868	-172.3848
47.500000	105.892128	-173.0074
48.200001	105.870300	-173.4072
48.700001	105.889053	-173.7765
49.400002	105.904724	-174.5319
50.000000	105.876068	-175.0079
50.799999	105.856850	-175.2320
51.500000	105.864326	-175.8803
52.200001	105.779633	-176.9827
53.000000	105.638321	-177.5047
53.799999	105.680870	-177.5245
54.500000	105.774063	-178.1603
55.200001	105.766014	-178.8834
56.000000	105.717453	-179.1871
57.000000	105.697876	-179.8082
58.000000	105.640282	179.5588
59.000000	105.641724	179.0281
60.000000	105.598343	178.2676
60.799999	105.562988	178.1452
61.500000	105.582947	178.0866
62.200001	105.601692	177.8105
63.000000	105.593704	177.3787
64.000000	105.577957	176.7479
65.000000	105.575943	176.1017
66.000000	105.573013	175.4581
67.000000	105.531960	174.9024
68.000000	105.502144	174.4137
69.000000	105.479683	173.7705
70.000000	105.445358	173.1943
71.000000	105.407089	172.6591
72.000000	105.370155	172.1722
73.000000	105.345833	171.6738
74.000000	105.309937	171.1925
75.000000	105.270462	170.7724
76.199997	105.227928	170.2180
77.500000	105.185188	169.6236
78.800003	105.135567	169.0883
80.000000	105.089722	168.5912
81.199997	105.042030	168.0962
82.500000	104.993210	167.6031
83.800003	104.943840	167.1107
85.000000	104.897339	166.6760
86.199997	104.849739	166.2607
87.500000	104.800385	165.8099
88.500000	104.762207	165.4781
90.000000	104.701950	165.0026
91.199997	104.654854	164.6227
92.500000	104.604210	164.2193
93.800003	104.554985	163.8448
95.000000	104.508064	163.4977
96.199997	104.460320	163.1599
97.500000	104.409348	162.8086
98.800003	104.359451	162.4424
100.000000	104.311035	162.1407
101.500000	104.253387	161.7661
103.000000	104.193146	161.3997
104.400002	104.141296	161.0621
106.000000	104.071663	160.6996
107.500000	104.017471	160.3715
109.000000	103.961243	160.0524
110.599998	103.897209	159.7118
112.000000	103.844955	159.4405
113.800003	103.773544	159.0894
115.000000	103.728851	158.8711
117.199997	103.643723	158.4643
118.000000	103.612671	158.3217
120.599998	103.517120	157.9092
122.000000	103.458611	157.6760
124.099998	103.378403	157.3389
125.000000	103.343948	157.2199
126.500000	103.289581	156.9980
128.000000	103.231628	156.7878
131.500000	103.099472	156.3283
132.000000	103.079819	156.2673
134.000000	103.004326	156.0367
136.000000	102.928177	155.7985
138.000000	102.852020	155.5923
140.000000	102.778114	155.4127
143.000000	102.659187	155.1394
145.000000	102.585716	155.0184
147.500000	102.488388	154.8589
150.000000	102.392082	154.7709
152.500000	102.303963	154.7007
155.000000	102.212967	154.6838
157.500000	102.130997	154.7191
160.000000	102.056961	154.7671
162.500000	101.989265	154.8588
165.000000	101.930824	155.0065
167.500000	101.889984	155.1078
170.000000	101.866165	155.1504
172.500000	101.851837	155.1027
175.000000	101.836166	154.9524
177.500000	101.809402	154.6742
180.000000	101.780647	154.2332
182.500000	101.724731	154.0024
185.000000	101.663383	153.6746
187.500000	101.591461	153.4032
190.000000	101.519966	153.1764
192.500000	101.444839	152.9955
195.000000	101.369987	152.8374
197.500000	101.296646	152.7293
200.000000	101.219666	152.6013
203.000000	101.131104	152.5143
206.000000	101.044403	152.4461
209.000000	100.958923	152.3996
212.000000	100.876785	152.3735
214.000000	100.819824	152.3519
218.000000	100.709747	152.3793
220.000000	100.652580	152.3806
224.000000	100.549057	152.4617
227.000000	100.470581	152.5696
230.000000	100.395866	152.6719
233.000000	100.325394	152.8003
236.000000	100.268768	152.9843
240.000000	100.197708	153.1754
243.000000	100.153954	153.3306
247.000000	100.092506	153.4192
250.000000	100.051788	153.4505
254.000000	99.985733	153.4590
258.000000	99.917450	153.4654
262.000000	99.840065	153.4890
265.000000	99.780869	153.5480
269.000000	99.704987	153.5807
272.000000	99.650368	153.6558
276.000000	99.569473	153.7525
280.000000	99.494987	153.8589
285.000000	99.400253	154.0509
290.000000	99.312080	154.2679
295.000000	99.222351	154.5409
300.000000	99.125542	154.8885
304.000000	99.076813	155.0453
307.000000	99.031128	155.2388
311.000000	98.978508	155.5067
315.000000	98.926598	155.7680
320.000000	98.870811	156.1051
325.000000	98.817848	156.3977
330.000000	98.777893	156.6778
335.000000	98.733704	156.9007
340.000000	98.693443	157.1093
345.000000	98.651108	157.2679
350.000000	98.602875	157.4077
355.000000	98.549026	157.5744
360.000000	98.497658	157.7410
365.000000	98.443146	157.9392
370.000000	98.389404	158.1401
375.000000	98.338470	158.3498
382.000000	98.264915	158.6566
387.000000	98.214554	158.8887
395.000000	98.135246	159.2879
400.000000	98.089104	159.5291
406.000000	98.032936	159.8527
412.000000	97.981674	160.1800
418.000000	97.926575	160.5331
425.000000	97.874649	160.8917
431.000000	97.829628	161.2497
437.000000	97.781296	161.6039
444.000000	97.736336	162.0089
450.000000	97.696419	162.3559
455.000000	97.665833	162.6589
462.000000	97.624550	163.0727
468.000000	97.591629	163.4420
475.000000	97.554161	163.8544
482.000000	97.522141	164.2878
487.000000	97.495186	164.5839
494.000000	97.463234	165.0022
500.000000	97.442101	165.3663
508.000000	97.409889	165.8685
515.000000	97.386414	166.2852
522.000000	97.365868	166.7020
530.000000	97.340332	167.1931
538.000000	97.324379	167.6590
545.000000	97.305893	168.1042
552.000000	97.292130	168.5196
560.000000	97.280014	169.0062
570.000000	97.266342	169.6011
580.000000	97.257645	170.1907
590.000000	97.252274	170.7995
600.000000	97.253036	171.3882
608.000000	97.249870	171.8398
615.000000	97.252304	172.2498
622.000000	97.257294	172.6655
630.000000	97.262299	173.1307
640.000000	97.276993	173.6918
650.000000	97.288437	174.2582
660.000000	97.323166	174.8142
670.000000	97.329872	175.3801
680.000000	97.357483	175.9368
690.000000	97.384666	176.4800
700.000000	97.416824	177.0122
710.000000	97.451401	177.5176
720.000000	97.488182	178.0311
730.000000	97.532898	178.5384
740.000000	97.580429	179.0221
750.000000	97.626534	179.4875
762.000000	97.685471	-179.9501
775.000000	97.755844	-179.3837
788.000000	97.828949	-178.8368
800.000000	97.899139	-178.3337
812.000000	97.977509	-177.8690
825.000000	98.059990	-177.3685
838.000000	98.147369	-176.9082
850.000000	98.233246	-176.4894
862.000000	98.321320	-176.1004
875.000000	98.420799	-175.7232
885.000000	98.501175	-175.4355
900.000000	98.638351	-175.1403
912.000000	98.724304	-174.7744
925.000000	98.832695	-174.5249
938.000000	98.949226	-174.3027
950.000000	99.054565	-174.1137
962.000000	99.162827	-173.9813
975.000000	99.280716	-173.8686
988.000000	99.401337	-173.7787
1000.000000	99.515045	-173.7663
1015.000000	99.652237	-173.7931
1030.000000	99.790817	-173.8633
1044.000000	99.918823	-173.9937
1060.000000	100.060913	-174.1945
1075.000000	100.192917	-174.4542
1090.000000	100.318245	-174.7559
1106.000000	100.448166	-175.1322
1120.000000	100.556168	-175.5081
1138.000000	100.686646	-176.0243
1150.000000	100.765770	-176.4366
1172.000000	100.900620	-177.1944
1180.000000	100.945137	-177.4887
1206.000000	101.074081	-178.4585
1220.000000	101.132324	-179.0107
1241.000000	101.206665	-179.8195
1250.000000	101.232841	179.8154
1265.000000	101.267815	179.2372
1280.000000	101.297562	178.6903
1315.000000	101.333313	177.4706
1320.000000	101.334579	177.3062
1340.000000	101.336952	176.7208
1360.000000	101.330788	176.1985
1380.000000	101.314880	175.7216
1400.000000	101.295616	175.3599
1430.000000	101.257210	174.9439
1450.000000	101.227509	174.7795
1475.000000	101.192177	174.6609
1500.000000	101.173401	174.6855
1525.000000	101.138428	174.8054
1550.000000	101.124428	175.0180
1575.000000	101.117737	175.3025
1600.000000	101.121941	175.6685
1625.000000	101.137558	176.0816
1650.000000	101.163780	176.5581
1675.000000	101.203140	177.0552
1700.000000	101.255547	177.5657
1725.000000	101.320625	178.1115
1750.000000	101.400467	178.6445
1775.000000	101.489952	179.1819
1800.000000	101.590469	179.6950
1825.000000	101.705139	-179.8195
1850.000000	101.827499	-179.3723
1875.000000	101.960159	-178.9659
1900.000000	102.104065	-178.6024
1925.000000	102.250977	-178.2939
1950.000000	102.407082	-178.0484
1975.000000	102.567062	-177.8670
2000.000000	102.730072	-177.7578
2030.000000	102.934082	-177.6961
2060.000000	103.134415	-177.7532
2090.000000	103.336029	-177.9056
2120.000000	103.535347	-178.1427
2140.000000	103.666313	-178.3662
2180.000000	103.914970	-178.9254
2200.000000	104.033684	-179.2680
2240.000000	104.257179	179.9839
2270.000000	104.408951	179.3588
2300.000000	104.547379	178.7073
2330.000000	104.671074	178.0528
2360.000000	104.787643	177.4350
2400.000000	104.937424	176.6474
2430.000000	105.053162	176.0341
2470.000000	105.204956	175.0671
2500.000000	105.300980	174.2048
2540.000000	105.388153	172.9957
2580.000000	105.428421	171.8840
2620.000000	105.433517	170.9485
2650.000000	105.425491	170.3998
2690.000000	105.409256	169.8951
2720.000000	105.398941	169.6454
2760.000000	105.398972	169.4579
2800.000000	105.411850	169.3703
2850.000000	105.454346	169.3528
2900.000000	105.516838	169.3449
2950.000000	105.594048	169.2957
3000.000000	105.675285	169.1862
3040.000000	105.738174	169.1021
3070.000000	105.785507	169.0627
3110.000000	105.851715	169.0345
3150.000000	105.926949	169.0392
3200.000000	106.032768	169.0036
3250.000000	106.149071	168.9395
3300.000000	106.270782	168.7960
3350.000000	106.390434	168.6053
3400.000000	106.510307	168.3710
3450.000000	106.631721	168.0995
3500.000000	106.750534	167.7891
3550.000000	106.870811	167.4322
3600.000000	106.992691	167.0306
3650.000000	107.110703	166.5394
3700.000000	107.227066	165.9669
3750.000000	107.336624	165.2887
3820.000000	107.469711	164.1630
3870.000000	107.544121	163.2127
3950.000000	107.609985	161.4741
4000.000000	107.606689	160.2817
4060.000000	107.542282	158.8285
4120.000000	107.408997	157.4710
4180.000000	107.201569	156.3937
4250.000000	106.885117	155.7696
4310.000000	106.578049	155.9229
4370.000000	106.273323	156.7979
4440.000000	105.968170	158.7224
4500.000000	105.786224	160.9899
4550.000000	105.712303	163.1852
4620.000000	105.743698	166.4210
4680.000000	105.890793	169.0889
4750.000000	106.186996	171.7742
4820.000000	106.579613	173.7511
4870.000000	106.897835	174.6472
4940.000000	107.357880	175.1159
5000.000000	107.735397	174.7941
5080.000000	108.166656	173.4474
5150.000000	108.432686	171.6055
5220.000000	108.574448	169.4407
5300.000000	108.576767	166.9417
5380.000000	108.432755	164.8198
5450.000000	108.218849	163.4700
5520.000000	107.960617	162.6810
5600.000000	107.647186	162.4066
5700.000000	107.278282	162.8710
5800.000000	106.963074	163.8760
5900.000000	106.704178	165.1605
6000.000000	106.489708	166.5136
6080.000000	106.334824	167.5408
6150.000000	106.202957	168.4113
6220.000000	106.058929	169.2732
6300.000000	105.881561	170.2817
6400.000000	105.632599	171.7333
6500.000000	105.362183	173.5861
6600.000000	105.095863	175.9295
6700.000000	104.863663	178.8240
6800.000000	104.695557	-177.7904
6900.000000	104.613808	-174.0167
7000.000000	104.648537	-170.0327
7100.000000	104.808365	-165.9740
7200.000000	105.112732	-162.1039
7300.000000	105.491531	-158.9768
7400.000000	106.067940	-155.4748
7500.000000	106.798805	-153.4478
7620.000000	107.807358	-152.8279
7750.000000	109.055862	-155.0200
7880.000000	110.158203	-161.9563
8000.000000	110.609734	-171.8808
8120.000000	110.272552	177.6367
8250.000000	109.210266	169.1591
8380.000000	107.895897	164.7384
8500.000000	106.722008	163.4189
8620.000000	105.667252	163.8112
8750.000000	104.678970	165.5366
8850.000000	104.030083	167.4748
9000.000000	103.240623	170.8790
9120.000000	102.764458	173.7831
9250.000000	102.386856	176.7140
9380.000000	102.118164	179.2036
9500.000000	101.940453	-179.1224
9620.000000	101.794418	-178.1737
9750.000000	101.615524	-178.0329
9880.000000	101.360352	-178.7256
10000.000000	100.998383	-179.9444
10150.000000	100.344727	178.2867
10300.000000	99.461899	176.9799
10440.000000	98.483528	176.6737
10600.000000	97.268135	177.6411
10750.000000	96.123566	179.7777
10900.000000	95.019485	-176.9511
11060.000000	93.924507	-172.6314
11200.000000	93.053352	-168.1751
11380.000000	92.079460	-161.9921
11500.000000	91.553177	-157.5560
11720.000000	90.749573	-149.4940
11800.000000	90.538643	-146.4590
12060.000000	90.080315	-137.2464
12200.000000	90.094734	-132.8612
12410.000000	90.331207	-128.8373
12500.000000	90.432632	-127.8642
12650.000000	90.545876	-127.3542
12800.000000	90.606712	-127.5319
13150.000000	90.523582	-129.4807
13200.000000	90.491058	-129.8383
13400.000000	90.292755	-131.5911
13600.000000	90.011841	-133.1146
13800.000000	89.764603	-133.8704
14000.000000	89.641876	-134.1534
14300.000000	89.852753	-134.1525
14500.000000	90.376953	-135.1336
14750.000000	91.429832	-139.6893
15000.000000	92.751312	-148.8121
15250.000000	93.181656	-167.2555
15500.000000	92.664337	174.2043
15750.000000	91.525436	158.7640
16000.000000	90.349373	145.9860
16250.000000	89.401482	133.3362
16500.000000	88.607010	118.8491
16750.000000	87.798599	101.7561
17000.000000	86.776512	81.9173
17250.000000	85.545677	60.8467
17500.000000	84.235626	38.6199
17750.000000	83.043190	15.5344
18000.000000	82.005005	-8.8565
18250.000000	81.681129	-32.1898
18500.000000	83.574478	-55.5699
18750.000000	86.844246	-109.7230
19000.000000	87.827637	-177.6328
19250.000000	87.112419	105.6010
19500.000000	84.472351	24.9729
19750.000000	80.662491	-56.7267
