* Measurement data measured by REW V5.31.3
* Source: USB-C to 3.5mm Headphone Jack Adapter, USB-C to 3.5mm Headphone Jack Adapter, 0, volume: 0.138
* Format: 256k Log Swept Sine, 1 sweep at -12.0 dBFS with no timing reference
* Dated: Jan 27, 2025 4:42:40 PM
* REW Settings:
*  C-weighting compensation: Off
*  Target level: 75.0 dB
* Note: 
* Measurement: L
* Smoothing: None
* Frequency Step: 1/48 octave
* Start Frequency: 20.300 Hz
*
* Freq(Hz)	SPL(dB)	Phase(degrees)
20.299999	99.946	-142.0218
20.600000	99.996	-142.7865
20.900000	100.035	-143.4979
21.200001	100.066	-144.2185
21.400000	100.084	-144.7002
21.799999	100.116	-145.6561
22.000000	100.132	-146.1294
22.400000	100.168	-147.0763
22.700001	100.198	-147.8005
23.000000	100.228	-148.5423
23.299999	100.254	-149.2935
23.600000	100.273	-150.0329
24.000000	100.287	-150.9500
24.299999	100.293	-151.5603
24.700001	100.304	-152.2717
25.000000	100.320	-152.7636
25.400000	100.352	-153.4341
25.799999	100.391	-154.1859
26.200001	100.423	-155.0248
26.500000	100.438	-155.6774
26.900000	100.444	-156.5118
27.200001	100.442	-157.0766
27.600000	100.441	-157.7396
28.000000	100.446	-158.3379
28.500000	100.466	-159.0933
29.000000	100.489	-159.9301
29.500000	100.504	-160.8246
30.000000	100.508	-161.6943
30.400000	100.509	-162.3371
30.700001	100.510	-162.7883
31.100000	100.513	-163.3633
31.500000	100.517	-163.9266
32.000000	100.518	-164.6333
32.500000	100.515	-165.3486
33.000000	100.507	-166.0666
33.500000	100.496	-166.7745
34.000000	100.488	-167.4577
34.500000	100.486	-168.1152
35.000000	100.487	-168.7641
35.500000	100.488	-169.4194
36.000000	100.482	-170.0704
36.500000	100.466	-170.6869
37.000000	100.446	-171.2479
37.500000	100.430	-171.7601
38.200001	100.419	-172.4561
38.700001	100.419	-172.9897
39.500000	100.411	-173.9557
40.000000	100.390	-174.5828
40.599998	100.352	-175.2487
41.200001	100.317	-175.7773
41.799999	100.303	-176.2596
42.500000	100.300	-176.9224
43.099998	100.286	-177.5587
43.700001	100.258	-178.1464
44.400002	100.226	-178.7412
45.000000	100.204	-179.2571
45.500000	100.184	-179.7209
46.200001	100.149	179.6276
46.799999	100.119	179.1088
47.500000	100.090	178.5216
48.200001	100.058	177.9357
48.700001	100.030	177.5508
49.400002	99.987	177.0821
50.000000	99.954	176.6977
50.799999	99.911	176.1353
51.500000	99.874	175.6158
52.200001	99.836	175.1123
53.000000	99.795	174.5648
53.799999	99.754	174.0200
54.500000	99.715	173.5363
55.200001	99.674	173.0974
56.000000	99.634	172.6590
57.000000	99.579	172.0330
58.000000	99.502	171.4435
59.000000	99.465	170.8721
60.000000	99.423	170.1436
60.799999	99.360	169.7951
61.500000	99.316	169.6002
62.200001	99.276	169.2877
63.000000	99.219	168.8543
64.000000	99.160	168.3936
65.000000	99.109	167.9281
66.000000	99.044	167.5083
67.000000	98.982	167.1194
68.000000	98.923	166.7436
69.000000	98.860	166.4154
70.000000	98.791	166.0981
71.000000	98.728	165.6978
72.000000	98.667	165.2496
73.000000	98.607	164.9269
74.000000	98.552	164.6509
75.000000	98.486	164.3058
76.199997	98.402	163.9500
77.500000	98.327	163.6471
78.800003	98.245	163.3284
80.000000	98.171	163.0224
81.199997	98.094	162.7252
82.500000	98.012	162.5180
83.800003	97.939	162.1949
85.000000	97.862	162.0014
86.199997	97.795	161.8184
87.500000	97.715	161.5762
88.500000	97.661	161.4124
90.000000	97.570	161.2320
91.199997	97.502	161.0620
92.500000	97.427	160.9077
93.800003	97.354	160.7981
95.000000	97.285	160.6619
96.199997	97.222	160.5461
97.500000	97.154	160.4518
98.800003	97.077	160.3668
100.000000	97.015	160.2831
101.500000	96.935	160.2136
103.000000	96.854	160.1476
104.400002	96.782	160.1011
106.000000	96.707	160.0486
107.500000	96.626	160.0244
109.000000	96.554	159.9803
110.599998	96.477	160.0219
112.000000	96.408	160.0114
113.800003	96.320	160.0672
115.000000	96.267	160.0891
117.199997	96.172	160.1500
118.000000	96.133	160.2362
120.599998	95.994	160.1524
122.000000	95.974	160.3518
124.099998	95.873	160.5029
125.000000	95.835	160.5123
126.500000	95.775	160.7065
128.000000	95.719	160.7518
131.500000	95.585	161.1485
132.000000	95.568	161.1976
134.000000	95.487	161.3979
136.000000	95.426	161.6346
138.000000	95.365	161.9179
140.000000	95.310	162.2123
143.000000	95.232	162.5593
145.000000	95.199	162.8409
147.500000	95.142	163.0160
150.000000	95.091	163.3606
152.500000	95.045	163.6921
155.000000	94.983	163.8557
157.500000	94.948	164.3100
160.000000	95.090	164.0636
162.500000	94.859	165.0202
165.000000	94.839	165.0944
167.500000	94.792	165.2838
170.000000	94.764	165.5916
172.500000	94.729	165.7955
175.000000	94.701	166.0041
177.500000	94.678	166.2692
180.000000	94.658	166.5652
182.500000	94.621	166.7276
185.000000	94.601	166.9560
187.500000	94.585	167.1863
190.000000	94.571	167.3515
192.500000	94.553	167.5571
195.000000	94.535	167.7308
197.500000	94.514	167.8905
200.000000	94.507	168.0235
203.000000	94.479	168.1883
206.000000	94.459	168.4223
209.000000	94.439	168.5644
212.000000	94.421	168.7439
214.000000	94.406	168.8743
218.000000	94.381	169.0923
220.000000	94.369	169.1917
224.000000	94.346	169.4165
227.000000	94.327	169.5726
230.000000	94.307	169.7414
233.000000	94.292	169.8633
236.000000	94.278	170.0534
240.000000	94.267	170.2935
243.000000	94.243	170.3798
247.000000	94.223	170.5789
250.000000	94.210	170.7246
254.000000	94.189	170.8965
258.000000	94.171	171.0910
262.000000	94.154	171.2477
265.000000	94.139	171.3880
269.000000	94.124	171.5751
272.000000	94.111	171.7103
276.000000	94.095	171.8807
280.000000	94.086	172.0559
285.000000	94.075	172.2320
290.000000	94.066	172.3759
295.000000	94.045	172.5091
300.000000	94.039	172.5902
304.000000	94.011	172.7606
307.000000	93.999	172.8564
311.000000	93.986	172.9451
315.000000	93.967	173.0598
320.000000	93.950	173.2039
325.000000	93.930	173.3448
330.000000	93.908	173.4753
335.000000	93.886	173.6027
340.000000	93.867	173.7551
345.000000	93.847	173.8799
350.000000	93.827	174.0391
355.000000	93.807	174.1794
360.000000	93.788	174.2980
365.000000	93.768	174.4446
370.000000	93.750	174.5819
375.000000	93.727	174.6847
382.000000	93.700	174.8615
387.000000	93.679	174.9909
395.000000	93.645	175.2058
400.000000	93.624	175.3083
406.000000	93.599	175.4677
412.000000	93.569	175.6356
418.000000	93.546	175.8000
425.000000	93.511	175.9872
431.000000	93.484	176.1440
437.000000	93.457	176.3017
444.000000	93.426	176.5055
450.000000	93.398	176.6713
455.000000	93.373	176.8130
462.000000	93.342	177.0151
468.000000	93.311	177.1783
475.000000	93.279	177.3891
482.000000	93.248	177.6055
487.000000	93.217	177.7700
494.000000	93.186	178.0294
500.000000	93.158	178.2111
508.000000	93.120	178.4914
515.000000	93.085	178.7509
522.000000	93.054	179.0177
530.000000	93.017	179.3091
538.000000	92.979	179.6102
545.000000	92.950	179.8999
552.000000	92.919	-179.8098
560.000000	92.883	-179.4753
570.000000	92.847	-179.0678
580.000000	92.810	-178.6486
590.000000	92.773	-178.2144
600.000000	92.743	-177.8195
608.000000	92.714	-177.5078
615.000000	92.689	-177.2332
622.000000	92.661	-176.9765
630.000000	92.629	-176.6452
640.000000	92.583	-176.2261
650.000000	92.541	-175.8246
660.000000	92.499	-175.3385
670.000000	92.447	-174.8179
680.000000	92.405	-174.2862
690.000000	92.364	-173.7531
700.000000	92.332	-173.1706
710.000000	92.292	-172.5692
720.000000	92.266	-171.9759
730.000000	92.233	-171.3674
740.000000	92.209	-170.7253
750.000000	92.186	-170.1158
762.000000	92.164	-169.3509
775.000000	92.143	-168.4738
788.000000	92.131	-167.6240
800.000000	92.117	-166.8173
812.000000	92.111	-166.0268
825.000000	92.112	-165.1280
838.000000	92.114	-164.2458
850.000000	92.124	-163.4247
862.000000	92.139	-162.6184
875.000000	92.159	-161.6974
885.000000	92.180	-161.0451
900.000000	92.213	-159.9516
912.000000	92.249	-159.1936
925.000000	92.293	-158.3580
938.000000	92.344	-157.5071
950.000000	92.389	-156.7347
962.000000	92.446	-155.9896
975.000000	92.512	-155.1878
988.000000	92.580	-154.4331
1000.000000	92.645	-153.7783
1015.000000	92.735	-152.9537
1030.000000	92.831	-152.1759
1044.000000	92.925	-151.5115
1060.000000	93.033	-150.8006
1075.000000	93.139	-150.1753
1090.000000	93.247	-149.6239
1106.000000	93.367	-149.0591
1120.000000	93.466	-148.6444
1138.000000	93.595	-148.1711
1150.000000	93.681	-147.9074
1172.000000	93.833	-147.4616
1180.000000	93.886	-147.3252
1206.000000	94.048	-146.9458
1220.000000	94.130	-146.7786
1241.000000	94.253	-146.5510
1250.000000	94.302	-146.4928
1265.000000	94.376	-146.3770
1280.000000	94.450	-146.2747
1315.000000	94.604	-146.0535
1320.000000	94.624	-146.0270
1340.000000	94.701	-145.9019
1360.000000	94.770	-145.7963
1380.000000	94.837	-145.6311
1400.000000	94.897	-145.5112
1430.000000	94.982	-145.2871
1450.000000	95.036	-145.1285
1475.000000	95.098	-144.8716
1500.000000	95.150	-144.5935
1525.000000	95.212	-144.3302
1550.000000	95.269	-144.0102
1575.000000	95.326	-143.6813
1600.000000	95.382	-143.3244
1625.000000	95.438	-142.9499
1650.000000	95.499	-142.5504
1675.000000	95.561	-142.1444
1700.000000	95.622	-141.7217
1725.000000	95.688	-141.2880
1750.000000	95.758	-140.8428
1775.000000	95.829	-140.3855
1800.000000	95.906	-139.9258
1825.000000	95.984	-139.4688
1850.000000	96.064	-139.0161
1875.000000	96.154	-138.5305
1900.000000	96.241	-138.0960
1925.000000	96.339	-137.6843
1950.000000	96.437	-137.2720
1975.000000	96.536	-136.8588
2000.000000	96.638	-136.4670
2030.000000	96.763	-136.0304
2060.000000	96.895	-135.5828
2090.000000	97.033	-135.1756
2120.000000	97.175	-134.7773
2140.000000	97.271	-134.5335
2180.000000	97.470	-134.0988
2200.000000	97.574	-133.9253
2240.000000	97.788	-133.5993
2270.000000	97.951	-133.4181
2300.000000	98.118	-133.2821
2330.000000	98.289	-133.2265
2360.000000	98.460	-133.2223
2400.000000	98.693	-133.3132
2430.000000	98.864	-133.4522
2470.000000	99.092	-133.7320
2500.000000	99.261	-134.0247
2540.000000	99.484	-134.5035
2580.000000	99.699	-135.0981
2620.000000	99.908	-135.8210
2650.000000	100.059	-136.4222
2690.000000	100.248	-137.3270
2720.000000	100.382	-138.0728
2760.000000	100.546	-139.1423
2800.000000	100.694	-140.3204
2850.000000	100.852	-141.8614
2900.000000	100.978	-143.4824
2950.000000	101.074	-145.1744
3000.000000	101.136	-146.8701
3040.000000	101.159	-148.2234
3070.000000	101.165	-149.2213
3110.000000	101.157	-150.5242
3150.000000	101.134	-151.7889
3200.000000	101.080	-153.3048
3250.000000	100.999	-154.7213
3300.000000	100.897	-156.0050
3350.000000	100.779	-157.1396
3400.000000	100.645	-158.1350
3450.000000	100.502	-158.9591
3500.000000	100.355	-159.6389
3550.000000	100.207	-160.1441
3600.000000	100.061	-160.4869
3650.000000	99.924	-160.6980
3700.000000	99.794	-160.7862
3750.000000	99.677	-160.7749
3820.000000	99.540	-160.6668
3870.000000	99.456	-160.5605
3950.000000	99.347	-160.3501
4000.000000	99.279	-160.2265
4060.000000	99.216	-160.0463
4120.000000	99.154	-159.8346
4180.000000	99.107	-159.5774
4250.000000	99.069	-159.2896
4310.000000	99.056	-159.0726
4370.000000	99.056	-158.9190
4440.000000	99.063	-158.8123
4500.000000	99.073	-158.8425
4550.000000	99.083	-158.8864
4620.000000	99.104	-159.0473
4680.000000	99.122	-159.2489
4750.000000	99.140	-159.5590
4820.000000	99.162	-159.9815
4870.000000	99.172	-160.3464
4940.000000	99.185	-160.9610
5000.000000	99.188	-161.5832
5080.000000	99.174	-162.5247
5150.000000	99.147	-163.4573
5220.000000	99.096	-164.4568
5300.000000	99.017	-165.6707
5380.000000	98.901	-166.9236
5450.000000	98.772	-168.0077
5520.000000	98.620	-169.0161
5600.000000	98.415	-170.1204
5700.000000	98.119	-171.2945
5800.000000	97.793	-172.2044
5900.000000	97.445	-172.8106
6000.000000	97.082	-173.0764
6080.000000	96.785	-173.0741
6150.000000	96.532	-172.8960
6220.000000	96.283	-172.5589
6300.000000	96.008	-171.9706
6400.000000	95.687	-170.9540
6500.000000	95.410	-169.6264
6600.000000	95.178	-168.1044
6700.000000	94.988	-166.4105
6800.000000	94.861	-164.5929
6900.000000	94.796	-162.6821
7000.000000	94.801	-160.8270
7100.000000	94.877	-158.9406
7200.000000	95.045	-157.3143
7300.000000	95.290	-156.1444
7400.000000	95.591	-155.3203
7500.000000	95.939	-155.1673
7620.000000	96.517	-155.6505
7750.000000	97.157	-158.5381
7880.000000	97.664	-163.6838
8000.000000	97.862	-170.1102
8120.000000	97.685	-177.1485
8250.000000	97.088	175.9967
8380.000000	96.222	170.9020
8500.000000	95.323	167.8200
8620.000000	94.391	166.1474
8750.000000	93.409	165.7266
8850.000000	92.694	166.3249
9000.000000	91.737	168.1666
9120.000000	91.082	170.3381
9250.000000	90.473	173.2036
9380.000000	89.974	176.2759
9500.000000	89.605	179.3664
9620.000000	89.321	-177.4633
9750.000000	89.106	-173.8461
9880.000000	89.011	-170.2688
10000.000000	89.006	-166.9650
10150.000000	89.131	-163.2429
10300.000000	89.401	-159.8369
10440.000000	89.786	-157.2492
10600.000000	90.371	-155.0211
10750.000000	91.007	-154.1951
10900.000000	91.761	-154.5215
11060.000000	92.604	-156.7059
11200.000000	93.314	-160.3165
11380.000000	94.055	-166.9704
11500.000000	94.378	-172.4466
11720.000000	94.522	176.7325
11800.000000	94.449	172.9868
12060.000000	93.847	162.5764
12200.000000	93.504	159.0575
12410.000000	93.387	154.2324
12500.000000	93.406	151.7606
12650.000000	93.472	146.9624
12800.000000	93.570	141.4243
13150.000000	93.715	125.4002
13200.000000	93.696	122.6915
13400.000000	93.519	111.6409
13600.000000	93.107	100.4581
13800.000000	92.526	89.9359
14000.000000	91.891	80.4377
14300.000000	91.067	67.9917
14500.000000	90.715	59.9595
14750.000000	90.501	49.5122
15000.000000	90.484	37.0783
15250.000000	90.676	24.8983
15500.000000	91.096	9.3088
15750.000000	91.446	-10.2089
16000.000000	91.460	-31.9848
16250.000000	91.245	-55.3251
16500.000000	90.739	-79.2028
16750.000000	90.244	-102.6277
17000.000000	90.118	-127.8695
17250.000000	90.015	-157.6351
17500.000000	89.953	169.9165
17750.000000	90.102	130.7643
18000.000000	89.622	83.1857
18250.000000	88.243	31.6403
18500.000000	86.332	-22.5844
18750.000000	83.875	-80.0602
19000.000000	81.037	-140.2781
19250.000000	78.273	156.6072
19500.000000	75.760	86.1445
19750.000000	73.152	3.8770
