* Measurement data measured by REW V5.20
* Source: USB-C to 3.5mm Headphone Jack Adapter, USB-C to 3.5mm Headphone Jack Adapter, 0, volume: 0.138
* Format: 256k Log Swept Sine, 1 sweep at -12.0 dBFS with no timing reference
* Dated: Oct 5, 2024 10:30:58 AM
* REW Settings:
*  C-weighting compensation: Off
*  Target level: 75.0 dB
* Note: 
* Measurement: R
* Smoothing: None
* Frequency Step: 1/48 octave
* Start Frequency: 20.300 Hz
*
* Freq(Hz)	SPL(dB)	Phase(degrees)
20.299999	103.915504	-159.3918
20.600000	103.933868	-159.7919
20.900000	103.945404	-160.1458
21.200001	103.956963	-160.4981
21.400000	103.966171	-160.7376
21.799999	103.988426	-161.2332
22.000000	104.000900	-161.4881
22.400000	104.026405	-162.0014
22.700001	104.044220	-162.3765
23.000000	104.060204	-162.7341
23.299999	104.074409	-163.0716
23.600000	104.087357	-163.3926
24.000000	104.103416	-163.8086
24.299999	104.114861	-164.1222
24.700001	104.129242	-164.5510
25.000000	104.139374	-164.8794
25.400000	104.152252	-165.3179
25.799999	104.165184	-165.7456
26.200001	104.178841	-166.1549
26.500000	104.189651	-166.4492
26.900000	104.204399	-166.8284
27.200001	104.215317	-167.1061
27.600000	104.229057	-167.4723
28.000000	104.241539	-167.8371
28.500000	104.255348	-168.2923
29.000000	104.267792	-168.7419
29.500000	104.279800	-169.1794
30.000000	104.291977	-169.6020
30.400000	104.301720	-169.9311
30.700001	104.308746	-170.1741
31.100000	104.317398	-170.4945
31.500000	104.325027	-170.8107
32.000000	104.333397	-171.1989
32.500000	104.341278	-171.5787
33.000000	104.349503	-171.9511
33.500000	104.358276	-172.3188
34.000000	104.367134	-172.6839
34.500000	104.375374	-173.0465
35.000000	104.382545	-173.4042
35.500000	104.388741	-173.7546
36.000000	104.394447	-174.0971
36.500000	104.399979	-174.4329
37.000000	104.405334	-174.7632
37.500000	104.410461	-175.0877
38.200001	104.417358	-175.5348
38.700001	104.421822	-175.8524
39.500000	104.426910	-176.3582
40.000000	104.428833	-176.6667
40.599998	104.431107	-177.0239
41.200001	104.434357	-177.3699
41.799999	104.438370	-177.7110
42.500000	104.442863	-178.1091
43.099998	104.445610	-178.4550
43.700001	104.446625	-178.8040
44.400002	104.446312	-179.2020
45.000000	104.446625	-179.5281
45.500000	104.447662	-179.7935
46.200001	104.448502	179.8404
46.799999	104.447792	179.5358
47.500000	104.447090	179.1874
48.200001	104.446724	178.8309
48.700001	104.445435	178.5747
49.400002	104.443115	178.2298
50.000000	104.442429	177.9386
50.799999	104.440773	177.5385
51.500000	104.437065	177.2076
52.200001	104.436394	176.9108
53.000000	104.439102	176.5581
53.799999	104.434204	176.1687
54.500000	104.423515	175.8400
55.200001	104.415955	175.5349
56.000000	104.414627	175.1833
57.000000	104.409508	174.7390
58.000000	104.398659	174.3356
59.000000	104.393333	173.8639
60.000000	104.379616	173.3807
60.799999	104.371529	173.1116
61.500000	104.371590	172.8814
62.200001	104.367630	172.6019
63.000000	104.355927	172.2777
64.000000	104.346382	171.8890
65.000000	104.336823	171.4834
66.000000	104.322952	171.1133
67.000000	104.312981	170.7378
68.000000	104.301918	170.3589
69.000000	104.292358	170.0052
70.000000	104.279846	169.6309
71.000000	104.264183	169.2811
72.000000	104.253571	168.9347
73.000000	104.240669	168.5857
74.000000	104.228279	168.2509
75.000000	104.214539	167.9010
76.199997	104.198166	167.4996
77.500000	104.178505	167.0555
78.800003	104.158813	166.6261
80.000000	104.139908	166.2206
81.199997	104.125351	165.8655
82.500000	104.103615	165.4431
83.800003	104.079582	165.0472
85.000000	104.060120	164.6753
86.199997	104.040596	164.3139
87.500000	104.017159	163.9158
88.500000	104.001167	163.6217
90.000000	103.974854	163.1913
91.199997	103.952766	162.8502
92.500000	103.930855	162.4847
93.800003	103.908859	162.1159
95.000000	103.885017	161.7864
96.199997	103.862213	161.4564
97.500000	103.839317	161.0987
98.800003	103.813484	160.7491
100.000000	103.790497	160.4429
101.500000	103.761230	160.0493
103.000000	103.731804	159.6612
104.400002	103.702820	159.3029
106.000000	103.671089	158.9008
107.500000	103.640747	158.5294
109.000000	103.611771	158.1654
110.599998	103.576080	157.7741
112.000000	103.548744	157.4498
113.800003	103.507805	157.0456
115.000000	103.481804	156.7497
117.199997	103.435730	156.2539
118.000000	103.413124	156.0849
120.599998	103.358536	155.3778
122.000000	103.333389	155.2325
124.099998	103.281570	154.7692
125.000000	103.263092	154.5729
126.500000	103.229088	154.2824
128.000000	103.194870	153.9653
131.500000	103.113785	153.2773
132.000000	103.102325	153.1785
134.000000	103.056389	152.8069
136.000000	103.007858	152.4442
138.000000	102.960800	152.0838
140.000000	102.913460	151.7254
143.000000	102.845016	151.2300
145.000000	102.802292	150.9108
147.500000	102.748047	150.5283
150.000000	102.694534	150.1113
152.500000	102.640137	149.7236
155.000000	102.585220	149.3191
157.500000	102.531876	148.9113
160.000000	102.478333	148.5256
162.500000	102.419044	148.1631
165.000000	102.359940	147.7623
167.500000	102.306038	147.4923
170.000000	102.250305	147.1749
172.500000	102.179413	146.8743
175.000000	102.111336	146.6646
177.500000	102.055473	146.4911
180.000000	101.921516	145.4136
182.500000	101.998505	145.5628
185.000000	101.947578	145.3281
187.500000	101.886536	145.2813
190.000000	101.837181	144.8971
192.500000	101.798347	144.4641
195.000000	101.763092	144.2004
197.500000	101.700569	143.8906
200.000000	101.654877	143.5393
203.000000	101.592278	143.1826
206.000000	101.525917	142.8445
209.000000	101.464325	142.4841
212.000000	101.403435	142.1778
214.000000	101.359024	141.9527
218.000000	101.275665	141.5344
220.000000	101.233459	141.3398
224.000000	101.151039	140.9172
227.000000	101.089432	140.6076
230.000000	101.027260	140.3104
233.000000	100.964020	140.0161
236.000000	100.900787	139.7263
240.000000	100.802086	139.2367
243.000000	100.750816	139.0922
247.000000	100.665947	138.7519
250.000000	100.602196	138.4987
254.000000	100.517349	138.1880
258.000000	100.433281	137.8936
262.000000	100.348495	137.6153
265.000000	100.287003	137.4118
269.000000	100.205238	137.1445
272.000000	100.142967	136.9580
276.000000	100.062042	136.7248
280.000000	99.980354	136.4793
285.000000	99.882172	136.2053
290.000000	99.784355	135.9511
295.000000	99.687492	135.6958
300.000000	99.592522	135.4662
304.000000	99.515060	135.2881
307.000000	99.459190	135.1515
311.000000	99.385750	134.9919
315.000000	99.310867	134.8348
320.000000	99.216949	134.6392
325.000000	99.125824	134.4666
330.000000	99.036461	134.3101
335.000000	98.948105	134.1537
340.000000	98.860016	134.0188
345.000000	98.774109	133.8885
350.000000	98.686928	133.7766
355.000000	98.602081	133.6653
360.000000	98.523483	133.5681
365.000000	98.437149	133.4792
370.000000	98.353813	133.4158
375.000000	98.275284	133.3508
382.000000	98.163925	133.2866
387.000000	98.087166	133.2572
395.000000	97.970787	133.2256
400.000000	97.898689	133.2194
406.000000	97.817009	133.2176
412.000000	97.735413	133.2280
418.000000	97.658043	133.2706
425.000000	97.576729	133.2908
431.000000	97.513954	133.2888
437.000000	97.453102	133.2503
444.000000	97.374176	133.1818
450.000000	97.303131	133.0944
455.000000	97.242775	133.0524
462.000000	97.153900	133.0184
468.000000	97.081017	132.9988
475.000000	96.991402	133.0018
482.000000	96.905289	133.0620
487.000000	96.846642	133.0864
494.000000	96.765823	133.1442
500.000000	96.695213	133.2078
508.000000	96.604790	133.3044
515.000000	96.528412	133.4034
522.000000	96.453308	133.5247
530.000000	96.370667	133.6656
538.000000	96.289452	133.8024
545.000000	96.222137	133.9568
552.000000	96.155083	134.1254
560.000000	96.079292	134.3085
570.000000	95.990761	134.5541
580.000000	95.906853	134.8268
590.000000	95.828293	135.1147
600.000000	95.753296	135.4572
608.000000	95.683853	135.6368
615.000000	95.631432	135.8598
622.000000	95.582436	136.0904
630.000000	95.526932	136.3733
640.000000	95.459892	136.7078
650.000000	95.397987	137.0931
660.000000	95.338730	137.4503
670.000000	95.282150	137.8851
680.000000	95.226715	138.2866
690.000000	95.176422	138.6939
700.000000	95.132401	139.1434
710.000000	95.088959	139.6204
720.000000	95.045982	140.0428
730.000000	95.014496	140.5565
740.000000	94.986748	141.0301
750.000000	94.957153	141.5316
762.000000	94.929382	142.1606
775.000000	94.903519	142.8279
788.000000	94.886353	143.5269
800.000000	94.874115	144.1820
812.000000	94.870522	144.8398
825.000000	94.873779	145.5620
838.000000	94.884354	146.3110
850.000000	94.898262	146.9990
862.000000	94.919029	147.6967
875.000000	94.950867	148.4462
885.000000	94.978554	149.0305
900.000000	95.027374	149.8415
912.000000	95.079132	150.5857
925.000000	95.136810	151.3201
938.000000	95.204681	152.0549
950.000000	95.275467	152.7068
962.000000	95.351341	153.3423
975.000000	95.441246	154.0282
988.000000	95.534065	154.6836
1000.000000	95.629974	155.2467
1015.000000	95.751053	155.9522
1030.000000	95.884544	156.6041
1044.000000	96.016281	157.1813
1060.000000	96.172501	157.7689
1075.000000	96.324104	158.2697
1090.000000	96.477036	158.7167
1106.000000	96.647850	159.1402
1120.000000	96.801216	159.4703
1138.000000	96.995979	159.7972
1150.000000	97.129700	159.9844
1172.000000	97.370697	160.2630
1180.000000	97.460655	160.3259
1206.000000	97.743767	160.4897
1220.000000	97.897224	160.5098
1241.000000	98.123245	160.5286
1250.000000	98.215759	160.5065
1265.000000	98.375740	160.4514
1280.000000	98.530029	160.3766
1315.000000	98.886879	160.1209
1320.000000	98.937485	160.1109
1340.000000	99.133926	159.8677
1360.000000	99.330368	159.6383
1380.000000	99.520660	159.3850
1400.000000	99.713860	159.1210
1430.000000	99.999542	158.6818
1450.000000	100.185135	158.3497
1475.000000	100.418793	157.9048
1500.000000	100.648064	157.4371
1525.000000	100.879135	156.8996
1550.000000	101.106224	156.3361
1575.000000	101.330139	155.7249
1600.000000	101.554893	155.0749
1625.000000	101.775574	154.3458
1650.000000	101.991470	153.5654
1675.000000	102.199646	152.7304
1700.000000	102.399750	151.8440
1725.000000	102.591484	150.9033
1750.000000	102.776779	149.9428
1775.000000	102.951683	148.9224
1800.000000	103.116486	147.8813
1825.000000	103.272797	146.7973
1850.000000	103.416344	145.6934
1875.000000	103.548485	144.5873
1900.000000	103.666870	143.4718
1925.000000	103.774429	142.3538
1950.000000	103.873932	141.2399
1975.000000	103.960266	140.1414
2000.000000	104.035675	139.0685
2030.000000	104.116867	137.7917
2060.000000	104.182304	136.5580
2090.000000	104.238495	135.3606
2120.000000	104.281509	134.2158
2140.000000	104.307549	133.4786
2180.000000	104.345062	132.0602
2200.000000	104.358978	131.3897
2240.000000	104.381226	130.0810
2270.000000	104.392380	129.1627
2300.000000	104.396126	128.2561
2330.000000	104.397758	127.4047
2360.000000	104.395485	126.5524
2400.000000	104.389473	125.4722
2430.000000	104.381371	124.6669
2470.000000	104.369202	123.6153
2500.000000	104.356766	122.8156
2540.000000	104.337685	121.6640
2580.000000	104.302872	120.4081
2620.000000	104.233772	119.0541
2650.000000	104.152664	118.0028
2690.000000	103.990204	116.6634
2720.000000	103.828209	115.8075
2760.000000	103.569252	115.0885
2800.000000	103.288094	114.8804
2850.000000	102.960175	115.3734
2900.000000	102.699265	116.4415
2950.000000	102.520195	117.7922
3000.000000	102.396545	119.1563
3040.000000	102.335495	120.2314
3070.000000	102.297516	121.0150
3110.000000	102.261688	122.0517
3150.000000	102.238281	123.0662
3200.000000	102.224289	124.2961
3250.000000	102.222641	125.5175
3300.000000	102.231255	126.7433
3350.000000	102.244873	127.9324
3400.000000	102.271667	129.1815
3450.000000	102.313622	130.4769
3500.000000	102.373978	131.7536
3550.000000	102.454544	132.9865
3600.000000	102.548607	134.1403
3650.000000	102.649658	135.2770
3700.000000	102.763542	136.3474
3750.000000	102.887131	137.3820
3820.000000	103.079163	138.6952
3870.000000	103.229080	139.5423
3950.000000	103.482788	140.7276
4000.000000	103.652924	141.3574
4060.000000	103.865097	141.9797
4120.000000	104.089722	142.4156
4180.000000	104.317841	142.6198
4250.000000	104.579941	142.5324
4310.000000	104.787392	142.1708
4370.000000	104.971344	141.5764
4440.000000	105.148117	140.6243
4500.000000	105.259743	139.5825
4550.000000	105.315704	138.6239
4620.000000	105.340012	137.1581
4680.000000	105.303970	135.8687
4750.000000	105.192360	134.4359
4820.000000	105.011726	133.1599
4870.000000	104.844925	132.4088
4940.000000	104.562057	131.6056
5000.000000	104.283707	131.2421
5080.000000	103.876236	131.2367
5150.000000	103.495522	131.6760
5220.000000	103.107529	132.5587
5300.000000	102.661629	134.1128
5380.000000	102.224274	136.2412
5450.000000	101.856697	138.6140
5520.000000	101.531204	141.4818
5600.000000	101.179207	145.0377
5700.000000	100.848007	151.4938
5800.000000	101.047302	159.3821
5900.000000	101.980225	163.5623
6000.000000	102.357758	161.9982
6080.000000	102.258919	161.9356
6150.000000	102.122612	162.8383
6220.000000	101.992920	164.2704
6300.000000	101.882751	166.3755
6400.000000	101.803955	169.3266
6500.000000	101.787170	172.4304
6600.000000	101.819542	175.5343
6700.000000	101.892456	178.6369
6800.000000	102.000336	-178.2592
6900.000000	102.152184	-175.1720
7000.000000	102.358444	-172.0919
7100.000000	102.628456	-169.1344
7200.000000	102.973358	-166.3801
7300.000000	103.397301	-164.0303
7400.000000	103.886124	-162.2603
7500.000000	104.436897	-161.2099
7620.000000	105.149147	-161.2415
7750.000000	105.905182	-163.3441
7880.000000	106.480125	-167.7930
8000.000000	106.669716	-173.4603
8120.000000	106.438667	-179.3228
8250.000000	105.797012	175.6649
8380.000000	104.942734	172.7320
8500.000000	104.107536	171.6536
8620.000000	103.281830	171.8688
8750.000000	102.436111	173.2609
8850.000000	101.845451	174.9952
9000.000000	101.080399	178.4182
9120.000000	100.588982	-178.4173
9250.000000	100.163712	-174.9334
9380.000000	99.819679	-171.6528
9500.000000	99.519234	-168.6592
9620.000000	99.299950	-165.2839
9750.000000	99.212723	-161.9613
9880.000000	99.192474	-159.6414
10000.000000	99.164032	-158.3563
10150.000000	99.020447	-157.7191
10300.000000	98.672173	-157.4566
10440.000000	98.151955	-156.7734
10600.000000	97.416748	-154.5316
10750.000000	96.722343	-150.7968
10900.000000	96.145813	-145.6249
11060.000000	95.732460	-139.0940
11200.000000	95.591232	-133.0380
11380.000000	95.681847	-125.2775
11500.000000	95.900894	-120.4421
11720.000000	96.609482	-112.8786
11800.000000	96.953896	-110.5902
12060.000000	98.337845	-105.6428
12200.000000	99.216125	-104.7758
12410.000000	100.612038	-106.5893
12500.000000	101.192299	-108.6116
12650.000000	102.055527	-113.6945
12800.000000	102.674118	-120.6278
13150.000000	102.893669	-138.9473
13200.000000	102.811905	-141.3407
13400.000000	102.362320	-149.7579
13600.000000	101.881332	-156.7650
13800.000000	101.487236	-163.1763
14000.000000	101.207703	-169.8382
14300.000000	100.892113	178.3071
14500.000000	100.387680	169.0900
14750.000000	100.608055	157.7687
15000.000000	99.549911	142.2496
15250.000000	99.257362	132.2144
15500.000000	98.521553	117.5777
15750.000000	98.121307	103.9736
16000.000000	97.837189	87.8209
16250.000000	97.502319	70.5562
16500.000000	97.971489	51.9547
16750.000000	98.240807	22.7723
17000.000000	97.988800	-7.0291
17250.000000	98.558136	-53.0579
17500.000000	94.654297	-110.2025
17750.000000	89.088654	-148.5280
18000.000000	84.093254	-179.7099
18250.000000	79.376877	150.9329
18500.000000	75.242531	125.3544
18750.000000	74.571960	99.6114
19000.000000	77.051910	40.7808
19250.000000	78.275032	-59.2998
19500.000000	74.859756	-166.3140
19750.000000	70.255089	101.4663
