* Measurement data measured by REW V5.20
* Source: USB-C to 3.5mm Headphone Jack Adapter, USB-C to 3.5mm Headphone Jack Adapter, 0, volume: 0.138
* Format: 256k Log Swept Sine, 1 sweep at -12.0 dBFS with no timing reference
* Dated: Dec 21, 2023 6:29:35 PM
* REW Settings:
*  C-weighting compensation: Off
*  Target level: 75.0 dB
* Note: 
* Measurement: L
* Smoothing: None
* Frequency Step: 1/48 octave
* Start Frequency: 20.300 Hz
*
* Freq(Hz)	SPL(dB)	Phase(degrees)
20.299999	100.950890	-156.9737
20.600000	100.956627	-157.7597
20.900000	100.954376	-158.4822
21.200001	100.951157	-159.2047
21.400000	100.950180	-159.6888
21.799999	100.951233	-160.6660
22.000000	100.952377	-161.1573
22.400000	100.952728	-162.1313
22.700001	100.948891	-162.8333
23.000000	100.941444	-163.4939
23.299999	100.932068	-164.1054
23.600000	100.923355	-164.6727
24.000000	100.916367	-165.3895
24.299999	100.914536	-165.9226
24.700001	100.912895	-166.6466
25.000000	100.908577	-167.1905
25.400000	100.895752	-167.8849
25.799999	100.876442	-168.5111
26.200001	100.856209	-169.0739
26.500000	100.843460	-169.4838
26.900000	100.830513	-170.0662
27.200001	100.822754	-170.5544
27.600000	100.812927	-171.2765
28.000000	100.803505	-172.0516
28.500000	100.794388	-173.0305
29.000000	100.786171	-173.9556
29.500000	100.768608	-174.7631
30.000000	100.735085	-175.3713
30.400000	100.704788	-175.7018
30.700001	100.688583	-175.9056
31.100000	100.682213	-176.2337
31.500000	100.687119	-176.7648
32.000000	100.677368	-177.7643
32.500000	100.616394	-178.8824
33.000000	100.512459	-179.6510
33.500000	100.420532	-179.8450
34.000000	100.392227	-179.7422
34.500000	100.419022	-179.8388
35.000000	100.445709	179.6245
35.500000	100.434479	178.7852
36.000000	100.390038	177.9111
36.500000	100.332657	177.1801
37.000000	100.273903	176.6906
37.500000	100.224228	176.4855
38.200001	100.195663	176.3355
38.700001	100.182716	175.8434
39.500000	100.044052	174.2941
40.000000	99.891876	173.5728
40.599998	99.788589	173.4386
41.200001	99.847061	173.4232
41.799999	99.945343	172.8816
42.500000	99.930702	172.1108
43.099998	99.848106	171.8944
43.700001	99.793304	171.7342
44.400002	99.744041	171.0953
45.000000	99.679108	170.4826
45.500000	99.628624	170.1638
46.200001	99.583786	169.8662
46.799999	99.547974	169.5598
47.500000	99.495720	169.1353
48.200001	99.438004	168.6800
48.700001	99.391350	168.4262
49.400002	99.335739	168.2454
50.000000	99.303192	168.0046
50.799999	99.228065	167.3829
51.500000	99.159409	167.0632
52.200001	99.191017	166.8951
53.000000	99.249489	166.1576
53.799999	99.132721	165.5683
54.500000	98.986626	165.8164
55.200001	98.928780	165.9415
56.000000	98.890488	165.2952
57.000000	98.801208	164.7108
58.000000	98.759514	164.5815
59.000000	98.646759	164.0161
60.000000	98.498749	163.7957
60.799999	98.488083	163.6979
61.500000	98.494400	163.3238
62.200001	98.452629	163.0115
63.000000	98.393707	162.9356
64.000000	98.336548	162.6950
65.000000	98.253609	162.4183
66.000000	98.185944	162.1635
67.000000	98.107605	161.8930
68.000000	98.051926	161.7803
69.000000	97.988228	161.6158
70.000000	97.916374	161.4962
71.000000	97.844086	161.1766
72.000000	97.771309	160.9977
73.000000	97.731071	160.7738
74.000000	97.659828	160.5219
75.000000	97.590637	160.4912
76.199997	97.503403	160.3632
77.500000	97.400078	160.2487
78.800003	97.344193	160.0740
80.000000	97.223557	160.1665
81.199997	97.194191	160.3960
82.500000	97.069374	159.9379
83.800003	97.026718	160.1541
85.000000	96.950760	159.6503
86.199997	96.890221	160.1698
87.500000	96.864716	160.1896
88.500000	96.873383	160.1738
90.000000	96.878082	160.2819
91.199997	96.847183	160.3294
92.500000	96.753479	159.8150
93.800003	96.730545	159.7608
95.000000	96.681763	159.6631
96.199997	96.587280	159.0208
97.500000	96.506477	159.1377
98.800003	96.487473	158.9412
100.000000	96.371468	159.1658
101.500000	96.326019	158.7682
103.000000	96.274208	158.8417
104.400002	96.177513	158.9068
106.000000	96.070145	158.9692
107.500000	96.016006	158.8544
109.000000	95.980820	158.8416
110.599998	95.899765	158.9952
112.000000	95.822037	159.0208
113.800003	95.754745	158.9369
115.000000	95.689362	159.1025
117.199997	95.595055	159.1324
118.000000	95.569748	159.1959
120.599998	95.468903	159.3470
122.000000	95.383133	159.5637
124.099998	95.303612	159.7490
125.000000	95.264374	159.8473
126.500000	95.217201	160.2987
128.000000	95.155167	160.3765
131.500000	95.087044	161.0225
132.000000	95.071121	161.0223
134.000000	95.029854	161.1850
136.000000	95.008949	161.4698
138.000000	94.945877	161.5784
140.000000	94.961067	161.8781
143.000000	94.861610	162.1198
145.000000	94.881638	162.0359
147.500000	94.825951	162.2082
150.000000	94.784218	162.2958
152.500000	94.732689	161.8888
155.000000	94.659981	162.2803
157.500000	94.605827	162.1889
160.000000	94.533127	162.4596
162.500000	94.465157	162.5800
165.000000	94.406990	162.7928
167.500000	94.366089	162.9874
170.000000	94.320892	163.0306
172.500000	94.284088	163.3964
175.000000	94.235657	163.4376
177.500000	94.172958	163.5968
180.000000	94.144638	163.8478
182.500000	94.062386	164.0037
185.000000	94.020981	164.1613
187.500000	93.971817	164.4034
190.000000	93.931557	164.5237
192.500000	93.875786	164.7685
195.000000	93.838898	164.9642
197.500000	93.784218	165.1422
200.000000	93.740524	165.3633
203.000000	93.695335	165.5991
206.000000	93.647095	165.9207
209.000000	93.597946	166.2235
212.000000	93.561554	166.4641
214.000000	93.534111	166.6612
218.000000	93.486526	167.0089
220.000000	93.457054	167.1908
224.000000	93.411850	167.5107
227.000000	93.382507	167.7931
230.000000	93.338379	167.9311
233.000000	93.301224	168.2363
236.000000	93.268082	168.4295
240.000000	93.223656	168.7167
243.000000	93.176857	168.9356
247.000000	93.119919	169.2715
250.000000	93.079079	169.5185
254.000000	93.026543	169.9176
258.000000	92.964600	170.2775
262.000000	92.900711	170.6664
265.000000	92.875282	171.0585
269.000000	92.812126	171.5999
272.000000	92.784561	172.0515
276.000000	92.754349	172.6339
280.000000	92.744537	173.2635
285.000000	92.751335	173.9558
290.000000	92.770943	174.5428
295.000000	92.790642	174.9368
300.000000	92.818588	175.3942
304.000000	92.820023	175.3700
307.000000	92.803764	175.4897
311.000000	92.808044	175.6318
315.000000	92.782890	175.8440
320.000000	92.756516	175.9828
325.000000	92.730034	176.3143
330.000000	92.696350	176.5310
335.000000	92.658089	176.9126
340.000000	92.639740	177.1570
345.000000	92.611008	177.5335
350.000000	92.604652	177.8508
355.000000	92.566902	178.1807
360.000000	92.532616	178.4601
365.000000	92.543961	178.8968
370.000000	92.498978	179.1235
375.000000	92.479836	179.4538
382.000000	92.452675	179.9642
387.000000	92.438713	-179.7591
395.000000	92.419098	-179.2309
400.000000	92.402573	-178.9436
406.000000	92.379662	-178.5573
412.000000	92.361237	-178.2035
418.000000	92.335594	-177.8764
425.000000	92.315575	-177.3707
431.000000	92.292542	-176.9915
437.000000	92.268295	-176.5978
444.000000	92.252060	-176.1715
450.000000	92.231895	-175.7730
455.000000	92.218719	-175.4441
462.000000	92.199142	-174.9818
468.000000	92.185181	-174.5743
475.000000	92.168159	-174.1276
482.000000	92.153351	-173.6433
487.000000	92.142960	-173.3381
494.000000	92.127068	-172.8511
500.000000	92.112694	-172.4783
508.000000	92.103683	-171.9464
515.000000	92.088699	-171.4946
522.000000	92.076660	-171.0301
530.000000	92.065918	-170.5363
538.000000	92.054901	-169.9932
545.000000	92.046867	-169.5293
552.000000	92.047577	-169.0587
560.000000	92.032349	-168.5256
570.000000	92.028244	-167.8940
580.000000	92.022247	-167.2562
590.000000	92.014236	-166.5938
600.000000	92.014160	-165.9441
608.000000	92.007629	-165.4308
615.000000	92.006149	-164.9674
622.000000	92.009338	-164.5202
630.000000	92.005760	-164.0034
640.000000	92.008537	-163.3281
650.000000	92.011566	-162.6629
660.000000	91.999062	-162.0000
670.000000	92.021378	-161.3873
680.000000	92.029137	-160.7113
690.000000	92.038055	-160.0576
700.000000	92.046967	-159.3982
710.000000	92.060455	-158.7501
720.000000	92.072121	-158.0924
730.000000	92.086273	-157.4218
740.000000	92.098038	-156.7505
750.000000	92.119194	-156.0986
762.000000	92.143524	-155.2768
775.000000	92.169922	-154.4345
788.000000	92.202492	-153.5522
800.000000	92.238220	-152.7557
812.000000	92.272263	-151.9370
825.000000	92.311623	-151.0814
838.000000	92.354988	-150.2065
850.000000	92.403847	-149.4054
862.000000	92.454514	-148.6065
875.000000	92.507126	-147.7608
885.000000	92.551071	-147.1006
900.000000	92.593529	-146.1509
912.000000	92.689163	-145.3767
925.000000	92.760963	-144.5468
938.000000	92.840004	-143.7366
950.000000	92.913681	-143.0079
962.000000	92.992340	-142.2988
975.000000	93.079529	-141.5628
988.000000	93.172897	-140.8155
1000.000000	93.257957	-140.1694
1015.000000	93.372986	-139.3660
1030.000000	93.494102	-138.6561
1044.000000	93.605965	-137.9717
1060.000000	93.740517	-137.2682
1075.000000	93.865906	-136.6540
1090.000000	93.993950	-136.0785
1106.000000	94.135559	-135.5347
1120.000000	94.255112	-135.0449
1138.000000	94.420959	-134.5245
1150.000000	94.524391	-134.2101
1172.000000	94.715248	-133.6837
1180.000000	94.785858	-133.5203
1206.000000	95.013504	-133.0787
1220.000000	95.131920	-132.8850
1241.000000	95.309143	-132.6696
1250.000000	95.381989	-132.6142
1265.000000	95.509583	-132.5415
1280.000000	95.627319	-132.5185
1315.000000	95.879196	-132.7344
1320.000000	95.911133	-132.8039
1340.000000	96.018188	-133.0776
1360.000000	96.084999	-133.2672
1380.000000	96.131943	-133.2810
1400.000000	96.210701	-133.0195
1430.000000	96.373291	-132.8113
1450.000000	96.487686	-132.9728
1475.000000	96.591537	-133.4703
1500.000000	96.591431	-134.1069
1525.000000	96.508072	-134.3499
1550.000000	96.385681	-133.6152
1575.000000	96.359604	-132.1575
1600.000000	96.440720	-130.6684
1625.000000	96.591309	-129.4281
1650.000000	96.763939	-128.5041
1675.000000	96.948105	-127.7926
1700.000000	97.130737	-127.2490
1725.000000	97.307762	-126.8298
1750.000000	97.484070	-126.4859
1775.000000	97.658554	-126.2077
1800.000000	97.827835	-126.0092
1825.000000	97.996002	-125.8532
1850.000000	98.160492	-125.7295
1875.000000	98.326164	-125.6449
1900.000000	98.492775	-125.6471
1925.000000	98.654366	-125.7052
1950.000000	98.811226	-125.7873
1975.000000	98.965477	-125.9298
2000.000000	99.114349	-126.1006
2030.000000	99.286781	-126.3639
2060.000000	99.455719	-126.6623
2090.000000	99.621384	-127.0261
2120.000000	99.778435	-127.4005
2140.000000	99.878464	-127.6965
2180.000000	100.072876	-128.3468
2200.000000	100.164612	-128.6900
2240.000000	100.336433	-129.4363
2270.000000	100.455391	-130.0422
2300.000000	100.567673	-130.6799
2330.000000	100.670570	-131.3362
2360.000000	100.761047	-131.9876
2400.000000	100.870026	-132.9213
2430.000000	100.938423	-133.6032
2470.000000	101.016815	-134.5181
2500.000000	101.066055	-135.1966
2540.000000	101.116638	-136.0787
2580.000000	101.157227	-136.9334
2620.000000	101.174202	-137.7162
2650.000000	101.183853	-138.2792
2690.000000	101.187622	-138.9690
2720.000000	101.184494	-139.4379
2760.000000	101.173164	-139.9804
2800.000000	101.155807	-140.4731
2850.000000	101.136871	-140.9549
2900.000000	101.123253	-141.3575
2950.000000	101.112183	-141.7280
3000.000000	101.102615	-142.0876
3040.000000	101.086945	-142.3634
3070.000000	101.073982	-142.5350
3110.000000	101.057953	-142.7330
3150.000000	101.038330	-142.8931
3200.000000	101.015732	-143.0459
3250.000000	100.993141	-143.1239
3300.000000	100.968658	-143.1818
3350.000000	100.945496	-143.1157
3400.000000	100.932381	-142.9230
3450.000000	100.935959	-142.6422
3500.000000	100.969276	-142.3560
3550.000000	101.027412	-142.1818
3600.000000	101.085930	-142.1526
3650.000000	101.139053	-142.2057
3700.000000	101.185593	-142.2682
3750.000000	101.231155	-142.3174
3820.000000	101.305733	-142.3965
3870.000000	101.361053	-142.4743
3950.000000	101.454979	-142.6309
4000.000000	101.520309	-142.7393
4060.000000	101.618011	-142.9357
4120.000000	101.722076	-143.2429
4180.000000	101.834763	-143.7076
4250.000000	101.959457	-144.4279
4310.000000	102.056984	-145.2070
4370.000000	102.145035	-146.1028
4440.000000	102.226372	-147.2770
4500.000000	102.279068	-148.3759
4550.000000	102.309486	-149.3268
4620.000000	102.335922	-150.7348
4680.000000	102.338852	-151.9904
4750.000000	102.321274	-153.5243
4820.000000	102.269608	-155.0690
4870.000000	102.215469	-156.1707
4940.000000	102.118896	-157.7094
5000.000000	102.012939	-158.9584
5080.000000	101.843781	-160.5455
5150.000000	101.666885	-161.8155
5220.000000	101.473595	-163.0074
5300.000000	101.230743	-164.2167
5380.000000	100.967056	-165.2360
5450.000000	100.722206	-165.9532
5520.000000	100.468117	-166.5057
5600.000000	100.171394	-166.9182
5700.000000	99.797951	-167.1340
5800.000000	99.436920	-166.9727
5900.000000	99.097824	-166.4952
6000.000000	98.787292	-165.7643
6080.000000	98.557182	-165.0062
6150.000000	98.374390	-164.2437
6220.000000	98.209419	-163.3500
6300.000000	98.046555	-162.2326
6400.000000	97.886642	-160.6979
6500.000000	97.778954	-159.0798
6600.000000	97.731377	-157.3977
6700.000000	97.745483	-155.6708
6800.000000	97.816238	-154.0722
6900.000000	97.968056	-152.5605
7000.000000	98.180367	-151.2858
7100.000000	98.453194	-150.2489
7200.000000	98.804482	-149.5489
7300.000000	99.235954	-149.3552
7400.000000	99.741928	-149.8041
7500.000000	100.305763	-151.1090
7620.000000	101.043526	-154.1147
7750.000000	101.838600	-159.6260
7880.000000	102.456657	-167.9279
8000.000000	102.658073	-177.7079
8120.000000	102.352577	171.9147
8250.000000	101.503273	161.9887
8380.000000	100.342255	154.5690
8500.000000	99.189491	149.8417
8620.000000	98.040718	146.6360
8750.000000	96.833420	144.6538
8850.000000	95.960594	143.9079
9000.000000	94.722214	143.7574
9120.000000	93.860542	144.4531
9250.000000	93.001404	145.4457
9380.000000	92.213547	146.8907
9500.000000	91.560486	148.4058
9620.000000	90.956505	150.0360
9750.000000	90.367828	151.9732
9880.000000	89.835968	154.2102
10000.000000	89.412231	156.3917
10150.000000	88.942490	159.2550
10300.000000	88.592331	162.1693
10440.000000	88.323029	164.8246
10600.000000	88.119370	168.0221
10750.000000	88.028244	171.0320
10900.000000	88.014420	173.9825
11060.000000	88.124725	177.3677
11200.000000	88.309219	-179.5675
11380.000000	88.886230	-175.1495
11500.000000	89.486877	-172.1100
11720.000000	91.402313	-169.0466
11800.000000	92.320633	-169.6303
12060.000000	95.405441	178.9916
12200.000000	96.724304	167.4925
12410.000000	97.828606	145.7505
12500.000000	97.912140	135.5997
12650.000000	97.507713	119.1401
12800.000000	96.577057	104.9343
13150.000000	93.798950	82.2912
13200.000000	93.423569	79.9552
13400.000000	92.040359	72.1220
13600.000000	90.920464	65.6418
13800.000000	90.004539	59.6107
14000.000000	89.346039	53.7863
14300.000000	88.727394	44.6151
14500.000000	88.616867	37.5632
14750.000000	88.819992	26.6754
15000.000000	88.909225	11.4508
15250.000000	89.850540	-6.4592
15500.000000	90.186600	-31.5301
15750.000000	89.641769	-60.7204
16000.000000	88.111923	-89.1932
16250.000000	86.108086	-113.9971
16500.000000	84.162361	-135.3779
16750.000000	82.460106	-155.3259
17000.000000	81.085754	-175.4371
17250.000000	80.013306	163.2295
17500.000000	79.218536	140.4683
17750.000000	78.739304	114.6213
18000.000000	78.539139	86.2529
18250.000000	78.861679	52.4633
18500.000000	79.393784	11.2837
18750.000000	80.221519	-41.6530
19000.000000	79.964249	-110.6653
19250.000000	77.670479	174.2520
19500.000000	74.200333	94.8787
19750.000000	69.806351	10.6200
