* Measurement data measured by REW V5.40 beta 124
* Source: USB-C to 3.5mm Headphone Jack Adapter, , 0, volume: 0.310
* Format: 256k Log Swept Sine, 1 sweep at -12.0 dBFS with no timing reference
* Dated: Jun 8, 2026, 4:01:44 PM
* REW Settings:
*  C-weighting compensation: Off
*  Target level: 75.0 dB
* Note: ; 
* Measurement: R
* Smoothing: None
* Frequency Step: 1/48 octave
* Start Frequency: 20.000 Hz
*
* Freq(Hz)	SPL(dB)	Phase(degrees)
20.000000	114.398	12.5962
20.299999	114.397	12.0008
20.600000	114.396	11.4220
20.900000	114.395	10.8590
21.200001	114.393	10.3078
21.400000	114.392	9.9446
21.799999	114.390	9.2254
22.000000	114.388	8.8696
22.400000	114.383	8.1694
22.700001	114.378	7.6582
23.000000	114.372	7.1600
23.299999	114.367	6.6727
23.600000	114.362	6.1923
24.000000	114.355	5.5556
24.299999	114.349	5.0806
24.700001	114.339	4.4559
25.000000	114.330	3.9998
25.400000	114.317	3.4128
25.799999	114.305	2.8472
26.200001	114.293	2.2942
26.500000	114.285	1.8828
26.900000	114.273	1.3365
27.200001	114.264	0.9295
27.600000	114.250	0.3934
28.000000	114.235	-0.1316
28.500000	114.214	-0.7661
29.000000	114.192	-1.3719
29.500000	114.171	-1.9550
30.000000	114.153	-2.5369
30.400000	114.137	-3.0124
30.700001	114.124	-3.3717
31.100000	114.102	-3.8405
31.500000	114.077	-4.2795
32.000000	114.048	-4.7796
32.500000	114.026	-5.2573
33.000000	114.010	-5.7641
33.500000	113.991	-6.3136
34.000000	113.964	-6.8687
34.500000	113.933	-7.3861
35.000000	113.902	-7.8605
35.500000	113.876	-8.3203
36.000000	113.851	-8.7883
36.500000	113.824	-9.2595
37.000000	113.796	-9.7167
37.500000	113.767	-10.1543
38.200001	113.729	-10.7498
38.700001	113.701	-11.1703
39.500000	113.656	-11.8279
40.000000	113.627	-12.2284
40.599998	113.592	-12.7005
41.200001	113.556	-13.1606
41.799999	113.520	-13.6083
42.500000	113.478	-14.1237
43.099998	113.441	-14.5618
43.700001	113.403	-14.9893
44.400002	113.359	-15.4718
45.000000	113.322	-15.8784
45.500000	113.292	-16.2142
46.200001	113.249	-16.6762
46.799999	113.213	-17.0666
47.500000	113.169	-17.5165
48.200001	113.125	-17.9513
48.700001	113.093	-18.2541
49.400002	113.048	-18.6714
50.000000	113.008	-19.0081
50.799999	112.959	-19.4370
51.500000	112.918	-19.8453
52.200001	112.868	-20.2370
53.000000	112.819	-20.6139
53.799999	112.777	-21.0809
54.500000	112.720	-21.4873
55.200001	112.669	-21.7269
56.000000	112.644	-22.1006
57.000000	112.564	-22.7892
58.000000	112.483	-22.9716
59.000000	112.467	-23.4493
60.000000	112.386	-24.0919
60.799999	112.322	-24.3643
61.500000	112.277	-24.6314
62.200001	112.229	-24.8948
63.000000	112.182	-25.1813
64.000000	112.119	-25.6180
65.000000	112.051	-25.9687
66.000000	111.994	-26.3321
67.000000	111.933	-26.7107
68.000000	111.871	-27.0684
69.000000	111.807	-27.3941
70.000000	111.747	-27.7047
71.000000	111.686	-28.0243
72.000000	111.624	-28.3281
73.000000	111.563	-28.6255
74.000000	111.502	-28.9177
75.000000	111.440	-29.2090
76.199997	111.367	-29.5276
77.500000	111.293	-29.8800
78.800003	111.214	-30.2215
80.000000	111.143	-30.5128
81.199997	111.072	-30.7997
82.500000	110.996	-31.1023
83.800003	110.919	-31.3947
85.000000	110.851	-31.6541
86.199997	110.783	-31.9141
87.500000	110.708	-32.1717
88.500000	110.654	-32.3761
90.000000	110.567	-32.6578
91.199997	110.502	-32.8803
92.500000	110.429	-33.1118
93.800003	110.359	-33.3364
95.000000	110.293	-33.5383
96.199997	110.228	-33.7318
97.500000	110.157	-33.9274
98.800003	110.089	-34.1178
100.000000	110.025	-34.2960
101.500000	109.946	-34.5021
103.000000	109.867	-34.7020
104.400002	109.795	-34.8690
106.000000	109.713	-35.0629
107.500000	109.637	-35.2345
109.000000	109.563	-35.4003
110.599998	109.483	-35.5706
112.000000	109.415	-35.6994
113.800003	109.328	-35.8625
115.000000	109.269	-35.9753
117.199997	109.165	-36.1777
118.000000	109.127	-36.2344
120.599998	108.999	-36.4748
122.000000	108.945	-36.5517
124.099998	108.847	-36.6868
125.000000	108.805	-36.7300
126.500000	108.743	-36.8204
128.000000	108.671	-36.9238
131.500000	108.519	-37.1334
132.000000	108.497	-37.1540
134.000000	108.412	-37.2520
136.000000	108.327	-37.3331
138.000000	108.243	-37.4141
140.000000	108.160	-37.4870
143.000000	108.038	-37.5944
145.000000	107.958	-37.6582
147.500000	107.861	-37.7282
150.000000	107.765	-37.8152
152.500000	107.662	-37.7771
155.000000	107.568	-37.8431
157.500000	107.474	-37.8725
160.000000	107.383	-37.8843
162.500000	107.290	-37.9004
165.000000	107.201	-37.9007
167.500000	107.113	-37.9005
170.000000	107.025	-37.8851
172.500000	106.936	-37.8681
175.000000	106.849	-37.8488
177.500000	106.765	-37.8246
180.000000	106.679	-37.7863
182.500000	106.600	-37.7480
185.000000	106.519	-37.6944
187.500000	106.439	-37.6338
190.000000	106.358	-37.5830
192.500000	106.279	-37.5210
195.000000	106.201	-37.4524
197.500000	106.123	-37.3561
200.000000	106.046	-37.2703
203.000000	105.954	-37.1430
206.000000	105.864	-36.9948
209.000000	105.779	-36.7984
212.000000	105.693	-36.6114
214.000000	105.637	-36.4665
218.000000	105.543	-36.1159
220.000000	105.505	-35.9448
224.000000	105.444	-35.7069
227.000000	105.398	-35.6469
230.000000	105.344	-35.6428
233.000000	105.280	-35.6406
236.000000	105.212	-35.6318
240.000000	105.119	-35.5629
243.000000	105.042	-35.5034
247.000000	104.946	-35.4033
250.000000	104.876	-35.3028
254.000000	104.784	-35.1446
258.000000	104.690	-34.9682
262.000000	104.599	-34.8154
265.000000	104.536	-34.6865
269.000000	104.448	-34.4930
272.000000	104.384	-34.3504
276.000000	104.302	-34.1559
280.000000	104.218	-33.9361
285.000000	104.119	-33.6847
290.000000	104.018	-33.4250
295.000000	103.925	-33.1423
300.000000	103.826	-32.8365
304.000000	103.758	-32.6434
307.000000	103.702	-32.4767
311.000000	103.632	-32.2331
315.000000	103.564	-31.9913
320.000000	103.480	-31.7017
325.000000	103.396	-31.4152
330.000000	103.316	-31.1019
335.000000	103.236	-30.8203
340.000000	103.160	-30.5402
345.000000	103.080	-30.2524
350.000000	103.005	-29.9593
355.000000	102.930	-29.6638
360.000000	102.855	-29.3693
365.000000	102.783	-29.0583
370.000000	102.708	-28.7556
375.000000	102.636	-28.4402
382.000000	102.534	-27.9989
387.000000	102.462	-27.7090
395.000000	102.348	-27.1431
400.000000	102.282	-26.7926
406.000000	102.201	-26.3267
412.000000	102.126	-25.8367
418.000000	102.059	-25.3374
425.000000	101.994	-24.7788
431.000000	101.946	-24.3601
437.000000	101.897	-23.9983
444.000000	101.833	-23.6177
450.000000	101.771	-23.2832
455.000000	101.722	-23.0076
462.000000	101.648	-22.6021
468.000000	101.588	-22.2334
475.000000	101.518	-21.8034
482.000000	101.451	-21.3889
487.000000	101.401	-21.0739
494.000000	101.332	-20.6519
500.000000	101.273	-20.2825
508.000000	101.197	-19.7875
515.000000	101.129	-19.3416
522.000000	101.062	-18.8871
530.000000	100.984	-18.3524
538.000000	100.907	-17.8329
545.000000	100.841	-17.3433
552.000000	100.774	-16.8629
560.000000	100.699	-16.3041
570.000000	100.606	-15.5576
580.000000	100.515	-14.7912
590.000000	100.423	-14.0097
600.000000	100.331	-13.1723
608.000000	100.263	-12.4855
615.000000	100.205	-11.8365
622.000000	100.148	-11.2010
630.000000	100.085	-10.4199
640.000000	100.012	-9.3872
650.000000	99.944	-8.3280
660.000000	99.896	-7.2159
670.000000	99.838	-6.0550
680.000000	99.799	-4.7946
690.000000	99.776	-3.5170
700.000000	99.774	-2.1640
710.000000	99.791	-0.6436
720.000000	99.872	0.9783
730.000000	100.061	2.4154
740.000000	100.309	2.8000
750.000000	100.438	2.4632
762.000000	100.477	2.2278
775.000000	100.479	2.2910
788.000000	100.474	2.5636
800.000000	100.457	2.8860
812.000000	100.435	3.2951
825.000000	100.410	3.7787
838.000000	100.378	4.3669
850.000000	100.352	5.0317
862.000000	100.344	5.8422
875.000000	100.383	6.7762
885.000000	100.465	7.2273
900.000000	100.499	6.9363
912.000000	100.422	7.1997
925.000000	100.353	7.8611
938.000000	100.322	8.6770
950.000000	100.304	9.4329
962.000000	100.301	10.1936
975.000000	100.308	10.9865
988.000000	100.325	11.7773
1000.000000	100.346	12.4871
1015.000000	100.381	13.3272
1030.000000	100.415	14.1555
1044.000000	100.458	14.8897
1060.000000	100.508	15.6982
1075.000000	100.561	16.4236
1090.000000	100.618	17.1098
1106.000000	100.684	17.7762
1120.000000	100.742	18.3010
1138.000000	100.817	18.9489
1150.000000	100.872	19.3354
1172.000000	100.960	19.9918
1180.000000	100.993	20.2049
1206.000000	101.093	20.8443
1220.000000	101.144	21.1667
1241.000000	101.214	21.5692
1250.000000	101.242	21.7378
1265.000000	101.287	22.0254
1280.000000	101.325	22.2805
1315.000000	101.405	22.8298
1320.000000	101.419	22.9068
1340.000000	101.453	23.2313
1360.000000	101.486	23.5482
1380.000000	101.510	23.8746
1400.000000	101.538	24.2262
1430.000000	101.569	24.7730
1450.000000	101.590	25.1376
1475.000000	101.605	25.6217
1500.000000	101.626	26.1181
1525.000000	101.642	26.6898
1550.000000	101.661	27.2529
1575.000000	101.678	27.8445
1600.000000	101.697	28.4577
1625.000000	101.717	29.1073
1650.000000	101.740	29.7293
1675.000000	101.767	30.4136
1700.000000	101.796	31.0787
1725.000000	101.827	31.7902
1750.000000	101.865	32.4894
1775.000000	101.904	33.2007
1800.000000	101.946	33.9243
1825.000000	101.995	34.6489
1850.000000	102.049	35.3639
1875.000000	102.103	36.0995
1900.000000	102.164	36.7898
1925.000000	102.229	37.4982
1950.000000	102.301	38.2065
1975.000000	102.372	38.9012
2000.000000	102.452	39.5715
2030.000000	102.549	40.3525
2060.000000	102.654	41.1539
2090.000000	102.767	41.8874
2120.000000	102.886	42.6193
2140.000000	102.971	43.0690
2180.000000	103.144	43.9259
2200.000000	103.235	44.3213
2240.000000	103.419	45.0575
2270.000000	103.565	45.5623
2300.000000	103.716	46.0139
2330.000000	103.870	46.3816
2360.000000	104.027	46.7061
2400.000000	104.238	47.0405
2430.000000	104.399	47.2151
2470.000000	104.616	47.3346
2500.000000	104.781	47.3360
2540.000000	104.998	47.2164
2580.000000	105.211	46.9423
2620.000000	105.414	46.5217
2650.000000	105.562	46.1177
2690.000000	105.744	45.4503
2720.000000	105.870	44.8829
2760.000000	106.023	44.0117
2800.000000	106.155	43.0568
2850.000000	106.288	41.7479
2900.000000	106.385	40.3267
2950.000000	106.441	38.8540
3000.000000	106.455	37.3760
3040.000000	106.436	36.2040
3070.000000	106.404	35.3671
3110.000000	106.339	34.2961
3150.000000	106.250	33.3268
3200.000000	106.107	32.2720
3250.000000	105.939	31.4603
3300.000000	105.751	30.8667
3350.000000	105.546	30.5557
3400.000000	105.341	30.5665
3450.000000	105.142	30.8369
3500.000000	104.971	31.4150
3550.000000	104.840	32.1609
3600.000000	104.752	32.8807
3650.000000	104.692	33.4096
3700.000000	104.622	33.7464
3750.000000	104.526	34.0125
3820.000000	104.334	34.5417
3870.000000	104.169	35.1569
3950.000000	103.890	36.7431
4000.000000	103.724	38.1428
4060.000000	103.554	40.2672
4120.000000	103.436	42.8682
4180.000000	103.401	45.8117
4250.000000	103.485	49.4972
4310.000000	103.679	52.6614
4370.000000	103.981	55.5573
4440.000000	104.449	58.4145
4500.000000	104.928	60.2061
4550.000000	105.356	61.1886
4620.000000	105.973	61.7632
4680.000000	106.487	61.6000
4750.000000	107.047	60.7050
4820.000000	107.551	59.2144
4870.000000	107.873	57.8791
4940.000000	108.261	55.6786
5000.000000	108.538	53.5865
5080.000000	108.826	50.5876
5150.000000	108.999	47.8381
5220.000000	109.105	45.2474
5300.000000	109.204	42.0339
5380.000000	109.186	38.8199
5450.000000	109.102	36.1843
5520.000000	108.968	33.7556
5600.000000	108.764	31.2674
5700.000000	108.449	28.6338
5800.000000	108.081	26.5667
5900.000000	107.685	25.0696
6000.000000	107.280	24.2000
6080.000000	106.965	23.9058
6150.000000	106.700	23.9280
6220.000000	106.451	24.2164
6300.000000	106.198	24.8171
6400.000000	105.939	25.9561
6500.000000	105.754	27.3904
6600.000000	105.647	28.9781
6700.000000	105.622	30.5860
6800.000000	105.673	32.1595
6900.000000	105.785	33.6417
7000.000000	105.973	35.0631
7100.000000	106.258	36.4835
7200.000000	106.693	37.2010
7300.000000	107.137	37.4036
7400.000000	107.693	37.1754
7500.000000	108.346	36.0101
7620.000000	109.211	32.9897
7750.000000	110.158	27.1303
7880.000000	110.909	18.1888
8000.000000	111.187	7.7548
8120.000000	110.928	-3.0022
8250.000000	110.163	-12.8832
8380.000000	109.172	-20.1682
8500.000000	108.235	-24.9281
8620.000000	107.352	-28.3787
8750.000000	106.477	-31.0846
8850.000000	105.876	-32.6441
9000.000000	105.080	-34.4710
9120.000000	104.523	-35.7036
9250.000000	104.003	-36.8416
9380.000000	103.546	-37.8847
9500.000000	103.196	-38.7689
9620.000000	102.929	-39.6790
9750.000000	102.736	-40.8970
9880.000000	102.618	-42.7243
10000.000000	102.546	-45.0368
10150.000000	102.459	-48.7534
10300.000000	102.340	-53.3443
10440.000000	102.106	-58.0619
10600.000000	101.787	-63.9105
10750.000000	101.381	-69.7004
10900.000000	100.861	-75.5944
11060.000000	100.197	-81.4651
11200.000000	99.550	-86.3756
11380.000000	98.696	-91.0000
11500.000000	98.385	-94.2591
11720.000000	97.653	-103.8472
11800.000000	97.257	-107.6613
12060.000000	95.589	-119.2646
12200.000000	94.546	-124.5408
12410.000000	92.940	-131.1001
12500.000000	92.245	-133.5204
12650.000000	91.142	-137.3203
12800.000000	90.096	-140.5067
13150.000000	87.956	-147.6596
13200.000000	87.712	-148.9584
13400.000000	86.778	-153.3389
13600.000000	86.040	-158.3639
13800.000000	85.428	-164.7667
14000.000000	85.125	-171.8025
14300.000000	84.724	174.6957
14500.000000	85.263	166.6042
14750.000000	86.463	146.2804
15000.000000	86.599	117.0910
15250.000000	85.969	84.5115
15500.000000	83.609	56.8792
15750.000000	80.839	36.7424
16000.000000	78.373	22.7986
16250.000000	75.698	9.0687
16500.000000	71.773	-1.8585
16750.000000	63.988	73.4358
17000.000000	84.594	18.4485
17250.000000	80.323	-35.0029
17500.000000	78.208	-58.1573
17750.000000	77.685	-78.6646
18000.000000	78.389	-104.4072
18250.000000	80.317	-140.6643
18500.000000	82.237	166.1124
18750.000000	83.403	102.8796
19000.000000	84.326	30.4269
19250.000000	84.931	-53.4973
19500.000000	84.836	-147.3716
19750.000000	83.636	107.3784
