* Measurement data measured by REW V5.31.3
* Source: USB-C to 3.5mm Headphone Jack Adapter, USB-C to 3.5mm Headphone Jack Adapter, 0, volume: 0.138
* Format: 256k Log Swept Sine, 4 sweeps at -12.0 dBFS with no timing reference
* Dated: Dec 14, 2024 2:08:55 PM
* REW Settings:
*  C-weighting compensation: Off
*  Target level: 75.0 dB
* Note: ; 
* Measurement: L
* Smoothing: None
* Frequency Step: 1/48 octave
* Start Frequency: 20.300 Hz
*
* Freq(Hz)	SPL(dB)	Phase(degrees)
20.299999	105.453	-172.3968
20.600000	105.448	-173.2051
20.900000	105.438	-173.9418
21.200001	105.427	-174.6841
21.400000	105.421	-175.1856
21.799999	105.409	-176.2004
22.000000	105.403	-176.7091
22.400000	105.391	-177.7153
22.700001	105.381	-178.4480
23.000000	105.370	-179.1563
23.299999	105.358	-179.8408
23.600000	105.345	179.4937
24.000000	105.328	178.6218
24.299999	105.315	177.9704
24.700001	105.297	177.0985
25.000000	105.283	176.4448
25.400000	105.263	175.5844
25.799999	105.242	174.7523
26.200001	105.219	173.9581
26.500000	105.201	173.3860
26.900000	105.176	172.6433
27.200001	105.156	172.0924
27.600000	105.129	171.3546
28.000000	105.099	170.6082
28.500000	105.060	169.6676
29.000000	105.023	168.7332
29.500000	104.987	167.8197
30.000000	104.951	166.9400
30.400000	104.923	166.2651
30.700001	104.900	165.7746
31.100000	104.869	165.1357
31.500000	104.837	164.5040
32.000000	104.795	163.7116
32.500000	104.751	162.9150
33.000000	104.707	162.1268
33.500000	104.664	161.3581
34.000000	104.622	160.6108
34.500000	104.580	159.8818
35.000000	104.535	159.1702
35.500000	104.488	158.4727
36.000000	104.440	157.7784
36.500000	104.392	157.0766
37.000000	104.344	156.3718
37.500000	104.294	155.6825
38.200001	104.224	154.7668
38.700001	104.176	154.1382
39.500000	104.096	153.1358
40.000000	104.045	152.5085
40.599998	103.982	151.7678
41.200001	103.921	151.0454
41.799999	103.861	150.3362
42.500000	103.789	149.5177
43.099998	103.724	148.8271
43.700001	103.657	148.1541
44.400002	103.582	147.3871
45.000000	103.520	146.7350
45.500000	103.468	146.1979
46.200001	103.392	145.4686
46.799999	103.326	144.8610
47.500000	103.246	144.1525
48.200001	103.165	143.4461
48.700001	103.108	142.9518
49.400002	103.031	142.2746
50.000000	102.965	141.7046
50.799999	102.877	140.9625
51.500000	102.798	140.3250
52.200001	102.717	139.6955
53.000000	102.623	138.9918
53.799999	102.528	138.2959
54.500000	102.444	137.6949
55.200001	102.363	137.1069
56.000000	102.271	136.4375
57.000000	102.150	135.6382
58.000000	102.030	134.8814
59.000000	101.907	134.1006
60.000000	101.783	133.3902
60.799999	101.692	132.8194
61.500000	101.608	132.2876
62.200001	101.517	131.7855
63.000000	101.417	131.2560
64.000000	101.299	130.5735
65.000000	101.175	129.9230
66.000000	101.050	129.3119
67.000000	100.925	128.6694
68.000000	100.801	128.0432
69.000000	100.676	127.4637
70.000000	100.549	126.9388
71.000000	100.425	126.3790
72.000000	100.297	125.8114
73.000000	100.170	125.2975
74.000000	100.043	124.8010
75.000000	99.914	124.3114
76.199997	99.763	123.7251
77.500000	99.595	123.1318
78.800003	99.430	122.5843
80.000000	99.278	122.0431
81.199997	99.122	121.5818
82.500000	98.955	121.0717
83.800003	98.787	120.5977
85.000000	98.635	120.1486
86.199997	98.478	119.7667
87.500000	98.316	119.3754
88.500000	98.187	119.0418
90.000000	97.996	118.6409
91.199997	97.829	118.2638
92.500000	97.670	117.9857
93.800003	97.500	117.6082
95.000000	97.353	117.4010
96.199997	97.198	117.1509
97.500000	97.023	116.8913
98.800003	96.878	116.9495
100.000000	96.747	116.3851
101.500000	96.519	116.3720
103.000000	96.327	116.0460
104.400002	96.161	115.9149
106.000000	95.944	115.8133
107.500000	95.783	115.8276
109.000000	95.569	115.4813
110.599998	95.410	115.7031
112.000000	95.246	115.5496
113.800003	95.006	115.2189
115.000000	94.834	115.2701
117.199997	94.560	115.5572
118.000000	94.470	115.6344
120.599998	94.181	115.8736
122.000000	94.027	115.9673
124.099998	93.746	116.2927
125.000000	93.641	116.5480
126.500000	93.476	116.6874
128.000000	93.297	116.9194
131.500000	92.901	117.6010
132.000000	92.850	117.7422
134.000000	92.673	118.4277
136.000000	92.417	118.7706
138.000000	92.239	119.4784
140.000000	92.093	120.3741
143.000000	91.765	121.0216
145.000000	91.610	121.5216
147.500000	91.406	122.2043
150.000000	91.208	122.9910
152.500000	90.999	124.1931
155.000000	90.843	124.7620
157.500000	90.640	125.7264
160.000000	90.495	126.6747
162.500000	90.288	127.6191
165.000000	90.147	128.6208
167.500000	89.968	129.4607
170.000000	89.843	130.5514
172.500000	89.694	131.3894
175.000000	89.565	132.6868
177.500000	89.441	133.6191
180.000000	89.345	135.0593
182.500000	89.243	135.8552
185.000000	89.140	136.7051
187.500000	89.065	137.8290
190.000000	88.944	138.8336
192.500000	88.940	139.7633
195.000000	88.795	140.8261
197.500000	88.816	141.6343
200.000000	88.702	142.7598
203.000000	88.661	143.7983
206.000000	88.627	144.8816
209.000000	88.589	145.4935
212.000000	88.551	146.7047
214.000000	88.544	147.3483
218.000000	88.465	148.7580
220.000000	88.479	149.4597
224.000000	88.464	150.2877
227.000000	88.399	151.1501
230.000000	88.327	152.2235
233.000000	88.375	153.3240
236.000000	88.414	153.9153
240.000000	88.394	154.6639
243.000000	88.391	155.4975
247.000000	88.367	156.4959
250.000000	88.328	157.0547
254.000000	88.403	157.8092
258.000000	88.378	158.8591
262.000000	88.371	159.4129
265.000000	88.382	160.2515
269.000000	88.428	160.7597
272.000000	88.381	161.6003
276.000000	88.447	162.2027
280.000000	88.443	162.5785
285.000000	88.415	163.1609
290.000000	88.411	163.9537
295.000000	88.467	164.8729
300.000000	88.472	165.5653
304.000000	88.460	166.0832
307.000000	88.521	166.3891
311.000000	88.521	166.7943
315.000000	88.502	167.2441
320.000000	88.514	167.8469
325.000000	88.537	168.3413
330.000000	88.551	168.9203
335.000000	88.567	169.3893
340.000000	88.573	169.9242
345.000000	88.586	170.3075
350.000000	88.583	170.7740
355.000000	88.609	171.2297
360.000000	88.614	171.6229
365.000000	88.621	172.0366
370.000000	88.628	172.4384
375.000000	88.640	172.7764
382.000000	88.647	173.2763
387.000000	88.657	173.7064
395.000000	88.667	174.2101
400.000000	88.663	174.4940
406.000000	88.652	175.1274
412.000000	88.699	175.4985
418.000000	88.706	175.6938
425.000000	88.709	175.9120
431.000000	88.720	176.4294
437.000000	88.721	176.5833
444.000000	88.729	177.3683
450.000000	88.670	177.6091
455.000000	88.727	177.8965
462.000000	88.662	178.2471
468.000000	88.716	178.7238
475.000000	88.730	178.9982
482.000000	88.694	179.4722
487.000000	88.727	179.6773
494.000000	88.687	-179.9851
500.000000	88.683	-179.6371
508.000000	88.717	-179.2405
515.000000	88.668	-179.0426
522.000000	88.757	-178.8206
530.000000	88.726	-178.2117
538.000000	88.705	-177.9142
545.000000	88.716	-177.7963
552.000000	88.706	-177.4403
560.000000	88.698	-176.9831
570.000000	88.686	-176.5802
580.000000	88.667	-176.1629
590.000000	88.649	-175.6763
600.000000	88.653	-175.1776
608.000000	88.581	-174.7194
615.000000	88.584	-174.5120
622.000000	88.542	-174.0724
630.000000	88.614	-173.7324
640.000000	88.594	-173.2462
650.000000	88.564	-172.7097
660.000000	88.546	-172.1969
670.000000	88.534	-171.6290
680.000000	88.540	-171.0674
690.000000	88.516	-170.6068
700.000000	88.503	-169.9376
710.000000	88.498	-169.5041
720.000000	88.484	-168.9050
730.000000	88.471	-168.3822
740.000000	88.470	-167.8542
750.000000	88.456	-167.2582
762.000000	88.466	-166.4738
775.000000	88.442	-165.7565
788.000000	88.457	-164.9516
800.000000	88.453	-164.2074
812.000000	88.458	-163.4796
825.000000	88.471	-162.6937
838.000000	88.490	-161.9154
850.000000	88.500	-161.1015
862.000000	88.524	-160.3606
875.000000	88.545	-159.5616
885.000000	88.563	-158.9060
900.000000	88.599	-157.9565
912.000000	88.636	-157.2351
925.000000	88.676	-156.3852
938.000000	88.723	-155.6056
950.000000	88.772	-154.8845
962.000000	88.822	-154.1508
975.000000	88.886	-153.4124
988.000000	88.945	-152.6684
1000.000000	89.008	-152.0291
1015.000000	89.091	-151.2351
1030.000000	89.176	-150.4680
1044.000000	89.254	-149.8004
1060.000000	89.356	-149.0686
1075.000000	89.450	-148.4412
1090.000000	89.549	-147.8416
1106.000000	89.652	-147.2502
1120.000000	89.742	-146.7801
1138.000000	89.859	-146.2321
1150.000000	89.933	-145.8731
1172.000000	90.070	-145.2984
1180.000000	90.119	-145.1041
1206.000000	90.274	-144.5191
1220.000000	90.352	-144.2166
1241.000000	90.467	-143.8488
1250.000000	90.513	-143.6782
1265.000000	90.592	-143.4302
1280.000000	90.663	-143.1853
1315.000000	90.825	-142.6287
1320.000000	90.849	-142.5385
1340.000000	90.933	-142.2187
1360.000000	91.016	-141.9129
1380.000000	91.098	-141.6117
1400.000000	91.181	-141.2878
1430.000000	91.299	-140.8156
1450.000000	91.370	-140.4809
1475.000000	91.479	-140.0531
1500.000000	91.575	-139.6615
1525.000000	91.682	-139.2359
1550.000000	91.786	-138.9028
1575.000000	91.890	-138.5583
1600.000000	91.995	-138.2832
1625.000000	92.098	-137.9960
1650.000000	92.197	-137.7251
1675.000000	92.289	-137.4898
1700.000000	92.385	-137.2528
1725.000000	92.475	-137.0526
1750.000000	92.564	-136.8420
1775.000000	92.648	-136.6175
1800.000000	92.730	-136.4153
1825.000000	92.810	-136.2019
1850.000000	92.892	-135.9689
1875.000000	92.973	-135.7438
1900.000000	93.052	-135.5020
1925.000000	93.134	-135.2440
1950.000000	93.217	-135.0172
1975.000000	93.299	-134.7814
2000.000000	93.379	-134.5546
2030.000000	93.479	-134.2607
2060.000000	93.583	-133.9899
2090.000000	93.685	-133.7386
2120.000000	93.786	-133.4711
2140.000000	93.858	-133.2910
2180.000000	94.002	-132.9791
2200.000000	94.075	-132.8165
2240.000000	94.219	-132.5443
2270.000000	94.331	-132.3398
2300.000000	94.446	-132.1609
2330.000000	94.561	-132.0041
2360.000000	94.678	-131.8615
2400.000000	94.838	-131.6987
2430.000000	94.959	-131.6291
2470.000000	95.120	-131.5755
2500.000000	95.241	-131.5630
2540.000000	95.397	-131.6054
2580.000000	95.555	-131.6816
2620.000000	95.710	-131.7992
2650.000000	95.823	-131.9067
2690.000000	95.972	-132.0850
2720.000000	96.081	-132.2276
2760.000000	96.225	-132.4421
2800.000000	96.369	-132.6478
2850.000000	96.552	-132.9249
2900.000000	96.753	-133.2775
2950.000000	96.958	-133.7861
3000.000000	97.152	-134.4827
3040.000000	97.298	-135.1064
3070.000000	97.402	-135.6152
3110.000000	97.532	-136.3324
3150.000000	97.654	-137.0725
3200.000000	97.797	-138.0724
3250.000000	97.930	-139.1368
3300.000000	98.050	-140.2523
3350.000000	98.155	-141.4323
3400.000000	98.246	-142.6674
3450.000000	98.319	-143.9648
3500.000000	98.376	-145.2957
3550.000000	98.407	-146.6591
3600.000000	98.412	-148.0152
3650.000000	98.391	-149.3253
3700.000000	98.341	-150.5351
3750.000000	98.274	-151.5296
3820.000000	98.185	-152.5347
3870.000000	98.154	-153.1145
3950.000000	98.148	-154.2330
4000.000000	98.144	-155.1255
4060.000000	98.118	-156.3069
4120.000000	98.069	-157.5477
4180.000000	97.990	-158.7680
4250.000000	97.877	-160.1338
4310.000000	97.759	-161.2292
4370.000000	97.626	-162.2264
4440.000000	97.456	-163.2873
4500.000000	97.299	-164.1027
4550.000000	97.163	-164.7066
4620.000000	96.963	-165.4450
4680.000000	96.789	-165.9734
4750.000000	96.581	-166.4804
4820.000000	96.374	-166.8601
4870.000000	96.226	-167.0616
4940.000000	96.019	-167.2666
5000.000000	95.847	-167.3816
5080.000000	95.617	-167.4509
5150.000000	95.414	-167.4203
5220.000000	95.217	-167.2969
5300.000000	94.993	-167.0414
5380.000000	94.779	-166.6873
5450.000000	94.596	-166.3050
5520.000000	94.421	-165.8459
5600.000000	94.235	-165.2148
5700.000000	94.017	-164.3411
5800.000000	93.824	-163.3414
5900.000000	93.659	-162.2520
6000.000000	93.517	-161.0919
6080.000000	93.431	-160.1342
6150.000000	93.370	-159.2764
6220.000000	93.326	-158.4347
6300.000000	93.298	-157.4632
6400.000000	93.295	-156.3094
6500.000000	93.334	-155.2209
6600.000000	93.417	-154.2959
6700.000000	93.536	-153.5563
6800.000000	93.696	-153.0439
6900.000000	93.886	-152.9061
7000.000000	94.090	-153.2069
7100.000000	94.288	-153.8776
7200.000000	94.464	-154.8054
7300.000000	94.617	-155.7640
7400.000000	94.788	-156.5394
7500.000000	95.063	-157.2309
7620.000000	95.586	-158.8994
7750.000000	96.289	-163.2004
7880.000000	96.871	-170.6649
8000.000000	97.039	-179.8032
8120.000000	96.726	170.4796
8250.000000	95.914	161.1420
8380.000000	94.824	153.8967
8500.000000	93.705	149.0491
8620.000000	92.568	145.6229
8750.000000	91.352	143.3578
8850.000000	90.452	142.4286
9000.000000	89.195	142.2335
9120.000000	88.276	142.7371
9250.000000	87.378	143.8535
9380.000000	86.576	145.2711
9500.000000	85.897	146.8617
9620.000000	85.286	148.6791
9750.000000	84.696	150.6674
9880.000000	84.180	152.8842
10000.000000	83.757	154.8719
10150.000000	83.288	157.4987
10300.000000	82.947	159.9297
10440.000000	82.596	162.5064
10600.000000	82.327	165.3122
10750.000000	82.145	167.7430
10900.000000	82.003	170.2315
11060.000000	81.935	172.6638
11200.000000	81.926	174.5773
11380.000000	82.003	177.1183
11500.000000	82.084	178.6295
11720.000000	82.366	-179.0472
11800.000000	82.497	-178.2976
12060.000000	83.100	-176.3832
12200.000000	83.517	-175.7620
12410.000000	84.305	-175.2480
12500.000000	84.734	-175.4138
12650.000000	85.544	-176.1107
12800.000000	86.529	-177.7601
13150.000000	89.604	171.3168
13200.000000	90.115	168.3935
13400.000000	92.064	151.7671
13600.000000	93.137	127.1943
13800.000000	92.642	100.9933
14000.000000	91.133	79.9798
14300.000000	88.685	57.5092
14500.000000	87.252	45.5628
14750.000000	85.828	32.2370
15000.000000	84.908	18.4114
15250.000000	84.249	2.3604
15500.000000	83.655	-16.5870
15750.000000	82.981	-37.2908
16000.000000	82.206	-59.3632
16250.000000	81.362	-82.4408
16500.000000	80.437	-106.2390
16750.000000	79.464	-130.2274
17000.000000	78.479	-154.8338
17250.000000	77.550	-179.7824
17500.000000	76.706	154.5874
17750.000000	75.948	127.0609
18000.000000	75.268	97.8787
18250.000000	74.772	66.3770
18500.000000	74.370	30.7785
18750.000000	74.003	-8.9922
19000.000000	73.791	-55.9125
19250.000000	73.432	-110.4802
19500.000000	72.931	-175.5311
19750.000000	71.871	106.9543
