* Measurement data measured by REW V5.20
* Source: USB-C to 3.5mm Headphone Jack Adapter, USB-C to 3.5mm Headphone Jack Adapter, 0, volume: 0.138
* Format: 256k Log Swept Sine, 1 sweep at -12.0 dBFS with no timing reference
* Dated: Apr 25, 2024 5:41:05 PM
* REW Settings:
*  C-weighting compensation: Off
*  Target level: 75.0 dB
* Note: ; 
* Measurement: on R
* Smoothing: None
* Frequency Step: 1/48 octave
* Start Frequency: 20.300 Hz
*
* Freq(Hz)	SPL(dB)	Phase(degrees)
20.299999	106.591904	44.1504
20.600000	106.662231	43.2753
20.900000	106.724838	42.4603
21.200001	106.782608	41.6420
21.400000	106.818619	41.1043
21.799999	106.886406	40.0793
22.000000	106.919426	39.6011
22.400000	106.986435	38.7075
22.700001	107.038750	38.0658
23.000000	107.091522	37.4159
23.299999	107.142052	36.7352
23.600000	107.187576	36.0177
24.000000	107.239136	35.0275
24.299999	107.274170	34.2885
24.700001	107.324356	33.3348
25.000000	107.369324	32.6378
25.400000	107.439133	31.7037
25.799999	107.510010	30.7395
26.200001	107.566864	29.7665
26.500000	107.594398	29.0685
26.900000	107.612656	28.2296
27.200001	107.618286	27.6815
27.600000	107.626839	27.0287
28.000000	107.645538	26.4029
28.500000	107.687103	25.5712
29.000000	107.743317	24.6642
29.500000	107.806770	23.7193
30.000000	107.868362	22.7659
30.400000	107.908836	22.0037
30.700001	107.931007	21.4404
31.100000	107.949677	20.7149
31.500000	107.961090	20.0260
32.000000	107.976608	19.1890
32.500000	108.000000	18.3238
33.000000	108.026321	17.4172
33.500000	108.048927	16.5285
34.000000	108.068977	15.7215
34.500000	108.091599	14.9866
35.000000	108.116501	14.2586
35.500000	108.137970	13.4974
36.000000	108.153038	12.7185
36.500000	108.164917	11.9514
37.000000	108.177864	11.2014
37.500000	108.191963	10.4608
38.200001	108.209030	9.4478
38.700001	108.218842	8.7528
39.500000	108.233795	7.6720
40.000000	108.242195	7.0007
40.599998	108.249680	6.2045
41.200001	108.254929	5.4297
41.799999	108.259476	4.6746
42.500000	108.264893	3.8025
43.099998	108.269363	3.0524
43.700001	108.273270	2.2980
44.400002	108.277031	1.4189
45.000000	108.279846	0.6774
45.500000	108.282242	0.0791
46.200001	108.286026	-0.7180
46.799999	108.288597	-1.3699
47.500000	108.286880	-2.1184
48.200001	108.277405	-2.8729
48.700001	108.267509	-3.4183
49.400002	108.254807	-4.1877
50.000000	108.248291	-4.8466
50.799999	108.243294	-5.7114
51.500000	108.235336	-6.4297
52.200001	108.223686	-7.0963
53.000000	108.212746	-7.8532
53.799999	108.201698	-8.6677
54.500000	108.188110	-9.3797
55.200001	108.175537	-10.0463
56.000000	108.164116	-10.7784
57.000000	108.146774	-11.6795
58.000000	108.124435	-12.5721
59.000000	108.098526	-13.4283
60.000000	108.080612	-14.2563
60.799999	108.067520	-14.9612
61.500000	108.050369	-15.5818
62.200001	108.031624	-16.1697
63.000000	108.014381	-16.8162
64.000000	107.993896	-17.6317
65.000000	107.967072	-18.4254
66.000000	107.941071	-19.2073
67.000000	107.913361	-20.0040
68.000000	107.885246	-20.7623
69.000000	107.858536	-21.5067
70.000000	107.830193	-22.2312
71.000000	107.801521	-22.9426
72.000000	107.771423	-23.6367
73.000000	107.745514	-24.3447
74.000000	107.716209	-25.0678
75.000000	107.685196	-25.7325
76.199997	107.650421	-26.5335
77.500000	107.610886	-27.4121
78.800003	107.572067	-28.2788
80.000000	107.529289	-29.0251
81.199997	107.495789	-29.7623
82.500000	107.453972	-30.5723
83.800003	107.409348	-31.3030
85.000000	107.372482	-32.0279
86.199997	107.333885	-32.7579
87.500000	107.295647	-33.4876
88.500000	107.264389	-34.0696
90.000000	107.211197	-34.9102
91.199997	107.172661	-35.5702
92.500000	107.131790	-36.2881
93.800003	107.087669	-37.0165
95.000000	107.045258	-37.6429
96.199997	107.006500	-38.2536
97.500000	106.964592	-38.9376
98.800003	106.918442	-39.6124
100.000000	106.876389	-40.2202
101.500000	106.824974	-40.9514
103.000000	106.774712	-41.6766
104.400002	106.727402	-42.3525
106.000000	106.670952	-43.1154
107.500000	106.619614	-43.8103
109.000000	106.569656	-44.4937
110.599998	106.514534	-45.2128
112.000000	106.466194	-45.8304
113.800003	106.405457	-46.6163
115.000000	106.365723	-47.1377
117.199997	106.290108	-48.0563
118.000000	106.262039	-48.3829
120.599998	106.173492	-49.4863
122.000000	106.129242	-50.0138
124.099998	106.058189	-50.8599
125.000000	106.030106	-51.2100
126.500000	105.979057	-51.7774
128.000000	105.929398	-52.3623
131.500000	105.813599	-53.6638
132.000000	105.797302	-53.8462
134.000000	105.731888	-54.5677
136.000000	105.667847	-55.2887
138.000000	105.603600	-55.9978
140.000000	105.539574	-56.6806
143.000000	105.442940	-57.6984
145.000000	105.380493	-58.3593
147.500000	105.302559	-59.1720
150.000000	105.224106	-59.9667
152.500000	105.146629	-60.7575
155.000000	105.070770	-61.5263
157.500000	104.994934	-62.2841
160.000000	104.918686	-63.0179
162.500000	104.844749	-63.7491
165.000000	104.769890	-64.4642
167.500000	104.698051	-65.1718
170.000000	104.623665	-65.8635
172.500000	104.552567	-66.5442
175.000000	104.482742	-67.2061
177.500000	104.412094	-67.8753
180.000000	104.343582	-68.4532
182.500000	104.272858	-69.1447
185.000000	104.205353	-69.7587
187.500000	104.136833	-70.3831
190.000000	104.071129	-70.9826
192.500000	104.003838	-71.5855
195.000000	103.938202	-72.1586
197.500000	103.873497	-72.7420
200.000000	103.807465	-73.3035
203.000000	103.732346	-73.9714
206.000000	103.657585	-74.6200
209.000000	103.584106	-75.2676
212.000000	103.509872	-75.8875
214.000000	103.461708	-76.3063
218.000000	103.367210	-77.1197
220.000000	103.320297	-77.5230
224.000000	103.228745	-78.3115
227.000000	103.160522	-78.8905
230.000000	103.091660	-79.4608
233.000000	103.024025	-80.0256
236.000000	102.958008	-80.5762
240.000000	102.868683	-81.2714
243.000000	102.810028	-81.8190
247.000000	102.724312	-82.5132
250.000000	102.661919	-83.0191
254.000000	102.581032	-83.6871
258.000000	102.501274	-84.3440
262.000000	102.422020	-84.9950
265.000000	102.363480	-85.4488
269.000000	102.286774	-86.0709
272.000000	102.228928	-86.5261
276.000000	102.153267	-87.0987
280.000000	102.079552	-87.6766
285.000000	101.987579	-88.3665
290.000000	101.902702	-89.0400
295.000000	101.818604	-89.6924
300.000000	101.748192	-90.3582
304.000000	101.675163	-90.8315
307.000000	101.625595	-91.2137
311.000000	101.563187	-91.7029
315.000000	101.504410	-92.1865
320.000000	101.427261	-92.7735
325.000000	101.355339	-93.3410
330.000000	101.285263	-93.9015
335.000000	101.219376	-94.4518
340.000000	101.153801	-95.0191
345.000000	101.084457	-95.5825
350.000000	101.016602	-96.1163
355.000000	100.948303	-96.6465
360.000000	100.879707	-97.1699
365.000000	100.814384	-97.6407
370.000000	100.747620	-98.1044
375.000000	100.685997	-98.5599
382.000000	100.598503	-99.1708
387.000000	100.538101	-99.5962
395.000000	100.442451	-100.2453
400.000000	100.383736	-100.6424
406.000000	100.316498	-101.1005
412.000000	100.250656	-101.5354
418.000000	100.186035	-101.9817
425.000000	100.111549	-102.4394
431.000000	100.050629	-102.8305
437.000000	99.991173	-103.2168
444.000000	99.921356	-103.6427
450.000000	99.862274	-103.9960
455.000000	99.815926	-104.2730
462.000000	99.752129	-104.6542
468.000000	99.698776	-104.9661
475.000000	99.638763	-105.3171
482.000000	99.579041	-105.6645
487.000000	99.536751	-105.8840
494.000000	99.480988	-106.1869
500.000000	99.433403	-106.4458
508.000000	99.370544	-106.7622
515.000000	99.315460	-107.0206
522.000000	99.264313	-107.2596
530.000000	99.207611	-107.5320
538.000000	99.152504	-107.7778
545.000000	99.103317	-107.9677
552.000000	99.058350	-108.1545
560.000000	99.008514	-108.3406
570.000000	98.948555	-108.5597
580.000000	98.892921	-108.7548
590.000000	98.837570	-108.9480
600.000000	98.788132	-109.1542
608.000000	98.745201	-109.2499
615.000000	98.709709	-109.3379
622.000000	98.672295	-109.4236
630.000000	98.634338	-109.4951
640.000000	98.586006	-109.5755
650.000000	98.543137	-109.6322
660.000000	98.489700	-109.5911
670.000000	98.461014	-109.6690
680.000000	98.420105	-109.6661
690.000000	98.385033	-109.6377
700.000000	98.350143	-109.5888
710.000000	98.319084	-109.5109
720.000000	98.295052	-109.4614
730.000000	98.260628	-109.3310
740.000000	98.237366	-109.2116
750.000000	98.215324	-109.0711
762.000000	98.190941	-108.9008
775.000000	98.167694	-108.6694
788.000000	98.151688	-108.4226
800.000000	98.138031	-108.1761
812.000000	98.130318	-107.9054
825.000000	98.125931	-107.5975
838.000000	98.124695	-107.2854
850.000000	98.129410	-106.9698
862.000000	98.135635	-106.6356
875.000000	98.148117	-106.2737
885.000000	98.162445	-105.9897
900.000000	98.194122	-105.5085
912.000000	98.214462	-105.2072
925.000000	98.246422	-104.8027
938.000000	98.283035	-104.4087
950.000000	98.323647	-104.0662
962.000000	98.365707	-103.7199
975.000000	98.419579	-103.3289
988.000000	98.475494	-102.9553
1000.000000	98.531746	-102.6451
1015.000000	98.607971	-102.2675
1030.000000	98.688446	-101.8990
1044.000000	98.767883	-101.6064
1060.000000	98.862839	-101.2913
1075.000000	98.955399	-101.0371
1090.000000	99.050400	-100.8247
1106.000000	99.154785	-100.6155
1120.000000	99.245377	-100.4755
1138.000000	99.362930	-100.3543
1150.000000	99.442986	-100.2824
1172.000000	99.584061	-100.2448
1180.000000	99.635597	-100.2427
1206.000000	99.800171	-100.3162
1220.000000	99.884575	-100.3797
1241.000000	100.003304	-100.5271
1250.000000	100.054558	-100.6035
1265.000000	100.135208	-100.7411
1280.000000	100.212868	-100.8940
1315.000000	100.382660	-101.2783
1320.000000	100.407616	-101.3455
1340.000000	100.492294	-101.6018
1360.000000	100.573433	-101.8501
1380.000000	100.654411	-102.1123
1400.000000	100.723404	-102.3442
1430.000000	100.824699	-102.7204
1450.000000	100.889404	-102.9739
1475.000000	100.966064	-103.2760
1500.000000	101.042961	-103.5705
1525.000000	101.108002	-103.8748
1550.000000	101.175346	-104.1672
1575.000000	101.238846	-104.4607
1600.000000	101.299721	-104.7437
1625.000000	101.360176	-105.0303
1650.000000	101.417465	-105.3260
1675.000000	101.473877	-105.6294
1700.000000	101.527725	-105.9240
1725.000000	101.580452	-106.2258
1750.000000	101.631485	-106.5299
1775.000000	101.681152	-106.8535
1800.000000	101.728722	-107.1644
1825.000000	101.773483	-107.4963
1850.000000	101.817993	-107.8287
1875.000000	101.859528	-108.1592
1900.000000	101.899536	-108.5060
1925.000000	101.938393	-108.8382
1950.000000	101.976318	-109.1764
1975.000000	102.011620	-109.5210
2000.000000	102.046997	-109.8571
2030.000000	102.088562	-110.2614
2060.000000	102.130737	-110.6603
2090.000000	102.175133	-111.0398
2120.000000	102.223976	-111.4257
2140.000000	102.257141	-111.6798
2180.000000	102.333389	-112.1960
2200.000000	102.376137	-112.4654
2240.000000	102.472282	-113.0310
2270.000000	102.555305	-113.5113
2300.000000	102.648903	-114.0557
2330.000000	102.749756	-114.6694
2360.000000	102.859520	-115.3859
2400.000000	103.016701	-116.5366
2430.000000	103.134216	-117.5545
2470.000000	103.287514	-119.1270
2500.000000	103.392593	-120.4635
2540.000000	103.515564	-122.4113
2580.000000	103.617737	-124.5023
2620.000000	103.697372	-126.6639
2650.000000	103.744156	-128.3154
2690.000000	103.800224	-130.5427
2720.000000	103.837936	-132.2221
2760.000000	103.887115	-134.4780
2800.000000	103.939362	-136.7626
2850.000000	104.015114	-139.7428
2900.000000	104.103210	-142.9004
2950.000000	104.201180	-146.2979
3000.000000	104.303528	-149.9949
3040.000000	104.380508	-153.2076
3070.000000	104.431595	-155.7502
3110.000000	104.485077	-159.3619
3150.000000	104.515022	-163.1900
3200.000000	104.505142	-168.2335
3250.000000	104.434280	-173.4910
3300.000000	104.286560	-178.8177
3350.000000	104.061516	175.9537
3400.000000	103.761711	170.9639
3450.000000	103.402390	166.3701
3500.000000	103.000473	162.2236
3550.000000	102.565331	158.6062
3600.000000	102.108231	155.5176
3650.000000	101.644623	153.0472
3700.000000	101.189873	151.2389
3750.000000	100.765228	150.1097
3820.000000	100.267242	149.6255
3870.000000	100.014389	149.9436
3950.000000	99.839813	151.0392
4000.000000	99.864944	151.7421
4060.000000	100.006752	152.3461
4120.000000	100.228958	152.5468
4180.000000	100.489838	152.3762
4250.000000	100.808853	151.8245
4310.000000	101.076698	151.1591
4370.000000	101.343857	150.4324
4440.000000	101.644203	149.5405
4500.000000	101.892059	148.7768
4550.000000	102.093269	148.2010
4620.000000	102.381340	147.4683
4680.000000	102.641693	146.9125
4750.000000	102.967461	146.2360
4820.000000	103.313118	145.4284
4870.000000	103.571205	144.7180
4940.000000	103.936295	143.4980
5000.000000	104.242935	142.1691
5080.000000	104.624298	139.9453
5150.000000	104.898651	137.5619
5220.000000	105.093781	134.8404
5300.000000	105.186134	131.5096
5380.000000	105.132889	128.2463
5450.000000	104.966637	125.6587
5520.000000	104.709045	123.5029
5600.000000	104.327477	121.6819
5700.000000	103.762482	120.4426
5800.000000	103.159950	120.3821
5900.000000	102.564812	121.3404
6000.000000	102.010391	123.1940
6080.000000	101.603554	125.2158
6150.000000	101.286827	127.3014
6220.000000	101.005287	129.5988
6300.000000	100.730919	132.4652
6400.000000	100.451675	136.2892
6500.000000	100.237976	140.2692
6600.000000	100.090820	144.3540
6700.000000	99.995346	148.4144
6800.000000	99.948174	152.4295
6900.000000	99.936546	156.4044
7000.000000	99.954475	160.2933
7100.000000	100.004860	164.1746
7200.000000	100.090637	168.0110
7300.000000	100.218300	171.7895
7400.000000	100.394455	175.4390
7500.000000	100.628426	178.6797
7620.000000	100.923317	-178.0526
7750.000000	101.219940	-175.2115
7880.000000	101.448730	-173.1916
8000.000000	101.505211	-171.8728
8120.000000	101.324402	-170.2171
8250.000000	100.889618	-166.3400
8380.000000	100.532318	-158.4317
8500.000000	100.815048	-148.4474
8620.000000	101.913033	-139.6249
8750.000000	103.635078	-135.3884
8850.000000	104.899246	-136.4045
9000.000000	106.137802	-142.3895
9120.000000	106.460152	-148.0249
9250.000000	106.284897	-150.8987
9380.000000	106.281921	-153.1961
9500.000000	106.147232	-154.3887
9620.000000	106.026848	-154.8475
9750.000000	105.930161	-154.9005
9880.000000	105.874336	-154.7020
10000.000000	105.856819	-154.3846
10150.000000	105.882156	-154.0304
10300.000000	105.953186	-153.6641
10440.000000	106.097763	-153.4758
10600.000000	106.363808	-153.8163
10750.000000	106.700195	-155.1953
10900.000000	107.064720	-158.0508
11060.000000	107.375450	-163.1674
11200.000000	107.444359	-169.3842
11380.000000	107.057037	-178.8964
11500.000000	106.438843	174.7831
11720.000000	104.690842	165.9205
11800.000000	103.957481	163.8721
12060.000000	101.542656	161.1716
12200.000000	100.342957	161.4634
12410.000000	98.686531	163.4667
12500.000000	98.044876	164.8494
12650.000000	97.104065	167.5775
12800.000000	96.337936	170.5222
13150.000000	95.190269	175.6017
13200.000000	95.068649	175.8562
13400.000000	94.470123	176.0860
13600.000000	93.799026	176.2211
13800.000000	93.212227	176.4144
14000.000000	92.665215	176.3681
14300.000000	91.996300	175.9489
14500.000000	91.694618	175.3776
14750.000000	91.526474	174.2017
15000.000000	91.635025	172.0400
15250.000000	92.096298	167.5242
15500.000000	92.745392	160.8240
15750.000000	93.594421	150.6605
16000.000000	94.409805	136.2072
16250.000000	94.914009	117.7202
16500.000000	94.897972	97.1452
16750.000000	94.496216	76.4450
17000.000000	93.886978	56.3675
17250.000000	93.373917	36.2686
17500.000000	93.076340	15.1431
17750.000000	93.104637	-8.3209
18000.000000	93.541252	-35.7178
18250.000000	94.455452	-70.1558
18500.000000	95.425758	-116.2126
18750.000000	95.468964	-173.8264
19000.000000	94.248428	122.0277
19250.000000	92.281952	53.4111
19500.000000	89.907867	-22.5341
19750.000000	86.979263	-109.4755
