* Measurement data measured by REW V5.20
* Source: USB-C to 3.5mm Headphone Jack Adapter, USB-C to 3.5mm Headphone Jack Adapter, 0, volume: 0.138
* Format: 256k Log Swept Sine, 1 sweep at -12.0 dBFS with no timing reference
* Dated: Dec 22, 2023 5:46:18 PM
* REW Settings:
*  C-weighting compensation: Off
*  Target level: 75.0 dB
* Note: 
* Measurement: R
* Smoothing: None
* Frequency Step: 1/48 octave
* Start Frequency: 20.300 Hz
*
* Freq(Hz)	SPL(dB)	Phase(degrees)
20.299999	107.721367	-148.8934
20.600000	107.742416	-149.5272
20.900000	107.757233	-150.0956
21.200001	107.771553	-150.6680
21.400000	107.781677	-151.0574
21.799999	107.802963	-151.8520
22.000000	107.813705	-152.2512
22.400000	107.834641	-153.0347
22.700001	107.849838	-153.5939
23.000000	107.865067	-154.1236
23.299999	107.880699	-154.6277
23.600000	107.896667	-155.1159
24.000000	107.917130	-155.7604
24.299999	107.930511	-156.2459
24.700001	107.944405	-156.8938
25.000000	107.952148	-157.3716
25.400000	107.960754	-157.9870
25.799999	107.970192	-158.5750
26.200001	107.981964	-159.1455
26.500000	107.991844	-159.5698
26.900000	108.004578	-160.1360
27.200001	108.012604	-160.5596
27.600000	108.020699	-161.1161
28.000000	108.026611	-161.6570
28.500000	108.033112	-162.3114
29.000000	108.039764	-162.9504
29.500000	108.045761	-163.5761
30.000000	108.050331	-164.1812
30.400000	108.053314	-164.6486
30.700001	108.055344	-164.9922
31.100000	108.057571	-165.4459
31.500000	108.058510	-165.8963
32.000000	108.057320	-166.4480
32.500000	108.054703	-166.9790
33.000000	108.052620	-167.4944
33.500000	108.051178	-168.0085
34.000000	108.048851	-168.5244
34.500000	108.045639	-169.0300
35.000000	108.043808	-169.5188
35.500000	108.044205	-170.0003
36.000000	108.043907	-170.4815
36.500000	108.039528	-170.9494
37.000000	108.031815	-171.3884
37.500000	108.024147	-171.8094
38.200001	108.013702	-172.4170
38.700001	108.003349	-172.8567
39.500000	107.987671	-173.4944
40.000000	107.984695	-173.8742
40.599998	107.981880	-174.3708
41.200001	107.969360	-174.8778
41.799999	107.951912	-175.3190
42.500000	107.941177	-175.7789
43.099998	107.934723	-176.2161
43.700001	107.916283	-176.6853
44.400002	107.882736	-177.1897
45.000000	107.860619	-177.5801
45.500000	107.854340	-177.9092
46.200001	107.856094	-178.4105
46.799999	107.844406	-178.8259
47.500000	107.802734	-179.1002
48.200001	107.772591	-179.1480
48.700001	107.777344	-179.2909
49.400002	107.782707	-179.8552
50.000000	107.757309	179.6219
50.799999	107.729973	179.2442
51.500000	107.723206	178.7977
52.200001	107.656799	178.1582
53.000000	107.556564	177.8703
53.799999	107.581787	177.7480
54.500000	107.639427	177.2393
55.200001	107.634148	176.7842
56.000000	107.598068	176.6568
57.000000	107.572800	176.3448
58.000000	107.547485	175.8311
59.000000	107.531586	175.4317
60.000000	107.506332	175.0839
60.799999	107.486816	174.6589
61.500000	107.468483	174.2011
62.200001	107.454727	173.8044
63.000000	107.442947	173.4295
64.000000	107.410027	173.0208
65.000000	107.373062	172.6163
66.000000	107.341759	172.1581
67.000000	107.310066	171.7575
68.000000	107.272766	171.3924
69.000000	107.237221	171.0295
70.000000	107.205345	170.6578
71.000000	107.175491	170.3500
72.000000	107.145920	170.0149
73.000000	107.108650	169.6594
74.000000	107.073868	169.3159
75.000000	107.035492	169.0081
76.199997	106.993263	168.6905
77.500000	106.948967	168.2853
78.800003	106.907394	167.9132
80.000000	106.865326	167.5776
81.199997	106.822357	167.2629
82.500000	106.778763	166.9079
83.800003	106.731743	166.5847
85.000000	106.690971	166.2956
86.199997	106.652145	165.9941
87.500000	106.604797	165.6976
88.500000	106.568909	165.4718
90.000000	106.516464	165.1296
91.199997	106.478638	164.8687
92.500000	106.432259	164.5911
93.800003	106.387787	164.3494
95.000000	106.347885	164.1301
96.199997	106.303856	163.8871
97.500000	106.261131	163.6370
98.800003	106.219376	163.4062
100.000000	106.174904	163.1987
101.500000	106.122711	162.9664
103.000000	106.073341	162.7123
104.400002	106.025230	162.4911
106.000000	105.972061	162.3040
107.500000	105.921906	162.0591
109.000000	105.870506	161.8377
110.599998	105.820068	161.6117
112.000000	105.773438	161.4430
113.800003	105.715561	161.2262
115.000000	105.674988	161.0856
117.199997	105.604782	160.8319
118.000000	105.580872	160.7334
120.599998	105.496498	160.5062
122.000000	105.449203	160.3286
124.099998	105.384560	160.1382
125.000000	105.354813	160.0582
126.500000	105.307983	159.9254
128.000000	105.263062	159.8018
131.500000	105.155296	159.5498
132.000000	105.140686	159.5196
134.000000	105.080475	159.3760
136.000000	105.022324	159.2483
138.000000	104.965202	159.1190
140.000000	104.905609	158.9972
143.000000	104.820747	158.8285
145.000000	104.761658	158.7182
147.500000	104.690689	158.5970
150.000000	104.620148	158.4987
152.500000	104.550278	158.4261
155.000000	104.481453	158.3252
157.500000	104.418289	158.2656
160.000000	104.352226	158.2026
162.500000	104.286850	158.1372
165.000000	104.224380	158.0869
167.500000	104.159645	158.0226
170.000000	104.096741	157.9824
172.500000	104.032471	157.9464
175.000000	103.969566	157.9238
177.500000	103.909134	157.9138
180.000000	103.837837	157.8293
182.500000	103.789001	157.9047
185.000000	103.725365	157.9074
187.500000	103.665604	157.9371
190.000000	103.609833	157.9605
192.500000	103.553413	157.9921
195.000000	103.500801	158.0288
197.500000	103.446899	158.0743
200.000000	103.392273	158.1109
203.000000	103.328270	158.1594
206.000000	103.265839	158.2234
209.000000	103.199554	158.3163
212.000000	103.142097	158.4030
214.000000	103.100029	158.4948
218.000000	103.028519	158.6438
220.000000	102.996094	158.7378
224.000000	102.929062	158.8279
227.000000	102.883362	158.8954
230.000000	102.831306	158.9715
233.000000	102.782349	159.0443
236.000000	102.731400	159.1198
240.000000	102.654404	159.2419
243.000000	102.609184	159.3146
247.000000	102.540741	159.4696
250.000000	102.490860	159.5807
254.000000	102.427200	159.7535
258.000000	102.364769	159.9472
262.000000	102.308685	160.1472
265.000000	102.269485	160.2729
269.000000	102.215714	160.4835
272.000000	102.180298	160.6081
276.000000	102.134689	160.7800
280.000000	102.087456	160.9191
285.000000	102.027679	161.0812
290.000000	101.965492	161.2338
295.000000	101.900406	161.3973
300.000000	101.826607	161.6217
304.000000	101.786362	161.7455
307.000000	101.747917	161.8623
311.000000	101.699875	162.0353
315.000000	101.651413	162.2043
320.000000	101.589706	162.4326
325.000000	101.530792	162.6654
330.000000	101.474907	162.9084
335.000000	101.420197	163.1469
340.000000	101.365494	163.3978
345.000000	101.314865	163.6542
350.000000	101.264099	163.9088
355.000000	101.214874	164.1610
360.000000	101.167168	164.4041
365.000000	101.120987	164.6810
370.000000	101.075745	164.9392
375.000000	101.031708	165.1947
382.000000	100.970688	165.5438
387.000000	100.927925	165.8101
395.000000	100.861221	166.2097
400.000000	100.820122	166.4719
406.000000	100.774170	166.7813
412.000000	100.726555	167.1034
418.000000	100.678757	167.3976
425.000000	100.631119	167.7818
431.000000	100.587387	168.0952
437.000000	100.542145	168.4240
444.000000	100.497086	168.8057
450.000000	100.455627	169.1232
455.000000	100.422348	169.3995
462.000000	100.377831	169.7845
468.000000	100.340866	170.1117
475.000000	100.298035	170.5023
482.000000	100.257431	170.8799
487.000000	100.229279	171.1618
494.000000	100.189178	171.5677
500.000000	100.158897	171.9142
508.000000	100.118355	172.3657
515.000000	100.083046	172.7767
522.000000	100.050903	173.1911
530.000000	100.017212	173.6901
538.000000	99.991180	174.1800
545.000000	99.968498	174.5665
552.000000	99.951874	174.9281
560.000000	99.928596	175.3327
570.000000	99.898094	175.8148
580.000000	99.866837	176.3022
590.000000	99.835663	176.7914
600.000000	99.804459	177.3041
608.000000	99.777992	177.6847
615.000000	99.755974	178.0389
622.000000	99.734734	178.3869
630.000000	99.711411	178.7794
640.000000	99.682098	179.2974
650.000000	99.652229	179.7953
660.000000	99.627716	-179.7644
670.000000	99.601311	-179.1622
680.000000	99.575546	-178.6332
690.000000	99.552650	-178.1131
700.000000	99.532555	-177.5811
710.000000	99.513680	-177.0538
720.000000	99.495766	-176.5071
730.000000	99.479919	-175.9718
740.000000	99.464157	-175.4429
750.000000	99.449791	-174.9027
762.000000	99.435013	-174.2666
775.000000	99.423920	-173.5498
788.000000	99.412476	-172.8550
800.000000	99.403732	-172.2039
812.000000	99.398102	-171.5468
825.000000	99.395195	-170.8250
838.000000	99.394592	-170.0943
850.000000	99.397987	-169.4206
862.000000	99.405495	-168.7464
875.000000	99.417542	-168.0342
885.000000	99.430031	-167.4766
900.000000	99.461334	-166.5048
912.000000	99.474579	-166.0085
925.000000	99.502144	-165.3234
938.000000	99.533165	-164.6553
950.000000	99.563156	-164.0492
962.000000	99.596794	-163.4577
975.000000	99.639015	-162.8336
988.000000	99.681122	-162.2329
1000.000000	99.722679	-161.6984
1015.000000	99.779785	-161.0452
1030.000000	99.836594	-160.4493
1044.000000	99.894501	-159.9197
1060.000000	99.960838	-159.3362
1075.000000	100.023766	-158.8365
1090.000000	100.088989	-158.3769
1106.000000	100.156410	-157.9330
1120.000000	100.215782	-157.5877
1138.000000	100.290817	-157.1768
1150.000000	100.336372	-156.9285
1172.000000	100.416046	-156.5276
1180.000000	100.445099	-156.4030
1206.000000	100.526993	-156.0290
1220.000000	100.565910	-155.8542
1241.000000	100.618195	-155.6230
1250.000000	100.636482	-155.5243
1265.000000	100.661346	-155.3764
1280.000000	100.684097	-155.2004
1315.000000	100.719292	-154.8198
1320.000000	100.720047	-154.7584
1340.000000	100.726295	-154.5073
1360.000000	100.726639	-154.2394
1380.000000	100.721542	-153.9534
1400.000000	100.708275	-153.5614
1430.000000	100.684013	-152.9372
1450.000000	100.664604	-152.4735
1475.000000	100.637932	-151.8106
1500.000000	100.600647	-151.0526
1525.000000	100.588730	-150.2199
1550.000000	100.567062	-149.3141
1575.000000	100.550247	-148.3239
1600.000000	100.541977	-147.2580
1625.000000	100.543671	-146.1379
1650.000000	100.550537	-144.9365
1675.000000	100.572098	-143.7030
1700.000000	100.604637	-142.4179
1725.000000	100.647087	-141.1097
1750.000000	100.704407	-139.7463
1775.000000	100.775505	-138.3723
1800.000000	100.863564	-136.9582
1825.000000	100.956528	-135.5796
1850.000000	101.069016	-134.1750
1875.000000	101.194748	-132.7939
1900.000000	101.336914	-131.4117
1925.000000	101.493004	-130.0666
1950.000000	101.661957	-128.7271
1975.000000	101.848808	-127.4459
2000.000000	102.048248	-126.1957
2030.000000	102.307770	-124.7524
2060.000000	102.586929	-123.3996
2090.000000	102.887451	-122.1417
2120.000000	103.208565	-120.9974
2140.000000	103.432419	-120.3091
2180.000000	103.908791	-119.1091
2200.000000	104.160057	-118.6175
2240.000000	104.684311	-117.8646
2270.000000	105.095673	-117.5428
2300.000000	105.520737	-117.4463
2330.000000	105.958122	-117.6039
2360.000000	106.401474	-118.0401
2400.000000	106.994553	-119.1095
2430.000000	107.433769	-120.2956
2470.000000	107.994583	-122.4118
2500.000000	108.382263	-124.4121
2540.000000	108.837425	-127.5961
2580.000000	109.199020	-131.3027
2620.000000	109.440971	-135.3236
2650.000000	109.537750	-138.4545
2690.000000	109.554756	-142.5560
2720.000000	109.488747	-145.4859
2760.000000	109.312851	-149.0252
2800.000000	109.061340	-152.0387
2850.000000	108.678085	-155.0203
2900.000000	108.262878	-157.1382
2950.000000	107.847343	-158.4646
3000.000000	107.454346	-159.1252
3040.000000	107.165123	-159.2664
3070.000000	106.966537	-159.1635
3110.000000	106.727234	-158.8394
3150.000000	106.519440	-158.3030
3200.000000	106.304718	-157.4294
3250.000000	106.141113	-156.3763
3300.000000	106.023987	-155.2466
3350.000000	105.956116	-154.0495
3400.000000	105.931793	-152.8680
3450.000000	105.948738	-151.7511
3500.000000	106.001312	-150.7428
3550.000000	106.087135	-149.8711
3600.000000	106.197319	-149.1774
3650.000000	106.319725	-148.6697
3700.000000	106.450806	-148.3588
3750.000000	106.577759	-148.2211
3820.000000	106.734756	-148.1886
3870.000000	106.830055	-148.1488
3950.000000	106.987457	-147.7286
4000.000000	107.137421	-147.2030
4060.000000	107.423767	-146.5706
4120.000000	107.836563	-146.4880
4180.000000	108.326607	-147.3982
4250.000000	108.904221	-149.8938
4310.000000	109.353043	-153.1932
4370.000000	109.721657	-157.6004
4440.000000	109.963936	-164.1863
4500.000000	109.908447	-170.7894
4550.000000	109.616722	-176.4804
4620.000000	108.826050	176.3546
4680.000000	107.878769	171.8273
4750.000000	106.614365	168.9177
4820.000000	105.335045	168.4828
4870.000000	104.469025	169.5113
4940.000000	103.376526	172.4494
5000.000000	102.578316	176.0954
5080.000000	101.741257	-177.8566
5150.000000	101.243034	-171.8217
5220.000000	100.962234	-165.3987
5300.000000	100.918373	-157.9701
5380.000000	101.146622	-150.8773
5450.000000	101.560585	-145.1596
5520.000000	102.162621	-140.1921
5600.000000	103.058479	-135.7144
5700.000000	104.447159	-132.4838
5800.000000	106.040627	-132.8685
5900.000000	107.613007	-138.0108
6000.000000	108.715652	-148.2099
6080.000000	108.919067	-158.2973
6150.000000	108.581535	-166.4556
6220.000000	107.918701	-172.7910
6300.000000	106.992126	-177.4618
6400.000000	105.840340	179.8907
6500.000000	104.834023	179.6967
6600.000000	104.016243	-178.9831
6700.000000	103.373787	-176.7251
6800.000000	102.902824	-173.9356
6900.000000	102.591972	-170.8204
7000.000000	102.421600	-167.6507
7100.000000	102.398972	-164.4908
7200.000000	102.521103	-161.5606
7300.000000	102.775787	-158.9994
7400.000000	103.163200	-156.9856
7500.000000	103.682594	-155.6887
7620.000000	104.479340	-155.6238
7750.000000	105.493576	-158.2315
7880.000000	106.482254	-164.7414
8000.000000	107.032730	-174.5647
8120.000000	106.880188	173.7794
8250.000000	105.906006	162.5763
8380.000000	104.491486	155.1921
8500.000000	103.112556	151.1770
8620.000000	101.680222	149.6788
8750.000000	100.364204	150.3945
8850.000000	99.483994	151.6749
9000.000000	98.378586	154.2631
9120.000000	97.564377	157.0619
9250.000000	96.952827	160.6160
9380.000000	96.542610	163.7975
9500.000000	96.305176	166.1607
9620.000000	96.166397	167.5449
9750.000000	96.014267	168.1619
9880.000000	95.799904	167.8392
10000.000000	95.498260	166.9706
10150.000000	94.966675	166.1271
10300.000000	94.337746	166.2017
10440.000000	93.766891	167.0167
10600.000000	93.210556	168.8127
10750.000000	92.811325	170.8765
10900.000000	92.536499	173.1155
11060.000000	92.417503	175.3677
11200.000000	92.436584	177.0774
11380.000000	92.651611	178.3802
11500.000000	92.894394	178.4938
11720.000000	93.451653	176.7464
11800.000000	93.661041	175.3019
12060.000000	94.084213	168.5138
12200.000000	94.135834	164.4433
12410.000000	94.121376	158.8941
12500.000000	94.131737	156.5479
12650.000000	94.185272	152.3714
12800.000000	94.255554	147.5992
13150.000000	94.130074	133.9303
13200.000000	94.058563	131.7744
13400.000000	93.650116	123.5930
13600.000000	93.091614	116.1629
13800.000000	92.481155	109.6283
14000.000000	91.889183	104.0275
14300.000000	91.210976	97.0497
14500.000000	91.013756	92.6894
14750.000000	91.143227	86.0294
15000.000000	91.506767	79.0414
15250.000000	92.640442	65.0926
15500.000000	94.073380	32.4816
15750.000000	90.575424	2.2545
16000.000000	87.340141	-5.4088
16250.000000	85.973755	-5.9046
16500.000000	87.216095	-2.9070
16750.000000	90.153885	-34.7457
17000.000000	91.830658	-65.0128
17250.000000	91.232025	-111.6931
17500.000000	89.262466	-150.5927
17750.000000	87.409203	175.3347
18000.000000	86.038864	141.5908
18250.000000	85.242981	106.1199
18500.000000	85.004112	65.5878
18750.000000	85.202812	16.8777
19000.000000	85.293434	-42.8982
19250.000000	84.283752	-114.3206
19500.000000	81.950218	169.8997
19750.000000	78.866699	88.5608
