* Measurement data measured by REW V5.20
* Source: USB-C to 3.5mm Headphone Jack Adapter, USB-C to 3.5mm Headphone Jack Adapter, 0, volume: 0.138
* Format: 256k Log Swept Sine, 1 sweep at -12.0 dBFS with no timing reference
* Dated: Dec 22, 2023 5:47:48 PM
* REW Settings:
*  C-weighting compensation: Off
*  Target level: 75.0 dB
* Note: 
* Measurement: L
* Smoothing: None
* Frequency Step: 1/48 octave
* Start Frequency: 20.300 Hz
*
* Freq(Hz)	SPL(dB)	Phase(degrees)
20.299999	108.132927	-146.5706
20.600000	108.149445	-147.2778
20.900000	108.160294	-147.8601
21.200001	108.177727	-148.3880
21.400000	108.196564	-148.7252
21.799999	108.251122	-149.4187
22.000000	108.283936	-149.7949
22.400000	108.349419	-150.6184
22.700001	108.387222	-151.2779
23.000000	108.409096	-151.9314
23.299999	108.414261	-152.5359
23.600000	108.406723	-153.0603
24.000000	108.389755	-153.6262
24.299999	108.381210	-153.9839
24.700001	108.383041	-154.4476
25.000000	108.393661	-154.8312
25.400000	108.414360	-155.4143
25.799999	108.435158	-156.0515
26.200001	108.452888	-156.6878
26.500000	108.465096	-157.1410
26.900000	108.482117	-157.7113
27.200001	108.495834	-158.1252
27.600000	108.513504	-158.6784
28.000000	108.527435	-159.2393
28.500000	108.536873	-159.9295
29.000000	108.541107	-160.5686
29.500000	108.547707	-161.1462
30.000000	108.561798	-161.6977
30.400000	108.577209	-162.1534
30.700001	108.588669	-162.5146
31.100000	108.600296	-163.0202
31.500000	108.605179	-163.5339
32.000000	108.602806	-164.1450
32.500000	108.597542	-164.6940
33.000000	108.596855	-165.1980
33.500000	108.602028	-165.6992
34.000000	108.608284	-166.2200
34.500000	108.610947	-166.7469
35.000000	108.609360	-167.2522
35.500000	108.605637	-167.7231
36.000000	108.601944	-168.1655
36.500000	108.599525	-168.5948
37.000000	108.598671	-169.0307
37.500000	108.597870	-169.4886
38.200001	108.591682	-170.1454
38.700001	108.583710	-170.5769
39.500000	108.577606	-171.1593
40.000000	108.581551	-171.5117
40.599998	108.585518	-171.9895
41.200001	108.578720	-172.5038
41.799999	108.563683	-172.9879
42.500000	108.550179	-173.4982
43.099998	108.544846	-173.9363
43.700001	108.537933	-174.3833
44.400002	108.524689	-174.8703
45.000000	108.513252	-175.2607
45.500000	108.503746	-175.5935
46.200001	108.487267	-176.0735
46.799999	108.472717	-176.4802
47.500000	108.459755	-176.9613
48.200001	108.446564	-177.4335
48.700001	108.437004	-177.7252
49.400002	108.428169	-178.0952
50.000000	108.416595	-178.4505
50.799999	108.382599	-178.9353
51.500000	108.361198	-179.3293
52.200001	108.357590	-179.8584
53.000000	108.327744	179.4879
53.799999	108.284157	179.2251
54.500000	108.277924	179.0976
55.200001	108.266571	178.7690
56.000000	108.228088	178.4559
57.000000	108.235672	178.1628
58.000000	108.235374	177.5684
59.000000	108.214218	177.2612
60.000000	108.222412	176.7060
60.799999	108.181641	176.1724
61.500000	108.143456	175.9243
62.200001	108.127182	175.6681
63.000000	108.101089	175.2736
64.000000	108.062981	174.9413
65.000000	108.048035	174.5549
66.000000	108.002838	174.1031
67.000000	107.969597	173.8477
68.000000	107.958168	173.4625
69.000000	107.923233	173.1068
70.000000	107.901520	172.8127
71.000000	107.884949	172.4748
72.000000	107.885300	172.1984
73.000000	107.862610	171.7579
74.000000	107.801094	171.4780
75.000000	107.779793	171.1931
76.199997	107.752960	170.6488
77.500000	107.708168	170.2167
78.800003	107.658516	169.8480
80.000000	107.621719	169.5108
81.199997	107.584274	169.1873
82.500000	107.543327	168.7623
83.800003	107.502029	168.4426
85.000000	107.465591	168.1216
86.199997	107.427879	167.8265
87.500000	107.391479	167.5038
88.500000	107.353241	167.2832
90.000000	107.301407	166.9575
91.199997	107.263802	166.6827
92.500000	107.223305	166.4113
93.800003	107.181030	166.1365
95.000000	107.143570	165.8928
96.199997	107.107941	165.6548
97.500000	107.065964	165.3888
98.800003	107.024506	165.1696
100.000000	106.990265	164.9534
101.500000	106.938385	164.6732
103.000000	106.889008	164.3983
104.400002	106.850349	164.1767
106.000000	106.790535	163.9609
107.500000	106.752907	163.6964
109.000000	106.703003	163.4399
110.599998	106.655151	163.2389
112.000000	106.611252	163.0428
113.800003	106.557114	162.7830
115.000000	106.517731	162.6440
117.199997	106.452873	162.3745
118.000000	106.430580	162.2932
120.599998	106.343231	161.9963
122.000000	106.305847	161.8232
124.099998	106.242554	161.6345
125.000000	106.215324	161.5399
126.500000	106.170403	161.4070
128.000000	106.127762	161.2766
131.500000	106.030624	160.9860
132.000000	106.016586	160.9465
134.000000	105.961037	160.8016
136.000000	105.905075	160.6470
138.000000	105.849899	160.4946
140.000000	105.797646	160.3445
143.000000	105.712906	160.1719
145.000000	105.659821	160.0264
147.500000	105.597618	159.9091
150.000000	105.530312	159.8110
152.500000	105.467270	159.6647
155.000000	105.403389	159.5463
157.500000	105.339073	159.4430
160.000000	105.276642	159.3528
162.500000	105.213745	159.2712
165.000000	105.152611	159.1923
167.500000	105.088806	159.1553
170.000000	105.028473	159.0917
172.500000	104.968170	159.0551
175.000000	104.912453	159.0237
177.500000	104.855591	159.0042
180.000000	104.799362	158.9068
182.500000	104.752815	158.9523
185.000000	104.698502	158.9208
187.500000	104.644943	158.8918
190.000000	104.595032	158.8790
192.500000	104.540939	158.8624
195.000000	104.489037	158.8548
197.500000	104.436432	158.8368
200.000000	104.385040	158.8364
203.000000	104.325340	158.8461
206.000000	104.265053	158.8680
209.000000	104.204590	158.8917
212.000000	104.145706	158.9189
214.000000	104.108948	158.9514
218.000000	104.032913	159.0037
220.000000	103.994759	159.0282
224.000000	103.922691	159.1032
227.000000	103.869362	159.1685
230.000000	103.815285	159.2247
233.000000	103.765320	159.2941
236.000000	103.713821	159.3743
240.000000	103.648468	159.5044
243.000000	103.597275	159.5185
247.000000	103.531868	159.6348
250.000000	103.484795	159.7071
254.000000	103.419640	159.8246
258.000000	103.356766	159.9476
262.000000	103.295044	160.0818
265.000000	103.249924	160.2230
269.000000	103.191513	160.3304
272.000000	103.146004	160.4505
276.000000	103.090034	160.6025
280.000000	103.034248	160.7722
285.000000	102.968407	160.9900
290.000000	102.906258	161.2101
295.000000	102.847107	161.4149
300.000000	102.797104	161.5883
304.000000	102.744446	161.7857
307.000000	102.710953	161.9053
311.000000	102.666901	162.0493
315.000000	102.621872	162.1874
320.000000	102.565208	162.3719
325.000000	102.507942	162.5773
330.000000	102.450409	162.7674
335.000000	102.394272	162.9804
340.000000	102.340958	163.1978
345.000000	102.285851	163.4274
350.000000	102.232651	163.6591
355.000000	102.179970	163.8784
360.000000	102.130363	164.1221
365.000000	102.078720	164.3914
370.000000	102.027962	164.6465
375.000000	101.980110	164.9225
382.000000	101.917404	165.3049
387.000000	101.872902	165.5862
395.000000	101.805527	166.0732
400.000000	101.768494	166.3737
406.000000	101.727814	166.7367
412.000000	101.689056	167.0900
418.000000	101.650024	167.4386
425.000000	101.611168	167.8318
431.000000	101.579826	168.1960
437.000000	101.552559	168.5424
444.000000	101.529251	168.9068
450.000000	101.513199	169.1768
455.000000	101.496986	169.3732
462.000000	101.469307	169.5971
468.000000	101.439590	169.7725
475.000000	101.400040	170.0190
482.000000	101.358551	170.2807
487.000000	101.328369	170.4763
494.000000	101.286888	170.7675
500.000000	101.251396	171.0240
508.000000	101.205460	171.3825
515.000000	101.167587	171.6993
522.000000	101.128693	172.0244
530.000000	101.087761	172.3956
538.000000	101.046684	172.7893
545.000000	101.014297	173.1124
552.000000	100.980087	173.4493
560.000000	100.945724	173.8382
570.000000	100.898209	174.3279
580.000000	100.858772	174.8301
590.000000	100.819153	175.3162
600.000000	100.780052	175.8202
608.000000	100.748489	176.2081
615.000000	100.723122	176.5747
622.000000	100.698036	176.9130
630.000000	100.670784	177.3096
640.000000	100.637772	177.8336
650.000000	100.607719	178.3417
660.000000	100.570969	178.9198
670.000000	100.549423	179.3688
680.000000	100.524483	179.8929
690.000000	100.498657	-179.5940
700.000000	100.475410	-179.0885
710.000000	100.451378	-178.5608
720.000000	100.431427	-178.0300
730.000000	100.410431	-177.5342
740.000000	100.392494	-176.9991
750.000000	100.375015	-176.4695
762.000000	100.356468	-175.8284
775.000000	100.339958	-175.1366
788.000000	100.324905	-174.4399
800.000000	100.310509	-173.7957
812.000000	100.301758	-173.1427
825.000000	100.294235	-172.4208
838.000000	100.289612	-171.6749
850.000000	100.289223	-171.0019
862.000000	100.292191	-170.3207
875.000000	100.303230	-169.5654
885.000000	100.313828	-169.0101
900.000000	100.317093	-168.1915
912.000000	100.361725	-167.5322
925.000000	100.393318	-166.8547
938.000000	100.422661	-166.2109
950.000000	100.455307	-165.6209
962.000000	100.489464	-165.0610
975.000000	100.527420	-164.4679
988.000000	100.568520	-163.8873
1000.000000	100.608116	-163.3686
1015.000000	100.660233	-162.7499
1030.000000	100.713669	-162.1523
1044.000000	100.766617	-161.6352
1060.000000	100.829391	-161.0906
1075.000000	100.888306	-160.5993
1090.000000	100.948006	-160.1403
1106.000000	101.010223	-159.7013
1120.000000	101.065971	-159.3624
1138.000000	101.137131	-158.9528
1150.000000	101.178436	-158.7243
1172.000000	101.254776	-158.3206
1180.000000	101.279617	-158.1825
1206.000000	101.354126	-157.7955
1220.000000	101.389137	-157.6248
1241.000000	101.437309	-157.3688
1250.000000	101.455025	-157.2673
1265.000000	101.480209	-157.0896
1280.000000	101.498489	-156.9406
1315.000000	101.525986	-156.5276
1320.000000	101.526558	-156.4684
1340.000000	101.534744	-156.2072
1360.000000	101.530357	-155.9248
1380.000000	101.522629	-155.6120
1400.000000	101.509232	-155.2201
1430.000000	101.484650	-154.5865
1450.000000	101.464661	-154.1084
1475.000000	101.438271	-153.4278
1500.000000	101.413925	-152.7396
1525.000000	101.387512	-151.8375
1550.000000	101.367531	-150.9172
1575.000000	101.353966	-149.9381
1600.000000	101.346954	-148.8816
1625.000000	101.347412	-147.7515
1650.000000	101.359764	-146.5800
1675.000000	101.382324	-145.3538
1700.000000	101.415611	-144.0825
1725.000000	101.457863	-142.7825
1750.000000	101.517365	-141.4357
1775.000000	101.587906	-140.0896
1800.000000	101.675087	-138.7515
1825.000000	101.772827	-137.3459
1850.000000	101.886139	-135.9821
1875.000000	102.011383	-134.6160
1900.000000	102.154297	-133.2737
1925.000000	102.310387	-131.9449
1950.000000	102.481728	-130.6542
1975.000000	102.666496	-129.3924
2000.000000	102.865822	-128.1814
2030.000000	103.123672	-126.7848
2060.000000	103.405846	-125.4933
2090.000000	103.706451	-124.2968
2120.000000	104.027214	-123.2188
2140.000000	104.251122	-122.5717
2180.000000	104.726318	-121.4538
2200.000000	104.976562	-121.0246
2240.000000	105.501137	-120.4014
2270.000000	105.910355	-120.1818
2300.000000	106.332428	-120.2071
2330.000000	106.763184	-120.4837
2360.000000	107.198502	-121.0632
2400.000000	107.777481	-122.3139
2430.000000	108.200195	-123.6603
2470.000000	108.731026	-125.9934
2500.000000	109.090981	-128.1428
2540.000000	109.500130	-131.4929
2580.000000	109.805161	-135.2854
2620.000000	109.992325	-139.3261
2650.000000	110.046532	-142.3962
2690.000000	110.012634	-146.3408
2720.000000	109.915550	-149.0940
2760.000000	109.708847	-152.3732
2800.000000	109.440308	-155.1069
2850.000000	109.051086	-157.7414
2900.000000	108.642509	-159.5414
2950.000000	108.243340	-160.6177
3000.000000	107.870605	-161.0963
3040.000000	107.602234	-161.1168
3070.000000	107.419167	-160.9631
3110.000000	107.203171	-160.5795
3150.000000	107.017197	-160.0414
3200.000000	106.830009	-159.1990
3250.000000	106.693039	-158.2576
3300.000000	106.600624	-157.2822
3350.000000	106.550209	-156.3083
3400.000000	106.536545	-155.4162
3450.000000	106.553284	-154.6358
3500.000000	106.593338	-154.0283
3550.000000	106.641251	-153.5902
3600.000000	106.691231	-153.3005
3650.000000	106.726532	-153.1446
3700.000000	106.739708	-153.0138
3750.000000	106.730820	-152.7852
3820.000000	106.697266	-151.9850
3870.000000	106.702217	-150.9337
3950.000000	106.885727	-148.6567
4000.000000	107.147835	-147.3912
4060.000000	107.575638	-146.6641
4120.000000	108.043831	-146.9291
4180.000000	108.503967	-147.9982
4250.000000	109.032524	-150.0732
4310.000000	109.482521	-152.6587
4370.000000	109.912704	-156.2382
4440.000000	110.311974	-161.9952
4500.000000	110.453262	-168.2921
4550.000000	110.346336	-174.1535
4620.000000	109.786560	177.7529
4680.000000	108.967728	171.9967
4750.000000	107.767616	167.5134
4820.000000	106.471954	165.5769
4870.000000	105.559128	165.6153
4940.000000	104.362419	167.3618
5000.000000	103.443710	170.1594
5080.000000	102.420883	175.3894
5150.000000	101.735260	-178.9435
5220.000000	101.273567	-172.5925
5300.000000	101.028839	-164.8781
5380.000000	101.098137	-157.1575
5450.000000	101.413956	-150.7444
5520.000000	101.952530	-145.0269
5600.000000	102.829819	-139.7403
5700.000000	104.251793	-135.7979
5800.000000	105.911392	-135.9996
5900.000000	107.507103	-141.6106
6000.000000	108.493591	-152.4902
6080.000000	108.522011	-162.5434
6150.000000	108.044388	-170.1046
6220.000000	107.301697	-175.5204
6300.000000	106.355865	-179.1334
6400.000000	105.244148	179.3165
6500.000000	104.301888	179.9250
6600.000000	103.551682	-178.2135
6700.000000	102.983063	-175.5615
6800.000000	102.576157	-172.5494
6900.000000	102.314735	-169.3308
7000.000000	102.203484	-166.1184
7100.000000	102.219887	-162.9842
7200.000000	102.367401	-160.0760
7300.000000	102.644348	-157.5990
7400.000000	103.041092	-155.6616
7500.000000	103.558853	-154.4861
7620.000000	104.355293	-154.4740
7750.000000	105.370438	-157.1673
7880.000000	106.361755	-163.8608
8000.000000	106.845116	-174.1486
8120.000000	106.564476	174.1613
8250.000000	105.465561	163.7047
8380.000000	104.013351	157.2784
8500.000000	102.662666	154.1705
8620.000000	101.292480	152.9765
8750.000000	100.008522	154.2887
8850.000000	99.177223	155.8584
9000.000000	98.124619	159.0430
9120.000000	97.454582	161.9794
9250.000000	96.900688	165.2502
9380.000000	96.517288	168.1814
9500.000000	96.285751	170.6461
9620.000000	96.146790	172.3235
9750.000000	96.040901	173.1192
9880.000000	95.895714	172.9109
10000.000000	95.663406	172.2241
10150.000000	95.219360	171.2391
10300.000000	94.657333	170.9932
10440.000000	94.132668	171.6148
10600.000000	93.609138	173.0490
10750.000000	93.197708	174.6624
10900.000000	92.837463	176.9182
11060.000000	92.719193	179.9331
11200.000000	92.800606	-178.1851
11380.000000	93.075562	-176.5361
11500.000000	93.355385	-176.1336
11720.000000	93.995590	-177.4107
11800.000000	94.250313	-178.6562
12060.000000	94.929970	174.7397
12200.000000	95.100975	170.2134
12410.000000	95.125313	163.6495
12500.000000	95.110741	160.9671
12650.000000	95.102539	156.8512
12800.000000	95.142349	152.4667
13150.000000	95.171738	140.3351
13200.000000	95.148170	138.3620
13400.000000	94.947838	130.5880
13600.000000	94.625381	123.1917
13800.000000	94.310425	116.3375
14000.000000	94.036140	109.7769
14300.000000	93.816879	100.2383
14500.000000	93.975685	93.0968
14750.000000	94.483498	80.9357
15000.000000	95.211426	62.3291
15250.000000	94.236542	36.3176
15500.000000	91.907761	17.3819
15750.000000	90.374748	8.5467
16000.000000	89.945076	-7.2612
16250.000000	88.300598	-23.4258
16500.000000	87.152588	-31.0117
16750.000000	90.340134	-40.3763
17000.000000	88.371788	-78.9362
17250.000000	89.464226	-101.1923
17500.000000	90.152237	-138.3535
17750.000000	89.472092	-177.4569
18000.000000	88.801910	145.5633
18250.000000	88.723434	106.3619
18500.000000	89.219063	60.2531
18750.000000	89.723343	1.3300
19000.000000	88.750618	-70.2828
19250.000000	85.890793	-143.6797
19500.000000	82.155716	143.7405
19750.000000	78.343887	66.6140
