* Measurement data measured by REW V5.20
* Source: USB-C to 3.5mm Headphone Jack Adapter, USB-C to 3.5mm Headphone Jack Adapter, 0, volume: 0.138. Timing signal peak level -54.4 dBFS, measurement signal peak level -18.8 dBFS
* Format: 256k Log Swept Sine, 1 sweep at -12.0 dBFS using an acoustic timing reference
* Dated: Jan 20, 2024 8:30:59 PM
* REW Settings:
*  C-weighting compensation: Off
*  Target level: 75.0 dB
* Note: ; Delay 0.1004 ms (34 mm, 1.36 in) using estimated IR delay relative to Acoustic reference on USB-C to 3.5mm Headphone Jack Adapter R with no timing offset
* Measurement: L
* Smoothing: None
* Frequency Step: 1/48 octave
* Start Frequency: 20.300 Hz
*
* Freq(Hz)	SPL(dB)	Phase(degrees)
20.299999	92.213203	66.8239
20.600000	92.310112	66.1505
20.900000	92.401924	65.5592
21.200001	92.493767	64.9745
21.400000	92.555023	64.5794
21.799999	92.674286	63.7762
22.000000	92.730972	63.3751
22.400000	92.837662	62.5968
22.700001	92.913361	62.0498
23.000000	92.987762	61.5326
23.299999	93.062408	61.0307
23.600000	93.137245	60.5251
24.000000	93.234192	59.8242
24.299999	93.302399	59.2824
24.700001	93.386742	58.5637
25.000000	93.447632	58.0436
25.400000	93.530693	57.3769
25.799999	93.619179	56.7159
26.200001	93.710648	56.0331
26.500000	93.777512	55.5072
26.900000	93.860641	54.8154
27.200001	93.918282	54.3261
27.600000	93.992165	53.7310
28.000000	94.066650	53.1889
28.500000	94.162384	52.5317
29.000000	94.255531	51.8458
29.500000	94.340347	51.1326
30.000000	94.417480	50.4201
30.400000	94.476494	49.8580
30.700001	94.520126	49.4395
31.100000	94.577530	48.8850
31.500000	94.633820	48.3397
32.000000	94.703247	47.6779
32.500000	94.772636	47.0317
33.000000	94.840538	46.3840
33.500000	94.903793	45.7337
34.000000	94.961739	45.1019
34.500000	95.017731	44.5035
35.000000	95.075539	43.9275
35.500000	95.135345	43.3521
36.000000	95.194450	42.7706
36.500000	95.250938	42.1923
37.000000	95.304924	41.6256
37.500000	95.356659	41.0687
38.200001	95.423775	40.3022
38.700001	95.467484	39.7709
39.500000	95.534485	38.9531
40.000000	95.577126	38.4463
40.599998	95.628586	37.8295
41.200001	95.678680	37.2178
41.799999	95.727524	36.6323
42.500000	95.783539	35.9789
43.099998	95.828972	35.4223
43.700001	95.871262	34.8566
44.400002	95.918983	34.1796
45.000000	95.958710	33.5979
45.500000	95.990585	33.1430
46.200001	96.036423	32.5734
46.799999	96.076927	32.0947
47.500000	96.115509	31.4853
48.200001	96.145309	30.8754
48.700001	96.171944	30.4544
49.400002	96.215538	29.8331
50.000000	96.241486	29.3198
50.799999	96.265594	28.7926
51.500000	96.299408	28.2630
52.200001	96.319962	27.4917
53.000000	96.318199	26.7598
53.799999	96.365944	26.4040
54.500000	96.440346	25.9975
55.200001	96.479263	25.4566
56.000000	96.490173	24.9193
57.000000	96.522385	24.1959
58.000000	96.560867	23.4760
59.000000	96.602631	22.8977
60.000000	96.623459	22.3016
60.799999	96.639191	21.8345
61.500000	96.662407	21.3744
62.200001	96.683968	20.8764
63.000000	96.700836	20.3388
64.000000	96.719040	19.7478
65.000000	96.742996	19.1911
66.000000	96.766907	18.6294
67.000000	96.785561	18.0725
68.000000	96.800430	17.5166
69.000000	96.818008	16.9467
70.000000	96.834724	16.3804
71.000000	96.851814	15.8788
72.000000	96.866425	15.3695
73.000000	96.879234	14.8658
74.000000	96.897743	14.3718
75.000000	96.907829	13.8958
76.199997	96.907890	13.2604
77.500000	96.934944	12.5339
78.800003	96.968758	11.8471
80.000000	96.960518	11.5389
81.199997	96.964691	11.0020
82.500000	96.969048	10.3370
83.800003	96.987488	9.7811
85.000000	96.987122	9.3158
86.199997	96.985092	8.8200
87.500000	96.997032	8.2540
88.500000	97.000633	7.8121
90.000000	96.998779	7.2458
91.199997	97.002243	6.7456
92.500000	97.007332	6.2689
93.800003	97.006165	5.7755
95.000000	97.005234	5.3258
96.199997	97.007034	4.8867
97.500000	97.002853	4.4419
98.800003	96.999130	3.9491
100.000000	96.995270	3.5231
101.500000	96.997452	3.0060
103.000000	97.001373	2.4789
104.400002	96.990547	2.0475
106.000000	96.986061	1.5143
107.500000	96.980118	1.0010
109.000000	96.970818	0.5312
110.599998	96.956650	0.0295
112.000000	96.954567	-0.4111
113.800003	96.938721	-0.9367
115.000000	96.921593	-1.3160
117.199997	96.907654	-1.9692
118.000000	96.900330	-2.1592
120.599998	96.860023	-2.9585
122.000000	96.869110	-3.2625
124.099998	96.836411	-3.8248
125.000000	96.826767	-4.0733
126.500000	96.813248	-4.3901
128.000000	96.793312	-4.7211
131.500000	96.742981	-5.4635
132.000000	96.738220	-5.5527
134.000000	96.713959	-5.7961
136.000000	96.692574	-6.1008
138.000000	96.699135	-6.3151
140.000000	96.713104	-6.5169
143.000000	96.765572	-7.0793
145.000000	96.790237	-7.6011
147.500000	96.814392	-8.3960
150.000000	96.809326	-9.2238
152.500000	96.796181	-9.9712
155.000000	96.772148	-10.6519
157.500000	96.739212	-11.3121
160.000000	96.712784	-11.8972
162.500000	96.679413	-12.4634
165.000000	96.647461	-12.9980
167.500000	96.616699	-13.5291
170.000000	96.588387	-14.0461
172.500000	96.559410	-14.5386
175.000000	96.527916	-15.0575
177.500000	96.499855	-15.5133
180.000000	96.471237	-16.0889
182.500000	96.443420	-16.4834
185.000000	96.410080	-16.9859
187.500000	96.374481	-17.4063
190.000000	96.342606	-17.8523
192.500000	96.304871	-18.2761
195.000000	96.270859	-18.6744
197.500000	96.231918	-19.0576
200.000000	96.195480	-19.3838
203.000000	96.150734	-19.7729
206.000000	96.110207	-20.1077
209.000000	96.080101	-20.3907
212.000000	96.059692	-20.6815
214.000000	96.051239	-20.8619
218.000000	96.043732	-21.3048
220.000000	96.047653	-21.5768
224.000000	96.050186	-22.1985
227.000000	96.047783	-22.7588
230.000000	96.034698	-23.3657
233.000000	96.012260	-23.9705
236.000000	95.979706	-24.5694
240.000000	95.915405	-25.4324
243.000000	95.888344	-25.7993
247.000000	95.829567	-26.4492
250.000000	95.789436	-26.9101
254.000000	95.731102	-27.4997
258.000000	95.673363	-28.0310
262.000000	95.621819	-28.5541
265.000000	95.580101	-28.9457
269.000000	95.528763	-29.4168
272.000000	95.487717	-29.7857
276.000000	95.435715	-30.2868
280.000000	95.384232	-30.7390
285.000000	95.316795	-31.3122
290.000000	95.254303	-31.8617
295.000000	95.191422	-32.3931
300.000000	95.130890	-32.8941
304.000000	95.076904	-33.3409
307.000000	95.043800	-33.6437
311.000000	94.993431	-34.0439
315.000000	94.942162	-34.4292
320.000000	94.883896	-34.9156
325.000000	94.822144	-35.3700
330.000000	94.763435	-35.8375
335.000000	94.703751	-36.2762
340.000000	94.647003	-36.7270
345.000000	94.589813	-37.1552
350.000000	94.531311	-37.5814
355.000000	94.474655	-37.9764
360.000000	94.417892	-38.3646
365.000000	94.360359	-38.8092
370.000000	94.308281	-39.1878
375.000000	94.251816	-39.5911
382.000000	94.175293	-40.1013
387.000000	94.118881	-40.4663
395.000000	94.036385	-41.0431
400.000000	93.984589	-41.4282
406.000000	93.919739	-41.8126
412.000000	93.856247	-42.2223
418.000000	93.797066	-42.6088
425.000000	93.721397	-43.0516
431.000000	93.664642	-43.4329
437.000000	93.602348	-43.8164
444.000000	93.535500	-44.2524
450.000000	93.476547	-44.6284
455.000000	93.429512	-44.9014
462.000000	93.361732	-45.2961
468.000000	93.305664	-45.6286
475.000000	93.240822	-46.0175
482.000000	93.175644	-46.3870
487.000000	93.126656	-46.6571
494.000000	93.065468	-46.9992
500.000000	93.012337	-47.3001
508.000000	92.942108	-47.6908
515.000000	92.881660	-48.0180
522.000000	92.823021	-48.3435
530.000000	92.751137	-48.7128
538.000000	92.688019	-49.0794
545.000000	92.629425	-49.3801
552.000000	92.573456	-49.6759
560.000000	92.512573	-50.0179
570.000000	92.427574	-50.4166
580.000000	92.349297	-50.8191
590.000000	92.276489	-51.1784
600.000000	92.206421	-51.5971
608.000000	92.143547	-51.8374
615.000000	92.092201	-52.0898
622.000000	92.047913	-52.3414
630.000000	91.985382	-52.5961
640.000000	91.919708	-52.9117
650.000000	91.856667	-53.2125
660.000000	91.799072	-53.4784
670.000000	91.730942	-53.7940
680.000000	91.668564	-54.0827
690.000000	91.611084	-54.3245
700.000000	91.549652	-54.5758
710.000000	91.493874	-54.8013
720.000000	91.435883	-55.0587
730.000000	91.388092	-55.2794
740.000000	91.337936	-55.4986
750.000000	91.289261	-55.6965
762.000000	91.236336	-55.9216
775.000000	91.174889	-56.1315
788.000000	91.128975	-56.3698
800.000000	91.079750	-56.5536
812.000000	91.036797	-56.7363
825.000000	91.001015	-56.9159
838.000000	90.959885	-57.0739
850.000000	90.932869	-57.2490
862.000000	90.908607	-57.4029
875.000000	90.880417	-57.5682
885.000000	90.870125	-57.6669
900.000000	90.842621	-57.7504
912.000000	90.842751	-57.9983
925.000000	90.838707	-58.1644
938.000000	90.840027	-58.3232
950.000000	90.845718	-58.4685
962.000000	90.848747	-58.6644
975.000000	90.868355	-58.8206
988.000000	90.885742	-59.0438
1000.000000	90.901810	-59.2688
1015.000000	90.932533	-59.5507
1030.000000	90.967888	-59.9319
1044.000000	91.005928	-60.2151
1060.000000	91.046982	-60.6349
1075.000000	91.089424	-61.0579
1090.000000	91.136818	-61.5286
1106.000000	91.187767	-62.0913
1120.000000	91.231934	-62.5714
1138.000000	91.288605	-63.2697
1150.000000	91.322067	-63.7586
1172.000000	91.381042	-64.7014
1180.000000	91.406754	-65.0375
1206.000000	91.469452	-66.2734
1220.000000	91.504723	-66.9376
1241.000000	91.545341	-67.9657
1250.000000	91.561050	-68.3914
1265.000000	91.577576	-69.1318
1280.000000	91.598854	-69.9124
1315.000000	91.629723	-71.5615
1320.000000	91.636963	-71.8218
1340.000000	91.647110	-72.6753
1360.000000	91.652252	-73.5202
1380.000000	91.676888	-74.2297
1400.000000	91.704208	-75.0507
1430.000000	91.780884	-76.2684
1450.000000	91.840935	-77.2551
1475.000000	91.897743	-78.6263
1500.000000	91.921234	-80.0648
1525.000000	91.926086	-81.4403
1550.000000	91.926369	-82.6893
1575.000000	91.922340	-83.8760
1600.000000	91.909927	-84.9967
1625.000000	91.906502	-86.0948
1650.000000	91.899887	-87.1314
1675.000000	91.898460	-88.1306
1700.000000	91.905403	-89.0652
1725.000000	91.908211	-90.0666
1750.000000	91.917862	-90.9457
1775.000000	91.933380	-91.8434
1800.000000	91.942818	-92.6926
1825.000000	91.967979	-93.5849
1850.000000	91.989395	-94.4136
1875.000000	92.013710	-95.2585
1900.000000	92.042839	-96.0850
1925.000000	92.070709	-96.8615
1950.000000	92.108948	-97.6811
1975.000000	92.150314	-98.4868
2000.000000	92.192413	-99.2405
2030.000000	92.252724	-100.1907
2060.000000	92.313187	-101.1311
2090.000000	92.378517	-102.0661
2120.000000	92.444763	-102.9603
2140.000000	92.493889	-103.6069
2180.000000	92.593430	-104.7963
2200.000000	92.645645	-105.3688
2240.000000	92.770905	-106.4614
2270.000000	92.877823	-107.2492
2300.000000	92.997841	-108.0948
2330.000000	93.136116	-109.0067
2360.000000	93.280640	-110.0445
2400.000000	93.460365	-111.4347
2430.000000	93.599373	-112.5472
2470.000000	93.786491	-114.0359
2500.000000	93.933884	-115.1509
2540.000000	94.140282	-116.7202
2580.000000	94.345322	-118.4022
2620.000000	94.555511	-120.1177
2650.000000	94.702385	-121.3903
2690.000000	94.914848	-123.0621
2720.000000	95.081955	-124.3127
2760.000000	95.328606	-126.0522
2800.000000	95.589668	-127.9126
2850.000000	95.953888	-130.3825
2900.000000	96.351517	-133.3857
2950.000000	96.718460	-136.9861
3000.000000	97.033005	-140.8709
3040.000000	97.249214	-144.1077
3070.000000	97.392105	-146.6140
3110.000000	97.568298	-150.0335
3150.000000	97.714653	-153.5770
3200.000000	97.840820	-158.1469
3250.000000	97.894791	-162.7090
3300.000000	97.877075	-167.1721
3350.000000	97.797531	-171.3851
3400.000000	97.668480	-175.2350
3450.000000	97.514366	-178.7016
3500.000000	97.344803	178.2449
3550.000000	97.186691	175.5745
3600.000000	97.047470	173.2161
3650.000000	96.938141	171.0799
3700.000000	96.865822	169.0050
3750.000000	96.828613	166.9808
3820.000000	96.818924	164.0475
3870.000000	96.827118	161.7995
3950.000000	96.854546	157.9471
4000.000000	96.869705	155.4427
4060.000000	96.870079	152.3021
4120.000000	96.853477	149.1313
4180.000000	96.826569	145.9108
4250.000000	96.766052	142.1217
4310.000000	96.691711	138.8932
4370.000000	96.592590	135.7698
4440.000000	96.451935	132.2406
4500.000000	96.323006	129.5022
4550.000000	96.227615	127.2706
4620.000000	96.110001	124.1232
4680.000000	95.987946	121.3522
4750.000000	95.824127	118.3153
4820.000000	95.644821	115.4427
4870.000000	95.517502	113.4491
4940.000000	95.336792	110.8795
5000.000000	95.186584	108.8644
5080.000000	95.004280	106.3020
5150.000000	94.862778	104.2036
5220.000000	94.741974	102.1213
5300.000000	94.607101	99.8152
5380.000000	94.479866	97.6037
5450.000000	94.391655	95.8516
5520.000000	94.348206	94.0793
5600.000000	94.294136	91.7864
5700.000000	94.198471	89.0510
5800.000000	94.121063	86.6683
5900.000000	94.087769	84.4789
6000.000000	94.119392	82.5235
6080.000000	94.207092	81.0089
6150.000000	94.359886	79.5915
6220.000000	94.560242	77.6289
6300.000000	94.746399	74.8322
6400.000000	94.935165	71.4862
6500.000000	95.175346	68.1908
6600.000000	95.468636	64.3588
6700.000000	95.754364	59.8989
6800.000000	95.993973	55.0312
6900.000000	96.181389	49.9118
7000.000000	96.323708	44.7147
7100.000000	96.432869	39.5241
7200.000000	96.526833	34.4977
7300.000000	96.645248	29.3183
7400.000000	96.750145	23.9923
7500.000000	96.841003	18.4091
7620.000000	96.887962	11.7186
7750.000000	96.965721	4.6071
7880.000000	97.044548	-3.1464
8000.000000	97.030281	-10.6993
8120.000000	96.923088	-18.1508
8250.000000	96.737907	-25.8909
8380.000000	96.522141	-33.2152
8500.000000	96.329941	-39.6625
8620.000000	96.154671	-45.8779
8750.000000	95.991196	-52.4301
8850.000000	95.889458	-57.4164
9000.000000	95.801949	-64.8350
9120.000000	95.807411	-71.0266
9250.000000	95.847733	-78.2101
9380.000000	95.886215	-86.2233
9500.000000	95.952286	-93.9847
9620.000000	95.927177	-102.6035
9750.000000	95.766533	-112.4247
9880.000000	95.457062	-122.2398
10000.000000	95.072792	-130.9279
10150.000000	94.522545	-140.9564
10300.000000	94.002815	-150.2758
10440.000000	93.580360	-158.7235
10600.000000	93.191132	-168.5810
10750.000000	92.899376	-178.3706
10900.000000	92.622643	170.6016
11060.000000	92.203339	157.5609
11200.000000	91.658142	145.2953
11380.000000	90.589806	129.1987
11500.000000	89.677383	119.0167
11720.000000	87.658722	102.5311
11800.000000	86.869102	97.4061
12060.000000	84.331032	84.4692
12200.000000	83.057404	78.9905
12410.000000	81.548630	72.5229
12500.000000	80.904884	70.4217
12650.000000	80.250015	66.4617
12800.000000	79.828323	61.7454
13150.000000	78.755325	46.5718
13200.000000	78.593262	44.4581
13400.000000	77.917831	35.4697
13600.000000	77.339340	27.1346
13800.000000	76.877754	18.9384
14000.000000	76.615616	10.6948
14300.000000	76.515747	-2.0153
14500.000000	76.727188	-10.9119
14750.000000	77.303085	-23.3932
15000.000000	78.362717	-38.6168
15250.000000	79.919098	-51.4435
15500.000000	82.294899	-69.7188
15750.000000	85.595718	-95.6790
16000.000000	89.056976	-132.9563
16250.000000	92.168655	179.7247
16500.000000	94.622543	123.0477
16750.000000	96.930511	57.9579
17000.000000	97.826508	-41.4574
17250.000000	89.977272	-127.8314
17500.000000	82.719810	177.9557
17750.000000	76.857918	131.4515
18000.000000	71.744652	84.8160
18250.000000	67.026184	32.8287
18500.000000	62.166523	-15.8556
18750.000000	58.629314	-75.8093
19000.000000	53.085152	-135.9744
19250.000000	48.868263	157.7336
19500.000000	42.077175	62.0685
19750.000000	39.150566	-29.2654
