* Measurement data measured by REW V5.31.3
* Source: USB-C to 3.5mm Headphone Jack Adapter, no input selected, 0, volume: 0.343
* Format: 256k Log Swept Sine, 1 sweep at -12.0 dBFS with no timing reference
* Dated: Mar 3, 2026 2:54:59 PM
* REW Settings:
*  C-weighting compensation: Off
*  Target level: 75.0 dB
* Note: ; 
* Measurement: L Mar 3
* Smoothing: None
* Frequency Step: 1/48 octave
* Start Frequency: 20.000 Hz
*
* Freq(Hz)	SPL(dB)	Phase(degrees)
20.000000	104.403	-133.8386
20.299999	104.449	-134.7317
20.600000	104.485	-135.5752
20.900000	104.517	-136.3486
21.200001	104.548	-137.0525
21.400000	104.572	-137.4940
21.799999	104.626	-138.3561
22.000000	104.656	-138.7932
22.400000	104.715	-139.6923
22.700001	104.755	-140.3782
23.000000	104.791	-141.0543
23.299999	104.826	-141.7076
23.600000	104.860	-142.3396
24.000000	104.910	-143.1794
24.299999	104.948	-143.8336
24.700001	104.994	-144.7507
25.000000	105.019	-145.4498
25.400000	105.041	-146.3428
25.799999	105.056	-147.1412
26.200001	105.075	-147.8509
26.500000	105.097	-148.3618
26.900000	105.132	-149.0720
27.200001	105.159	-149.6448
27.600000	105.187	-150.4407
28.000000	105.203	-151.2177
28.500000	105.213	-152.0820
29.000000	105.231	-152.8322
29.500000	105.262	-153.5618
30.000000	105.299	-154.3585
30.400000	105.324	-155.0445
30.700001	105.337	-155.5654
31.100000	105.346	-156.2381
31.500000	105.351	-156.8660
32.000000	105.356	-157.5915
32.500000	105.364	-158.2826
33.000000	105.372	-158.9672
33.500000	105.379	-159.6458
34.000000	105.384	-160.3062
34.500000	105.389	-160.9474
35.000000	105.394	-161.5833
35.500000	105.398	-162.2242
36.000000	105.399	-162.8636
36.500000	105.397	-163.4866
37.000000	105.392	-164.0855
37.500000	105.387	-164.6623
38.200001	105.380	-165.4402
38.700001	105.376	-165.9792
39.500000	105.370	-166.8332
40.000000	105.364	-167.3699
40.599998	105.354	-168.0035
41.200001	105.343	-168.6077
41.799999	105.333	-169.1965
42.500000	105.320	-169.9061
43.099998	105.302	-170.5114
43.700001	105.280	-171.0470
44.400002	105.267	-171.6070
45.000000	105.265	-172.1496
45.500000	105.256	-172.6558
46.200001	105.227	-173.2966
46.799999	105.209	-173.7249
47.500000	105.207	-174.2778
48.200001	105.190	-174.9648
48.700001	105.159	-175.3843
49.400002	105.127	-175.7766
50.000000	105.123	-176.1371
50.799999	105.108	-176.8131
51.500000	105.071	-177.3358
52.200001	105.045	-177.7626
53.000000	105.020	-178.3642
53.799999	104.971	-178.9091
54.500000	104.940	-179.2425
55.200001	104.926	-179.6276
56.000000	104.906	179.8659
57.000000	104.882	179.2582
58.000000	104.850	178.5920
59.000000	104.807	178.0258
60.000000	104.763	177.4695
60.799999	104.722	177.1210
61.500000	104.702	176.8300
62.200001	104.682	176.4263
63.000000	104.639	175.9764
64.000000	104.596	175.5585
65.000000	104.563	175.0327
66.000000	104.515	174.5696
67.000000	104.480	174.1718
68.000000	104.444	173.7452
69.000000	104.403	173.3141
70.000000	104.352	172.9398
71.000000	104.311	172.5964
72.000000	104.263	172.1428
73.000000	104.202	171.7905
74.000000	104.158	171.4800
75.000000	104.128	171.1501
76.199997	104.092	170.5548
77.500000	104.009	170.1398
78.800003	103.973	169.8846
80.000000	103.931	169.5297
81.199997	103.881	169.1890
82.500000	103.827	168.8577
83.800003	103.768	168.4402
85.000000	103.712	168.1491
86.199997	103.662	167.8359
87.500000	103.613	167.5158
88.500000	103.568	167.2662
90.000000	103.512	166.9541
91.199997	103.456	166.6629
92.500000	103.402	166.4091
93.800003	103.344	166.1224
95.000000	103.292	165.9145
96.199997	103.249	165.6990
97.500000	103.198	165.4518
98.800003	103.147	165.2253
100.000000	103.097	165.0243
101.500000	103.035	164.7925
103.000000	102.977	164.5703
104.400002	102.920	164.3297
106.000000	102.856	164.1233
107.500000	102.802	163.9227
109.000000	102.744	163.7195
110.599998	102.681	163.5378
112.000000	102.627	163.3818
113.800003	102.561	163.1627
115.000000	102.514	163.0406
117.199997	102.437	162.8323
118.000000	102.404	162.7555
120.599998	102.322	162.5225
122.000000	102.259	162.4185
124.099998	102.184	162.2527
125.000000	102.151	162.1946
126.500000	102.100	162.0854
128.000000	102.046	161.9796
131.500000	101.928	161.7876
132.000000	101.912	161.7596
134.000000	101.842	161.6580
136.000000	101.778	161.5651
138.000000	101.710	161.4948
140.000000	101.645	161.4210
143.000000	101.551	161.2976
145.000000	101.482	161.3091
147.500000	101.407	161.1783
150.000000	101.331	161.1751
152.500000	101.257	161.1220
155.000000	101.182	161.1520
157.500000	101.107	161.1076
160.000000	101.033	161.0811
162.500000	100.964	161.0966
165.000000	100.894	161.1284
167.500000	100.824	161.1197
170.000000	100.755	161.1499
172.500000	100.690	161.1670
175.000000	100.623	161.2314
177.500000	100.555	161.2851
180.000000	100.485	161.3190
182.500000	100.423	161.3736
185.000000	100.363	161.3936
187.500000	100.300	161.5063
190.000000	100.241	161.5775
192.500000	100.177	161.6544
195.000000	100.106	161.7588
197.500000	100.045	161.8329
200.000000	99.985	161.9450
203.000000	99.908	162.0696
206.000000	99.831	162.1921
209.000000	99.754	162.3381
212.000000	99.680	162.5399
214.000000	99.632	162.6614
218.000000	99.529	162.9882
220.000000	99.474	163.1724
224.000000	99.372	163.5844
227.000000	99.300	164.0177
230.000000	99.233	164.5446
233.000000	99.192	165.1467
236.000000	99.183	165.7921
240.000000	99.223	166.3872
243.000000	99.248	166.5084
247.000000	99.261	166.4236
250.000000	99.247	166.3308
254.000000	99.206	166.2297
258.000000	99.147	166.2043
262.000000	99.081	166.2318
265.000000	99.038	166.2737
269.000000	98.975	166.4054
272.000000	98.920	166.5340
276.000000	98.856	166.7166
280.000000	98.798	166.8943
285.000000	98.728	167.1735
290.000000	98.651	167.4805
295.000000	98.585	167.7792
300.000000	98.519	168.0900
304.000000	98.468	168.3265
307.000000	98.433	168.5481
311.000000	98.385	168.8135
315.000000	98.343	169.0155
320.000000	98.291	169.3387
325.000000	98.231	169.6841
330.000000	98.182	169.9244
335.000000	98.126	170.2398
340.000000	98.073	170.4877
345.000000	98.014	170.8328
350.000000	97.962	171.1589
355.000000	97.909	171.4621
360.000000	97.852	171.7693
365.000000	97.802	172.1458
370.000000	97.757	172.4686
375.000000	97.710	172.8298
382.000000	97.638	173.3244
387.000000	97.593	173.6106
395.000000	97.527	174.2268
400.000000	97.469	174.5593
406.000000	97.424	175.0278
412.000000	97.381	175.4320
418.000000	97.337	175.8713
425.000000	97.277	176.3691
431.000000	97.239	176.8242
437.000000	97.194	177.2329
444.000000	97.144	177.7233
450.000000	97.104	178.1111
455.000000	97.069	178.4577
462.000000	97.021	178.9920
468.000000	96.979	179.3991
475.000000	96.936	179.8978
482.000000	96.896	-179.5926
487.000000	96.861	-179.2489
494.000000	96.818	-178.7556
500.000000	96.777	-178.3042
508.000000	96.735	-177.7222
515.000000	96.692	-177.2515
522.000000	96.655	-176.7061
530.000000	96.609	-176.1320
538.000000	96.564	-175.5866
545.000000	96.525	-175.0386
552.000000	96.491	-174.5381
560.000000	96.452	-173.9718
570.000000	96.404	-173.2365
580.000000	96.356	-172.4513
590.000000	96.307	-171.7258
600.000000	96.276	-170.9724
608.000000	96.236	-170.3924
615.000000	96.200	-169.8402
622.000000	96.177	-169.3187
630.000000	96.142	-168.7059
640.000000	96.107	-167.9594
650.000000	96.068	-167.1925
660.000000	96.033	-166.4483
670.000000	95.999	-165.6450
680.000000	95.967	-164.8695
690.000000	95.934	-164.0681
700.000000	95.907	-163.2951
710.000000	95.878	-162.4840
720.000000	95.850	-161.7182
730.000000	95.831	-160.9005
740.000000	95.808	-160.0818
750.000000	95.787	-159.2740
762.000000	95.767	-158.3213
775.000000	95.748	-157.2122
788.000000	95.729	-156.1626
800.000000	95.719	-155.1802
812.000000	95.709	-154.1920
825.000000	95.702	-153.1009
838.000000	95.700	-152.0246
850.000000	95.704	-150.9959
862.000000	95.715	-149.9927
875.000000	95.723	-148.8847
885.000000	95.734	-148.0498
900.000000	95.766	-146.8556
912.000000	95.785	-145.8310
925.000000	95.817	-144.7912
938.000000	95.848	-143.7429
950.000000	95.889	-142.7822
962.000000	95.931	-141.8477
975.000000	95.974	-140.8882
988.000000	96.032	-139.9277
1000.000000	96.085	-139.0944
1015.000000	96.156	-138.0133
1030.000000	96.232	-137.0271
1044.000000	96.302	-136.1305
1060.000000	96.385	-135.2322
1075.000000	96.465	-134.3902
1090.000000	96.540	-133.6508
1106.000000	96.608	-132.8673
1120.000000	96.656	-132.1908
1138.000000	96.719	-131.0746
1150.000000	96.792	-130.3095
1172.000000	96.948	-129.2086
1180.000000	97.005	-128.8344
1206.000000	97.170	-127.9097
1220.000000	97.252	-127.4236
1241.000000	97.377	-126.8275
1250.000000	97.429	-126.5773
1265.000000	97.508	-126.2900
1280.000000	97.579	-125.9932
1315.000000	97.719	-125.4043
1320.000000	97.739	-125.3306
1340.000000	97.802	-125.0293
1360.000000	97.853	-124.7463
1380.000000	97.900	-124.4551
1400.000000	97.945	-124.2332
1430.000000	97.995	-123.9034
1450.000000	98.019	-123.7376
1475.000000	98.032	-123.5666
1500.000000	98.029	-123.4470
1525.000000	97.998	-123.4162
1550.000000	97.937	-123.3573
1575.000000	97.840	-123.2482
1600.000000	97.703	-123.0199
1625.000000	97.532	-122.5246
1650.000000	97.338	-121.7262
1675.000000	97.153	-120.5723
1700.000000	96.973	-119.0624
1725.000000	96.832	-117.3065
1750.000000	96.731	-115.3907
1775.000000	96.671	-113.4856
1800.000000	96.637	-111.5597
1825.000000	96.630	-109.7253
1850.000000	96.641	-107.9203
1875.000000	96.659	-106.2716
1900.000000	96.692	-104.6365
1925.000000	96.732	-103.1030
1950.000000	96.757	-101.6275
1975.000000	96.800	-100.1866
2000.000000	96.837	-98.7408
2030.000000	96.879	-97.0837
2060.000000	96.926	-95.4569
2090.000000	96.967	-93.7932
2120.000000	97.002	-92.0863
2140.000000	97.035	-90.9558
2180.000000	97.104	-88.5972
2200.000000	97.140	-87.3811
2240.000000	97.251	-85.0744
2270.000000	97.340	-83.3596
2300.000000	97.442	-81.7423
2330.000000	97.548	-80.2151
2360.000000	97.651	-78.8129
2400.000000	97.753	-77.0515
2430.000000	97.806	-75.6197
2470.000000	97.879	-73.4656
2500.000000	97.946	-71.6307
2540.000000	98.087	-69.1068
2580.000000	98.273	-66.5662
2620.000000	98.508	-64.2286
2650.000000	98.721	-62.6216
2690.000000	99.024	-60.8206
2720.000000	99.247	-59.8125
2760.000000	99.519	-58.7391
2800.000000	99.757	-57.8166
2850.000000	100.011	-56.7498
2900.000000	100.239	-55.7002
2950.000000	100.441	-54.7076
3000.000000	100.614	-53.7277
3040.000000	100.747	-52.8099
3070.000000	100.847	-52.1429
3110.000000	100.973	-51.2267
3150.000000	101.104	-50.2904
3200.000000	101.270	-49.1470
3250.000000	101.438	-48.0872
3300.000000	101.596	-47.0695
3350.000000	101.753	-46.1170
3400.000000	101.904	-45.1951
3450.000000	102.053	-44.3241
3500.000000	102.193	-43.5404
3550.000000	102.313	-42.8356
3600.000000	102.415	-42.0915
3650.000000	102.507	-41.3321
3700.000000	102.588	-40.5116
3750.000000	102.670	-39.6444
3820.000000	102.790	-38.3942
3870.000000	102.879	-37.5285
3950.000000	103.012	-36.2918
4000.000000	103.082	-35.5434
4060.000000	103.153	-34.6400
4120.000000	103.212	-33.7477
4180.000000	103.254	-32.8108
4250.000000	103.292	-31.6066
4310.000000	103.318	-30.4848
4370.000000	103.348	-29.3108
4440.000000	103.385	-27.8812
4500.000000	103.423	-26.5903
4550.000000	103.452	-25.5034
4620.000000	103.506	-23.9690
4680.000000	103.553	-22.6566
4750.000000	103.615	-21.1569
4820.000000	103.677	-19.6402
4870.000000	103.727	-18.5956
4940.000000	103.792	-17.1133
5000.000000	103.850	-15.8677
5080.000000	103.927	-14.2116
5150.000000	104.000	-12.7727
5220.000000	104.071	-11.3880
5300.000000	104.151	-9.7654
5380.000000	104.236	-8.1536
5450.000000	104.312	-6.7712
5520.000000	104.395	-5.3877
5600.000000	104.493	-3.8619
5700.000000	104.627	-2.0189
5800.000000	104.766	-0.3213
5900.000000	104.899	1.3281
6000.000000	105.033	2.8297
6080.000000	105.142	4.0099
6150.000000	105.240	4.9326
6220.000000	105.330	5.8612
6300.000000	105.438	6.8754
6400.000000	105.565	7.9794
6500.000000	105.683	9.0103
6600.000000	105.798	10.0363
6700.000000	105.897	11.0136
6800.000000	105.994	12.0457
6900.000000	106.104	13.1593
7000.000000	106.253	14.3686
7100.000000	106.449	15.4407
7200.000000	106.701	16.2892
7300.000000	107.005	16.6710
7400.000000	107.329	16.5060
7500.000000	107.664	15.7293
7620.000000	108.063	13.8265
7750.000000	108.425	10.4458
7880.000000	108.622	5.6916
8000.000000	108.579	0.4804
8120.000000	108.280	-4.9415
8250.000000	107.685	-10.2862
8380.000000	106.897	-14.6222
8500.000000	106.054	-17.6582
8620.000000	105.130	-19.8235
8750.000000	104.069	-21.0902
8850.000000	103.257	-21.2521
9000.000000	102.049	-20.4875
9120.000000	101.130	-19.0165
9250.000000	100.198	-16.8003
9380.000000	99.329	-14.1417
9500.000000	98.588	-11.3377
9620.000000	97.900	-8.2593
9750.000000	97.224	-4.6394
9880.000000	96.606	-0.9421
10000.000000	96.078	2.6273
10150.000000	95.489	6.9776
10300.000000	94.994	11.7409
10440.000000	94.561	16.1564
10600.000000	94.147	21.1463
10750.000000	93.841	25.6811
10900.000000	93.591	30.2475
11060.000000	93.403	35.0516
11200.000000	93.304	39.0161
11380.000000	93.239	43.9367
11500.000000	93.256	47.0383
11720.000000	93.366	52.3533
11800.000000	93.447	53.9972
12060.000000	93.861	58.9127
12200.000000	94.146	60.9142
12410.000000	94.727	62.9770
12500.000000	95.011	63.5274
12650.000000	95.524	63.6111
12800.000000	96.098	62.5852
13150.000000	97.476	55.2861
13200.000000	97.651	53.5763
13400.000000	98.193	45.0748
13600.000000	98.353	34.4650
13800.000000	98.030	23.4523
14000.000000	97.334	13.4539
14300.000000	95.999	1.5281
14500.000000	95.166	-4.8450
14750.000000	94.296	-11.8067
15000.000000	93.678	-18.5394
15250.000000	93.414	-25.8139
15500.000000	93.552	-34.2352
15750.000000	94.100	-44.7458
16000.000000	95.151	-59.2171
16250.000000	96.735	-80.4310
16500.000000	98.266	-113.5781
16750.000000	97.878	-158.0772
17000.000000	95.127	162.3821
17250.000000	91.957	132.7270
17500.000000	89.187	107.9885
17750.000000	86.848	83.7253
18000.000000	84.898	59.0309
18250.000000	83.224	32.0406
18500.000000	81.724	1.4503
18750.000000	80.422	-33.0533
19000.000000	79.266	-73.9302
19250.000000	78.029	-122.3608
19500.000000	76.455	179.7138
19750.000000	74.617	110.4586
