* Measurement data measured by REW V5.31.3
* Source: USB-C to 3.5mm Headphone Jack Adapter, no input selected, 0, volume: 0.343
* Format: 256k Log Swept Sine, 1 sweep at -12.0 dBFS with no timing reference
* Dated: Mar 3, 2026 2:52:04 PM
* REW Settings:
*  C-weighting compensation: Off
*  Target level: 75.0 dB
* Note: 
* Measurement: R
* Smoothing: None
* Frequency Step: 1/48 octave
* Start Frequency: 20.000 Hz
*
* Freq(Hz)	SPL(dB)	Phase(degrees)
20.000000	104.118	-128.8988
20.299999	104.181	-129.7292
20.600000	104.243	-130.5462
20.900000	104.301	-131.3556
21.200001	104.356	-132.1576
21.400000	104.390	-132.6842
21.799999	104.453	-133.7034
22.000000	104.483	-134.1914
22.400000	104.541	-135.1259
22.700001	104.586	-135.8017
23.000000	104.631	-136.4685
23.299999	104.677	-137.1334
23.600000	104.721	-137.7961
24.000000	104.777	-138.6656
24.299999	104.819	-139.3036
24.700001	104.876	-140.1464
25.000000	104.919	-140.7907
25.400000	104.974	-141.6853
25.799999	105.020	-142.6122
26.200001	105.053	-143.5265
26.500000	105.071	-144.1720
26.900000	105.090	-144.9595
27.200001	105.106	-145.5026
27.600000	105.133	-146.1981
28.000000	105.163	-146.8936
28.500000	105.200	-147.7751
29.000000	105.234	-148.6412
29.500000	105.268	-149.4810
30.000000	105.305	-150.3300
30.400000	105.332	-151.0351
30.700001	105.349	-151.5727
31.100000	105.365	-152.2783
31.500000	105.376	-152.9461
32.000000	105.389	-153.7201
32.500000	105.407	-154.4580
33.000000	105.427	-155.2002
33.500000	105.445	-155.9556
34.000000	105.459	-156.7047
34.500000	105.469	-157.4274
35.000000	105.478	-158.1191
35.500000	105.486	-158.7897
36.000000	105.495	-159.4532
36.500000	105.502	-160.1114
37.000000	105.506	-160.7511
37.500000	105.509	-161.3621
38.200001	105.518	-162.2017
38.700001	105.523	-162.8252
39.500000	105.519	-163.8316
40.000000	105.510	-164.4076
40.599998	105.502	-165.0421
41.200001	105.500	-165.6731
41.799999	105.497	-166.3213
42.500000	105.489	-167.0602
43.099998	105.482	-167.6753
43.700001	105.475	-168.2968
44.400002	105.461	-169.0128
45.000000	105.445	-169.5935
45.500000	105.432	-170.0562
46.200001	105.414	-170.6760
46.799999	105.400	-171.1826
47.500000	105.388	-171.7762
48.200001	105.373	-172.3820
48.700001	105.361	-172.7927
49.400002	105.350	-173.3442
50.000000	105.346	-173.8673
50.799999	105.326	-174.6352
51.500000	105.291	-175.2178
52.200001	105.265	-175.6901
53.000000	105.248	-176.2693
53.799999	105.219	-176.8904
54.500000	105.188	-177.3354
55.200001	105.172	-177.7423
56.000000	105.157	-178.3286
57.000000	105.106	-179.0580
58.000000	105.062	-179.5711
59.000000	105.038	179.8323
60.000000	105.003	179.1944
60.799999	104.973	178.6963
61.500000	104.943	178.2741
62.200001	104.914	177.8890
63.000000	104.885	177.4459
64.000000	104.843	176.8926
65.000000	104.801	176.4003
66.000000	104.760	175.9047
67.000000	104.719	175.4405
68.000000	104.679	174.9512
69.000000	104.630	174.4952
70.000000	104.590	174.0878
71.000000	104.551	173.6213
72.000000	104.501	173.1744
73.000000	104.453	172.8210
74.000000	104.415	172.4407
75.000000	104.370	172.0586
76.199997	104.325	171.6538
77.500000	104.268	171.1110
78.800003	104.208	170.7117
80.000000	104.160	170.2820
81.199997	104.104	169.8955
82.500000	104.047	169.4967
83.800003	103.992	169.1296
85.000000	103.939	168.7817
86.199997	103.888	168.4688
87.500000	103.833	168.1019
88.500000	103.787	167.8410
90.000000	103.722	167.4828
91.199997	103.673	167.1931
92.500000	103.617	166.8957
93.800003	103.563	166.6108
95.000000	103.512	166.3651
96.199997	103.463	166.1140
97.500000	103.406	165.8547
98.800003	103.352	165.6008
100.000000	103.301	165.3798
101.500000	103.241	165.1173
103.000000	103.179	164.8603
104.400002	103.123	164.6467
106.000000	103.059	164.4046
107.500000	102.998	164.1852
109.000000	102.938	163.9729
110.599998	102.875	163.7707
112.000000	102.823	163.5819
113.800003	102.753	163.3633
115.000000	102.706	163.2455
117.199997	102.618	163.0107
118.000000	102.591	162.9382
120.599998	102.483	162.7297
122.000000	102.441	162.5522
124.099998	102.365	162.3628
125.000000	102.330	162.2989
126.500000	102.277	162.2115
128.000000	102.225	162.1177
131.500000	102.101	161.8754
132.000000	102.082	161.8456
134.000000	102.015	161.7538
136.000000	101.944	161.6369
138.000000	101.878	161.5383
140.000000	101.810	161.4922
143.000000	101.712	161.3796
145.000000	101.646	161.3220
147.500000	101.569	161.2713
150.000000	101.490	161.2226
152.500000	101.411	161.1690
155.000000	101.333	161.1436
157.500000	101.257	161.1590
160.000000	101.181	161.1726
162.500000	101.110	161.1860
165.000000	101.037	161.2174
167.500000	100.967	161.2340
170.000000	100.898	161.2947
172.500000	100.834	161.3691
175.000000	100.769	161.4315
177.500000	100.707	161.4932
180.000000	100.653	161.5396
182.500000	100.589	161.5951
185.000000	100.527	161.6657
187.500000	100.467	161.7095
190.000000	100.408	161.7843
192.500000	100.353	161.8718
195.000000	100.292	161.9221
197.500000	100.234	162.0117
200.000000	100.175	162.0895
203.000000	100.107	162.1957
206.000000	100.037	162.3146
209.000000	99.966	162.4312
212.000000	99.895	162.5515
214.000000	99.849	162.6599
218.000000	99.755	162.8678
220.000000	99.708	162.9775
224.000000	99.611	163.2268
227.000000	99.539	163.4668
230.000000	99.464	163.7203
233.000000	99.389	164.0361
236.000000	99.317	164.4344
240.000000	99.237	165.0248
243.000000	99.188	165.7414
247.000000	99.192	166.6464
250.000000	99.241	167.0533
254.000000	99.306	167.0930
258.000000	99.317	166.8278
262.000000	99.275	166.5786
265.000000	99.231	166.4667
269.000000	99.161	166.4531
272.000000	99.105	166.4801
276.000000	99.041	166.5902
280.000000	98.970	166.7465
285.000000	98.889	166.9551
290.000000	98.812	167.1950
295.000000	98.739	167.5113
300.000000	98.659	167.7635
304.000000	98.606	168.0262
307.000000	98.569	168.1954
311.000000	98.516	168.4385
315.000000	98.467	168.7218
320.000000	98.404	169.0110
325.000000	98.339	169.3647
330.000000	98.284	169.6799
335.000000	98.229	170.0293
340.000000	98.166	170.3646
345.000000	98.113	170.6736
350.000000	98.061	171.0283
355.000000	98.010	171.3459
360.000000	97.957	171.7007
365.000000	97.904	172.0625
370.000000	97.856	172.4167
375.000000	97.808	172.7397
382.000000	97.740	173.2328
387.000000	97.699	173.5901
395.000000	97.627	174.1446
400.000000	97.582	174.5265
406.000000	97.530	174.9275
412.000000	97.478	175.3411
418.000000	97.430	175.7845
425.000000	97.375	176.2941
431.000000	97.326	176.7320
437.000000	97.285	177.1774
444.000000	97.233	177.6949
450.000000	97.188	178.0923
455.000000	97.156	178.4799
462.000000	97.107	179.0042
468.000000	97.069	179.4164
475.000000	97.019	179.8969
482.000000	96.973	-179.5783
487.000000	96.941	-179.2228
494.000000	96.898	-178.7071
500.000000	96.861	-178.2669
508.000000	96.812	-177.6870
515.000000	96.772	-177.1863
522.000000	96.732	-176.6673
530.000000	96.684	-176.1097
538.000000	96.637	-175.4927
545.000000	96.605	-174.9698
552.000000	96.567	-174.4584
560.000000	96.522	-173.8614
570.000000	96.472	-173.0870
580.000000	96.422	-172.3503
590.000000	96.373	-171.5932
600.000000	96.326	-170.8536
608.000000	96.293	-170.2213
615.000000	96.258	-169.6978
622.000000	96.226	-169.1471
630.000000	96.197	-168.5195
640.000000	96.154	-167.7513
650.000000	96.116	-166.9691
660.000000	96.084	-166.1632
670.000000	96.045	-165.3845
680.000000	96.006	-164.5916
690.000000	95.976	-163.8250
700.000000	95.944	-163.0231
710.000000	95.915	-162.2226
720.000000	95.877	-161.4284
730.000000	95.856	-160.5590
740.000000	95.834	-159.7220
750.000000	95.810	-158.9042
762.000000	95.784	-157.9249
775.000000	95.758	-156.8002
788.000000	95.736	-155.7305
800.000000	95.723	-154.6931
812.000000	95.711	-153.6445
825.000000	95.704	-152.5141
838.000000	95.695	-151.4420
850.000000	95.692	-150.4098
862.000000	95.703	-149.3691
875.000000	95.708	-148.2466
885.000000	95.719	-147.4005
900.000000	95.742	-146.0882
912.000000	95.755	-145.0755
925.000000	95.782	-143.9785
938.000000	95.814	-142.9202
950.000000	95.848	-141.9029
962.000000	95.885	-140.9481
975.000000	95.924	-139.8910
988.000000	95.982	-138.9079
1000.000000	96.029	-137.9795
1015.000000	96.098	-136.8837
1030.000000	96.162	-135.8296
1044.000000	96.236	-134.8548
1060.000000	96.315	-133.8382
1075.000000	96.393	-132.9292
1090.000000	96.475	-132.0312
1106.000000	96.555	-131.1606
1120.000000	96.632	-130.4583
1138.000000	96.728	-129.6175
1150.000000	96.792	-129.0333
1172.000000	96.895	-128.0762
1180.000000	96.934	-127.7829
1206.000000	97.043	-126.7765
1220.000000	97.098	-126.2758
1241.000000	97.167	-125.5364
1250.000000	97.189	-125.2178
1265.000000	97.235	-124.6377
1280.000000	97.282	-124.0032
1315.000000	97.445	-122.9231
1320.000000	97.455	-122.8656
1340.000000	97.478	-122.5011
1360.000000	97.481	-121.9284
1380.000000	97.477	-121.2793
1400.000000	97.472	-120.4594
1430.000000	97.493	-119.1231
1450.000000	97.518	-118.1853
1475.000000	97.569	-117.0490
1500.000000	97.617	-116.0356
1525.000000	97.664	-115.0425
1550.000000	97.711	-114.1347
1575.000000	97.750	-113.2355
1600.000000	97.776	-112.2758
1625.000000	97.809	-111.3508
1650.000000	97.833	-110.4195
1675.000000	97.856	-109.4826
1700.000000	97.882	-108.4422
1725.000000	97.905	-107.4441
1750.000000	97.928	-106.4253
1775.000000	97.943	-105.4158
1800.000000	97.976	-104.3596
1825.000000	98.002	-103.3295
1850.000000	98.029	-102.2399
1875.000000	98.052	-101.2053
1900.000000	98.083	-100.1584
1925.000000	98.115	-99.0762
1950.000000	98.137	-98.0067
1975.000000	98.174	-96.8964
2000.000000	98.211	-95.8340
2030.000000	98.251	-94.5181
2060.000000	98.298	-93.2094
2090.000000	98.348	-91.9203
2120.000000	98.396	-90.6217
2140.000000	98.430	-89.7699
2180.000000	98.499	-88.0701
2200.000000	98.537	-87.2256
2240.000000	98.605	-85.5369
2270.000000	98.664	-84.2716
2300.000000	98.719	-83.0451
2330.000000	98.779	-81.7920
2360.000000	98.838	-80.5465
2400.000000	98.915	-78.8771
2430.000000	98.969	-77.6166
2470.000000	99.047	-75.9249
2500.000000	99.107	-74.6494
2540.000000	99.193	-72.9097
2580.000000	99.288	-71.1680
2620.000000	99.402	-69.4713
2650.000000	99.486	-68.2739
2690.000000	99.590	-66.7384
2720.000000	99.658	-65.5562
2760.000000	99.739	-63.8879
2800.000000	99.828	-62.0883
2850.000000	99.974	-59.6608
2900.000000	100.169	-57.2510
2950.000000	100.411	-55.0019
3000.000000	100.678	-52.9971
3040.000000	100.914	-51.6061
3070.000000	101.087	-50.7845
3110.000000	101.305	-49.7128
3150.000000	101.521	-48.8814
3200.000000	101.750	-48.0500
3250.000000	101.939	-47.2512
3300.000000	102.107	-46.4273
3350.000000	102.259	-45.4803
3400.000000	102.410	-44.5228
3450.000000	102.572	-43.5495
3500.000000	102.733	-42.6360
3550.000000	102.890	-41.8110
3600.000000	103.037	-41.0819
3650.000000	103.178	-40.3492
3700.000000	103.309	-39.6708
3750.000000	103.437	-39.0178
3820.000000	103.599	-38.2077
3870.000000	103.701	-37.6713
3950.000000	103.843	-36.8766
4000.000000	103.913	-36.4096
4060.000000	103.979	-35.8419
4120.000000	104.026	-35.2466
4180.000000	104.057	-34.5779
4250.000000	104.072	-33.6697
4310.000000	104.083	-32.7764
4370.000000	104.091	-31.7969
4440.000000	104.112	-30.5992
4500.000000	104.133	-29.5596
4550.000000	104.151	-28.6885
4620.000000	104.177	-27.4982
4680.000000	104.192	-26.4954
4750.000000	104.204	-25.2939
4820.000000	104.202	-24.0527
4870.000000	104.202	-23.1415
4940.000000	104.194	-21.7638
5000.000000	104.193	-20.5164
5080.000000	104.197	-18.7920
5150.000000	104.217	-17.2393
5220.000000	104.254	-15.7010
5300.000000	104.303	-14.0051
5380.000000	104.357	-12.3856
5450.000000	104.403	-11.0300
5520.000000	104.449	-9.7039
5600.000000	104.502	-8.2006
5700.000000	104.563	-6.3932
5800.000000	104.628	-4.6116
5900.000000	104.679	-2.8807
6000.000000	104.729	-1.2139
6080.000000	104.762	0.1878
6150.000000	104.794	1.4158
6220.000000	104.824	2.6928
6300.000000	104.869	4.1462
6400.000000	104.938	5.9676
6500.000000	105.019	7.8327
6600.000000	105.123	9.6872
6700.000000	105.252	11.4573
6800.000000	105.414	13.1789
6900.000000	105.603	14.7601
7000.000000	105.825	16.1072
7100.000000	106.078	17.2413
7200.000000	106.366	18.0435
7300.000000	106.684	18.4115
7400.000000	107.017	18.2545
7500.000000	107.343	17.5144
7620.000000	107.717	15.8403
7750.000000	108.058	12.9699
7880.000000	108.289	8.9924
8000.000000	108.337	4.3117
8120.000000	108.152	-0.9353
8250.000000	107.661	-6.3962
8380.000000	106.942	-11.0089
8500.000000	106.142	-14.3477
8620.000000	105.244	-16.7505
8750.000000	104.204	-18.3150
8850.000000	103.382	-18.6095
9000.000000	102.175	-17.9541
9120.000000	101.246	-16.5201
9250.000000	100.314	-14.3899
9380.000000	99.450	-11.6994
9500.000000	98.709	-8.8657
9620.000000	98.029	-5.7490
9750.000000	97.362	-2.1879
9880.000000	96.743	1.5465
10000.000000	96.237	5.1644
10150.000000	95.654	9.7295
10300.000000	95.182	14.3177
10440.000000	94.777	18.6329
10600.000000	94.388	23.5943
10750.000000	94.117	28.1384
10900.000000	93.880	32.6253
11060.000000	93.741	37.2399
11200.000000	93.645	41.1091
11380.000000	93.650	45.7436
11500.000000	93.691	48.6325
11720.000000	93.878	53.4609
11800.000000	93.973	54.9223
12060.000000	94.441	58.9068
12200.000000	94.759	60.2067
12410.000000	95.341	61.1850
12500.000000	95.620	61.0276
12650.000000	96.119	59.9599
12800.000000	96.640	57.7393
13150.000000	97.606	47.2249
13200.000000	97.681	45.2006
13400.000000	97.766	35.9502
13600.000000	97.429	26.0361
13800.000000	96.752	16.9677
14000.000000	95.868	9.2760
14300.000000	94.476	0.3005
14500.000000	93.677	-4.5894
14750.000000	92.854	-10.3068
15000.000000	92.251	-15.5996
15250.000000	92.058	-22.2707
15500.000000	92.133	-29.6349
15750.000000	92.547	-39.1407
16000.000000	93.454	-51.5003
16250.000000	94.869	-68.5110
16500.000000	96.735	-94.2464
16750.000000	98.026	-134.1908
17000.000000	96.629	179.1346
17250.000000	93.489	142.3427
17500.000000	90.448	113.6240
17750.000000	87.860	88.0028
18000.000000	85.710	61.9387
18250.000000	83.936	33.8011
18500.000000	82.351	2.9965
18750.000000	80.909	-32.7100
19000.000000	79.579	-74.5362
19250.000000	78.089	-123.9561
19500.000000	76.514	178.5186
19750.000000	74.224	107.8824
