* Measurement data measured by REW V5.20
* Source: USB-C to 3.5mm Headphone Jack Adapter, USB-C to 3.5mm Headphone Jack Adapter, 0, volume: 0.138. Timing signal peak level -19.4 dBFS, measurement signal peak level -19.5 dBFS
* Format: 256k Log Swept Sine, 1 sweep at -12.0 dBFS using an acoustic timing reference
* Dated: Jan 20, 2024 8:27:00 PM
* REW Settings:
*  C-weighting compensation: Off
*  Target level: 75.0 dB
* Note: ; Delay -0.0834 ms (-29 mm, -1.13 in) using estimated IR delay relative to Acoustic reference on USB-C to 3.5mm Headphone Jack Adapter R with no timing offset
* Measurement: R
* Smoothing: None
* Frequency Step: 1/48 octave
* Start Frequency: 20.300 Hz
*
* Freq(Hz)	SPL(dB)	Phase(degrees)
20.299999	90.894485	65.8901
20.600000	90.981178	65.3750
20.900000	91.071732	65.0351
21.200001	91.172676	64.7346
21.400000	91.244507	64.5151
21.799999	91.387863	63.9759
22.000000	91.454498	63.6508
22.400000	91.571877	62.9164
22.700001	91.645805	62.3267
23.000000	91.711205	61.7250
23.299999	91.772003	61.1203
23.600000	91.831131	60.5180
24.000000	91.910294	59.7371
24.299999	91.971794	59.1883
24.700001	92.059860	58.5224
25.000000	92.131226	58.0589
25.400000	92.229370	57.4471
25.799999	92.319176	56.8069
26.200001	92.389648	56.1587
26.500000	92.430237	55.7031
26.900000	92.480255	55.1566
27.200001	92.524734	54.7653
27.600000	92.599541	54.1746
28.000000	92.682480	53.4365
28.500000	92.767601	52.3894
29.000000	92.820709	51.5418
29.500000	92.877106	51.1218
30.000000	92.980591	50.9179
30.400000	93.090599	50.6241
30.700001	93.169312	50.2479
31.100000	93.246780	49.5920
31.500000	93.287521	48.9276
32.000000	93.316154	48.2895
32.500000	93.364166	47.8324
33.000000	93.442207	47.3279
33.500000	93.523155	46.6789
34.000000	93.584488	46.0023
34.500000	93.631271	45.4178
35.000000	93.678009	44.9037
35.500000	93.727272	44.3802
36.000000	93.775215	43.8317
36.500000	93.824417	43.2845
37.000000	93.879066	42.7319
37.500000	93.934181	42.1573
38.200001	93.996849	41.3930
38.700001	94.034294	40.9283
39.500000	94.094185	40.1947
40.000000	94.124657	39.6908
40.599998	94.157532	39.1351
41.200001	94.206253	38.6463
41.799999	94.264183	38.1237
42.500000	94.306854	37.5633
43.099998	94.338882	37.2824
43.700001	94.404198	36.9619
44.400002	94.486099	36.1898
45.000000	94.517380	35.4879
45.500000	94.536743	35.1346
46.200001	94.584457	34.7663
46.799999	94.595215	34.2977
47.500000	94.542297	33.9251
48.200001	94.548477	33.8313
48.700001	94.627808	33.4291
49.400002	94.728882	32.1886
50.000000	94.741692	31.2403
50.799999	94.754654	30.8422
51.500000	94.820259	30.5917
52.200001	94.859001	30.0362
53.000000	94.861603	29.5206
53.799999	94.892204	29.1529
54.500000	94.926338	28.7284
55.200001	94.945831	28.2708
56.000000	94.967804	27.7401
57.000000	95.000320	27.0298
58.000000	95.024391	26.5120
59.000000	95.061218	26.0955
60.000000	95.086517	25.4071
60.799999	95.087997	24.9228
61.500000	95.104706	24.6381
62.200001	95.129990	24.3178
63.000000	95.142265	23.8783
64.000000	95.151939	23.3293
65.000000	95.176888	22.7856
66.000000	95.202911	22.3824
67.000000	95.222496	22.0113
68.000000	95.229836	21.5225
69.000000	95.241028	21.0074
70.000000	95.262482	20.5611
71.000000	95.280235	20.1719
72.000000	95.288643	19.7614
73.000000	95.291924	19.3369
74.000000	95.301018	18.9432
75.000000	95.310463	18.5313
76.199997	95.316551	17.9692
77.500000	95.309799	17.4156
78.800003	95.332642	17.1138
80.000000	95.347755	16.6277
81.199997	95.342628	16.1820
82.500000	95.345673	15.7227
83.800003	95.350746	15.3382
85.000000	95.350784	14.8524
86.199997	95.347672	14.4831
87.500000	95.357895	14.1151
88.500000	95.359055	13.7852
90.000000	95.344360	13.3443
91.199997	95.338600	13.0881
92.500000	95.327072	12.7222
93.800003	95.327972	12.4142
95.000000	95.330086	12.0594
96.199997	95.317017	11.8725
97.500000	95.309547	11.5028
98.800003	95.291100	11.2227
100.000000	95.286499	11.0079
101.500000	95.280670	10.9360
103.000000	95.309235	10.6770
104.400002	95.342728	10.4565
106.000000	95.378235	9.9405
107.500000	95.365631	9.4418
109.000000	95.356506	9.0613
110.599998	95.342499	8.5805
112.000000	95.318840	8.2307
113.800003	95.289040	7.9357
115.000000	95.272873	7.7105
117.199997	95.251068	7.5286
118.000000	95.239700	7.4177
120.599998	95.285141	7.0679
122.000000	95.261703	7.0782
124.099998	95.272491	6.6328
125.000000	95.277542	6.4734
126.500000	95.270859	6.2286
128.000000	95.265198	5.9595
131.500000	95.245361	5.5282
132.000000	95.243706	5.4963
134.000000	95.246368	5.3433
136.000000	95.269829	5.1619
138.000000	95.298737	4.9020
140.000000	95.329865	4.4941
143.000000	95.353752	3.7683
145.000000	95.345192	3.2765
147.500000	95.328018	2.6886
150.000000	95.301765	2.2269
152.500000	95.281906	1.8317
155.000000	95.261215	1.3968
157.500000	95.243439	0.9454
160.000000	95.218773	0.5367
162.500000	95.185440	0.1398
165.000000	95.150398	-0.1909
167.500000	95.124886	-0.4922
170.000000	95.101761	-0.8150
172.500000	95.072060	-1.1604
175.000000	95.043495	-1.4977
177.500000	95.009186	-1.8180
180.000000	94.981392	-2.0322
182.500000	94.928818	-2.3482
185.000000	94.886971	-2.5671
187.500000	94.844193	-2.7688
190.000000	94.798355	-2.9201
192.500000	94.755463	-3.0062
195.000000	94.712723	-3.0299
197.500000	94.675682	-2.9888
200.000000	94.658005	-2.8539
203.000000	94.660095	-2.6806
206.000000	94.701126	-2.6220
209.000000	94.748665	-2.8209
212.000000	94.787148	-3.1659
214.000000	94.806313	-3.4932
218.000000	94.814171	-4.2245
220.000000	94.804352	-4.5744
224.000000	94.765182	-5.2548
227.000000	94.728394	-5.6824
230.000000	94.684662	-6.0620
233.000000	94.640572	-6.3709
236.000000	94.599358	-6.6643
240.000000	94.555382	-6.8252
243.000000	94.502357	-7.2571
247.000000	94.448143	-7.5452
250.000000	94.407829	-7.7636
254.000000	94.355690	-7.9943
258.000000	94.305649	-8.2348
262.000000	94.254410	-8.4553
265.000000	94.218056	-8.6239
269.000000	94.168297	-8.8377
272.000000	94.132561	-8.9688
276.000000	94.087593	-9.1232
280.000000	94.036018	-9.3316
285.000000	93.979591	-9.5280
290.000000	93.919968	-9.7231
295.000000	93.862190	-9.8967
300.000000	93.799362	-10.0237
304.000000	93.757370	-10.1816
307.000000	93.723663	-10.2795
311.000000	93.682465	-10.3607
315.000000	93.635025	-10.4873
320.000000	93.580963	-10.5923
325.000000	93.521751	-10.7124
330.000000	93.470741	-10.8514
335.000000	93.415855	-10.9323
340.000000	93.362289	-11.0328
345.000000	93.307343	-11.1156
350.000000	93.256241	-11.1694
355.000000	93.199707	-11.2463
360.000000	93.155922	-11.3049
365.000000	93.099365	-11.3774
370.000000	93.048355	-11.4214
375.000000	92.998940	-11.4408
382.000000	92.928040	-11.4792
387.000000	92.875320	-11.5424
395.000000	92.798668	-11.5506
400.000000	92.748268	-11.5581
406.000000	92.693863	-11.5779
412.000000	92.633163	-11.5559
418.000000	92.572250	-11.5477
425.000000	92.508942	-11.5304
431.000000	92.453423	-11.4783
437.000000	92.400772	-11.4461
444.000000	92.334625	-11.3913
450.000000	92.278656	-11.3475
455.000000	92.234871	-11.2869
462.000000	92.175232	-11.2329
468.000000	92.123352	-11.1349
475.000000	92.056274	-11.0533
482.000000	92.001434	-10.9550
487.000000	91.960175	-10.8647
494.000000	91.899590	-10.7324
500.000000	91.848251	-10.6544
508.000000	91.787552	-10.4878
515.000000	91.726578	-10.3441
522.000000	91.670006	-10.1905
530.000000	91.609863	-10.0447
538.000000	91.540962	-9.8322
545.000000	91.494431	-9.6710
552.000000	91.436874	-9.5007
560.000000	91.380913	-9.2549
570.000000	91.309891	-9.0077
580.000000	91.234703	-8.6993
590.000000	91.163254	-8.4062
600.000000	91.102905	-8.0430
608.000000	91.040001	-7.8563
615.000000	90.993797	-7.6143
622.000000	90.952667	-7.3510
630.000000	90.895775	-7.0867
640.000000	90.835228	-6.7511
650.000000	90.779610	-6.3670
660.000000	90.722580	-5.9375
670.000000	90.659058	-5.5892
680.000000	90.600700	-5.1681
690.000000	90.544548	-4.7725
700.000000	90.494003	-4.3301
710.000000	90.439583	-3.9053
720.000000	90.399284	-3.4157
730.000000	90.347580	-2.9760
740.000000	90.299469	-2.5257
750.000000	90.258766	-2.0383
762.000000	90.210968	-1.4520
775.000000	90.158661	-0.8033
788.000000	90.113029	-0.1736
800.000000	90.069733	0.4322
812.000000	90.044556	1.0849
825.000000	90.004448	1.8008
838.000000	89.976906	2.4881
850.000000	89.952049	3.1192
862.000000	89.931351	3.7982
875.000000	89.910980	4.5126
885.000000	89.906075	5.0650
900.000000	89.910309	5.8038
912.000000	89.894913	6.5673
925.000000	89.891243	7.2564
938.000000	89.905815	7.9774
950.000000	89.913910	8.6104
962.000000	89.928169	9.2335
975.000000	89.948441	9.9342
988.000000	89.972519	10.5692
1000.000000	89.999077	11.2014
1015.000000	90.040672	11.8872
1030.000000	90.079910	12.5723
1044.000000	90.128799	13.1634
1060.000000	90.176361	13.7977
1075.000000	90.229973	14.3729
1090.000000	90.279213	14.9214
1106.000000	90.339905	15.4391
1120.000000	90.387276	15.8552
1138.000000	90.451569	16.3569
1150.000000	90.494606	16.7084
1172.000000	90.570908	17.2127
1180.000000	90.593246	17.3587
1206.000000	90.674301	17.8723
1220.000000	90.716942	18.1025
1241.000000	90.771729	18.4506
1250.000000	90.792664	18.5808
1265.000000	90.826584	18.8242
1280.000000	90.857857	19.0489
1315.000000	90.909546	19.5594
1320.000000	90.927956	19.6247
1340.000000	90.943314	19.9565
1360.000000	90.964874	20.2748
1380.000000	90.999573	20.5345
1400.000000	91.013237	20.9223
1430.000000	91.026764	21.4379
1450.000000	91.033607	21.7795
1475.000000	91.048767	22.2704
1500.000000	91.053566	22.8002
1525.000000	91.062576	23.2975
1550.000000	91.073029	23.8827
1575.000000	91.083298	24.4778
1600.000000	91.089523	25.0966
1625.000000	91.103058	25.7668
1650.000000	91.120155	26.4212
1675.000000	91.133057	27.1330
1700.000000	91.149567	27.8288
1725.000000	91.172661	28.6062
1750.000000	91.196213	29.3541
1775.000000	91.226959	30.0762
1800.000000	91.253197	30.8553
1825.000000	91.292099	31.6145
1850.000000	91.331963	32.4618
1875.000000	91.371841	33.2533
1900.000000	91.410721	34.0720
1925.000000	91.464447	34.8744
1950.000000	91.513077	35.6888
1975.000000	91.570900	36.4820
2000.000000	91.629059	37.2945
2030.000000	91.706779	38.2854
2060.000000	91.789787	39.2503
2090.000000	91.871490	40.1591
2120.000000	91.959778	41.1114
2140.000000	92.022018	41.7510
2180.000000	92.153000	42.9372
2200.000000	92.226852	43.5481
2240.000000	92.367874	44.7132
2270.000000	92.480286	45.5454
2300.000000	92.596695	46.3833
2330.000000	92.720268	47.1625
2360.000000	92.844238	47.9252
2400.000000	93.015785	48.8884
2430.000000	93.143265	49.5668
2470.000000	93.324043	50.3942
2500.000000	93.453491	50.9626
2540.000000	93.636208	51.6459
2580.000000	93.815269	52.2616
2620.000000	93.988083	52.7265
2650.000000	94.110771	53.0397
2690.000000	94.267708	53.4173
2720.000000	94.383629	53.6678
2760.000000	94.522705	53.9813
2800.000000	94.659393	54.3187
2850.000000	94.833168	54.7371
2900.000000	95.034271	55.0824
2950.000000	95.249863	54.9775
3000.000000	95.424301	54.3618
3040.000000	95.506638	53.6581
3070.000000	95.526970	53.0667
3110.000000	95.504608	52.3332
3150.000000	95.427017	51.6947
3200.000000	95.259354	51.2179
3250.000000	95.019104	51.2225
3300.000000	94.741379	51.7449
3350.000000	94.455482	52.9879
3400.000000	94.176460	54.8060
3450.000000	93.947113	57.1702
3500.000000	93.777496	59.9807
3550.000000	93.684303	63.0276
3600.000000	93.664383	66.1681
3650.000000	93.726295	69.2171
3700.000000	93.841331	72.0986
3750.000000	94.013954	74.7090
3820.000000	94.299423	77.8207
3870.000000	94.525902	79.6597
3950.000000	94.892509	81.9258
4000.000000	95.106155	82.9845
4060.000000	95.334023	83.9672
4120.000000	95.522224	84.7033
4180.000000	95.668365	85.2889
4250.000000	95.791115	85.8028
4310.000000	95.843208	86.1875
4370.000000	95.848709	86.5874
4440.000000	95.802551	87.2595
4500.000000	95.718475	87.9376
4550.000000	95.625923	88.7022
4620.000000	95.488373	90.0736
4680.000000	95.374527	91.4804
4750.000000	95.236237	93.2823
4820.000000	95.096481	95.1812
4870.000000	94.993553	96.6751
4940.000000	94.838409	98.9566
5000.000000	94.701767	101.1057
5080.000000	94.548279	104.4050
5150.000000	94.463776	107.5693
5220.000000	94.441788	110.7879
5300.000000	94.466438	114.3391
5380.000000	94.528572	117.6243
5450.000000	94.592796	120.3148
5520.000000	94.660980	122.8818
5600.000000	94.727028	125.7115
5700.000000	94.808823	129.1993
5800.000000	94.885925	132.6503
5900.000000	94.975082	136.1390
6000.000000	95.089058	139.5574
6080.000000	95.198685	142.2563
6150.000000	95.302406	144.5570
6220.000000	95.413422	146.7617
6300.000000	95.552116	149.1879
6400.000000	95.735481	152.0632
6500.000000	95.932549	154.7022
6600.000000	96.131920	157.1012
6700.000000	96.326691	159.2705
6800.000000	96.510086	161.1711
6900.000000	96.672119	162.8854
7000.000000	96.809364	164.4563
7100.000000	96.930420	165.9423
7200.000000	97.033615	167.4261
7300.000000	97.135551	168.7875
7400.000000	97.234581	170.0552
7500.000000	97.329346	171.1750
7620.000000	97.430321	172.2282
7750.000000	97.501709	173.0758
7880.000000	97.509720	173.6453
8000.000000	97.456146	174.1217
8120.000000	97.340576	174.6550
8250.000000	97.179398	175.4660
8380.000000	97.003670	176.4510
8500.000000	96.833076	177.4301
8620.000000	96.651054	178.3804
8750.000000	96.432983	179.4073
8850.000000	96.247635	-179.7435
9000.000000	95.943336	-178.4200
9120.000000	95.689072	-177.2410
9250.000000	95.405029	-175.9356
9380.000000	95.113594	-174.5723
9500.000000	94.828194	-173.3854
9620.000000	94.524719	-172.1244
9750.000000	94.184036	-170.5408
9880.000000	93.836304	-168.8754
10000.000000	93.540947	-166.9952
10150.000000	93.207230	-164.7420
10300.000000	92.954315	-162.3652
10440.000000	92.800323	-160.5452
10600.000000	92.704407	-159.3418
10750.000000	92.648750	-159.4176
10900.000000	92.534241	-161.1317
11060.000000	92.204552	-164.6602
11200.000000	91.636864	-168.5352
11380.000000	90.428795	-173.1235
11500.000000	89.399048	-175.1382
11720.000000	87.315605	-175.9753
11800.000000	86.540085	-175.3253
12060.000000	84.171257	-170.7026
12200.000000	83.032547	-167.3749
12410.000000	81.463226	-161.0159
12500.000000	80.872414	-158.2698
12650.000000	79.926140	-153.1232
12800.000000	79.115158	-147.6859
13150.000000	77.756241	-135.3331
13200.000000	77.606148	-133.5674
13400.000000	77.075485	-126.4514
13600.000000	76.866425	-119.9172
13800.000000	76.833977	-113.7982
14000.000000	76.902832	-108.2646
14300.000000	77.335899	-100.2245
14500.000000	78.106720	-95.0356
14750.000000	79.706459	-90.0990
15000.000000	81.852287	-88.5671
15250.000000	85.093239	-94.5345
15500.000000	88.832993	-108.6743
15750.000000	92.843765	-138.6298
16000.000000	95.376862	173.7286
16250.000000	95.575439	107.7669
16500.000000	87.057663	48.3549
16750.000000	80.969368	49.4524
17000.000000	80.481117	37.1458
17250.000000	79.688980	-0.0885
17500.000000	76.588486	-46.1677
17750.000000	72.095039	-86.4736
18000.000000	67.724518	-123.1744
18250.000000	63.887684	-161.5438
18500.000000	60.490555	163.1595
18750.000000	57.354969	124.1767
19000.000000	55.208519	84.5404
19250.000000	54.565636	40.2442
19500.000000	51.848957	-9.7287
19750.000000	50.513466	6.3109
