* Measurement data measured by REW V5.20
* Source: USB-C to 3.5mm Headphone Jack Adapter, USB-C to 3.5mm Headphone Jack Adapter, 0, volume: 0.138
* Format: 256k Log Swept Sine, 1 sweep at -12.0 dBFS with no timing reference
* Dated: Aug 28, 2024 10:59:06 AM
* REW Settings:
*  C-weighting compensation: Off
*  Target level: 75.0 dB
* Note: 
* Measurement: L
* Smoothing: None
* Frequency Step: 1/48 octave
* Start Frequency: 20.300 Hz
*
* Freq(Hz)	SPL(dB)	Phase(degrees)
20.299999	89.251358	-112.0783
20.600000	89.341209	-112.8643
20.900000	89.417854	-113.6292
21.200001	89.482819	-114.4466
21.400000	89.518143	-115.0123
21.799999	89.568481	-116.1217
22.000000	89.585175	-116.6286
22.400000	89.611580	-117.4875
22.700001	89.638611	-117.9840
23.000000	89.682411	-118.3967
23.299999	89.747742	-118.7961
23.600000	89.832596	-119.2560
24.000000	89.961319	-120.0396
24.299999	90.055634	-120.7417
24.700001	90.163315	-121.7351
25.000000	90.227722	-122.4357
25.400000	90.297012	-123.2264
25.799999	90.358612	-123.8503
26.200001	90.419891	-124.3952
26.500000	90.464722	-124.8191
26.900000	90.517685	-125.4534
27.200001	90.550217	-125.9775
27.600000	90.587921	-126.6928
28.000000	90.629829	-127.3782
28.500000	90.705200	-128.1763
29.000000	90.805359	-128.9698
29.500000	90.905853	-129.7941
30.000000	90.980148	-130.5882
30.400000	91.018402	-131.1497
30.700001	91.040466	-131.5270
31.100000	91.069977	-132.0074
31.500000	91.105835	-132.5193
32.000000	91.159683	-133.2516
32.500000	91.217628	-134.0515
33.000000	91.274750	-134.8310
33.500000	91.328323	-135.5397
34.000000	91.374657	-136.1771
34.500000	91.412895	-136.7580
35.000000	91.450455	-137.3112
35.500000	91.497391	-137.8972
36.000000	91.553665	-138.5754
36.500000	91.607025	-139.3230
37.000000	91.646515	-140.0134
37.500000	91.675529	-140.5235
38.200001	91.723083	-140.9992
38.700001	91.764641	-141.3896
39.500000	91.808945	-142.3643
40.000000	91.817299	-143.0732
40.599998	91.833122	-143.8363
41.200001	91.874290	-144.4757
41.799999	91.927902	-145.0228
42.500000	91.977547	-145.5247
43.099998	92.012115	-145.8922
43.700001	92.050156	-146.3983
44.400002	92.084213	-147.2720
45.000000	92.091400	-148.0236
45.500000	92.093193	-148.4486
46.200001	92.117599	-148.7653
46.799999	92.157288	-149.0687
47.500000	92.189201	-149.6944
48.200001	92.193001	-150.4420
48.700001	92.196213	-150.9004
49.400002	92.222542	-151.4200
50.000000	92.252480	-151.8344
50.799999	92.276985	-152.3685
51.500000	92.302567	-152.8423
52.200001	92.349754	-153.4694
53.000000	92.390930	-154.3513
53.799999	92.378799	-155.0468
54.500000	92.347672	-155.3723
55.200001	92.340424	-155.6006
56.000000	92.381729	-155.9776
57.000000	92.452599	-156.5724
58.000000	92.476868	-157.1387
59.000000	92.425232	-157.9189
60.000000	92.378952	-158.4499
60.799999	92.443253	-158.7503
61.500000	92.507675	-159.2229
62.200001	92.513306	-159.6908
63.000000	92.485085	-160.0406
64.000000	92.475815	-160.5485
65.000000	92.486649	-161.1431
66.000000	92.500656	-161.6246
67.000000	92.507675	-162.0809
68.000000	92.507919	-162.5960
69.000000	92.506165	-163.0960
70.000000	92.508072	-163.5625
71.000000	92.510147	-163.9844
72.000000	92.517593	-164.4097
73.000000	92.524658	-164.9011
74.000000	92.529823	-165.3659
75.000000	92.533371	-165.7500
76.199997	92.521530	-166.1024
77.500000	92.541527	-166.5766
78.800003	92.525352	-167.2777
80.000000	92.515503	-167.5682
81.199997	92.515900	-167.9849
82.500000	92.519714	-168.4434
83.800003	92.505119	-168.9407
85.000000	92.495468	-169.3068
86.199997	92.491646	-169.6690
87.500000	92.487518	-170.1123
88.500000	92.484192	-170.3976
90.000000	92.477737	-170.8395
91.199997	92.468971	-171.1981
92.500000	92.461769	-171.5757
93.800003	92.452888	-171.9829
95.000000	92.443596	-172.3471
96.199997	92.437927	-172.6763
97.500000	92.424278	-172.9872
98.800003	92.415771	-173.3292
100.000000	92.410889	-173.6700
101.500000	92.397926	-173.9964
103.000000	92.380836	-174.4128
104.400002	92.371254	-174.7309
106.000000	92.351395	-175.0074
107.500000	92.341820	-175.4034
109.000000	92.328606	-175.7292
110.599998	92.311890	-176.0679
112.000000	92.300369	-176.3915
113.800003	92.282814	-176.7591
115.000000	92.272476	-177.0260
117.199997	92.246643	-177.4357
118.000000	92.228081	-177.6825
120.599998	92.276978	-178.1972
122.000000	92.194183	-178.1817
124.099998	92.175888	-178.6907
125.000000	92.171555	-178.7927
126.500000	92.147408	-179.0624
128.000000	92.134308	-179.3523
131.500000	92.096596	-179.8767
132.000000	92.093300	-179.9462
134.000000	92.074432	179.7256
136.000000	92.046814	179.4913
138.000000	92.028900	179.1815
140.000000	92.004097	178.9113
143.000000	91.973610	178.4956
145.000000	91.952507	178.2281
147.500000	91.918282	177.9247
150.000000	91.898109	177.5544
152.500000	91.862381	177.2801
155.000000	91.839317	177.0266
157.500000	91.808853	176.7280
160.000000	91.775528	176.4695
162.500000	91.750412	176.2095
165.000000	91.714905	175.8561
167.500000	91.696823	175.7072
170.000000	91.668976	175.4709
172.500000	91.638275	175.2567
175.000000	91.616547	174.9908
177.500000	91.585022	174.7979
180.000000	91.589699	174.8361
182.500000	91.520416	174.3961
185.000000	91.491852	174.2117
187.500000	91.473038	173.9811
190.000000	91.442459	173.7804
192.500000	91.413551	173.6549
195.000000	91.383011	173.4780
197.500000	91.356422	173.2918
200.000000	91.333130	173.1042
203.000000	91.299026	172.9012
206.000000	91.264763	172.7208
209.000000	91.231476	172.5333
212.000000	91.202721	172.3965
214.000000	91.180664	172.2588
218.000000	91.132530	172.0494
220.000000	91.116493	171.9176
224.000000	91.069351	171.7264
227.000000	91.039993	171.6095
230.000000	91.005745	171.4467
233.000000	90.978470	171.3241
236.000000	90.943665	171.1754
240.000000	90.955078	171.0148
243.000000	90.867035	170.8866
247.000000	90.831551	170.7273
250.000000	90.797089	170.5989
254.000000	90.757111	170.4291
258.000000	90.715141	170.2905
262.000000	90.678383	170.1514
265.000000	90.645828	170.0212
269.000000	90.600311	169.9167
272.000000	90.574013	169.8130
276.000000	90.533089	169.7195
280.000000	90.483055	169.5611
285.000000	90.428909	169.4418
290.000000	90.372520	169.2714
295.000000	90.320457	169.1822
300.000000	90.302719	169.3442
304.000000	90.197380	168.9960
307.000000	90.155136	168.9537
311.000000	90.089134	168.9800
315.000000	90.035591	169.1531
320.000000	89.988892	169.4475
325.000000	89.981026	169.6194
330.000000	89.993385	169.5605
335.000000	89.971359	169.4551
340.000000	89.937614	169.3676
345.000000	89.899124	169.2686
350.000000	89.852127	169.1930
355.000000	89.813469	169.1057
360.000000	89.761993	168.8938
365.000000	89.723022	168.9894
370.000000	89.685051	168.9529
375.000000	89.638115	168.9148
382.000000	89.580826	168.9211
387.000000	89.532730	168.8982
395.000000	89.466141	168.9475
400.000000	89.425362	168.9045
406.000000	89.370758	168.9218
412.000000	89.317520	168.9485
418.000000	89.259697	169.0516
425.000000	89.216156	169.0164
431.000000	89.165886	169.0885
437.000000	89.111504	169.1310
444.000000	89.058472	169.2216
450.000000	89.007309	169.3193
455.000000	88.971115	169.3803
462.000000	88.913788	169.4618
468.000000	88.865974	169.5830
475.000000	88.804939	169.7223
482.000000	88.770187	169.7823
487.000000	88.720398	169.9031
494.000000	88.668419	170.0485
500.000000	88.618599	170.1725
508.000000	88.562660	170.3433
515.000000	88.512367	170.5288
522.000000	88.464096	170.6740
530.000000	88.407669	170.8878
538.000000	88.352676	170.9748
545.000000	88.305702	171.2619
552.000000	88.255875	171.4656
560.000000	88.208382	171.7178
570.000000	88.144722	171.9768
580.000000	88.081139	172.3364
590.000000	88.021545	172.6147
600.000000	87.930008	172.8900
608.000000	87.915070	173.2094
615.000000	87.880730	173.4529
622.000000	87.841034	173.7629
630.000000	87.799477	173.9855
640.000000	87.753319	174.4119
650.000000	87.706581	174.7343
660.000000	87.637566	174.4886
670.000000	87.621490	175.4972
680.000000	87.579285	175.8069
690.000000	87.538940	176.1296
700.000000	87.505844	176.4644
710.000000	87.456970	176.6485
720.000000	87.443245	176.6821
730.000000	87.339943	177.1092
740.000000	87.248283	177.5562
750.000000	87.176277	178.1381
762.000000	87.126907	178.9408
775.000000	87.097610	179.6793
788.000000	87.093117	179.9789
800.000000	86.962227	179.7947
812.000000	86.755096	-178.7722
825.000000	86.774818	-177.1851
838.000000	86.822128	-176.1447
850.000000	86.826187	-175.5346
862.000000	86.837761	-174.8927
875.000000	86.840240	-174.0796
885.000000	86.846779	-173.5095
900.000000	86.880661	-172.3287
912.000000	86.914948	-172.0151
925.000000	86.958527	-171.3828
938.000000	86.996758	-170.8201
950.000000	87.039230	-170.3698
962.000000	87.071571	-170.1862
975.000000	87.134209	-169.7383
988.000000	87.162933	-169.6022
1000.000000	87.179092	-169.4601
1015.000000	87.192017	-169.4515
1030.000000	87.157608	-169.5127
1044.000000	87.088539	-169.5291
1060.000000	86.962685	-169.4872
1075.000000	86.781174	-168.8868
1090.000000	86.595261	-167.7617
1106.000000	86.467613	-165.9257
1120.000000	86.430695	-164.0433
1138.000000	86.495781	-161.7832
1150.000000	86.592911	-160.4946
1172.000000	86.782326	-158.5858
1180.000000	86.865509	-158.0577
1206.000000	87.111237	-156.6279
1220.000000	87.234962	-156.0067
1241.000000	87.422043	-155.3962
1250.000000	87.483910	-155.1370
1265.000000	87.606651	-154.7253
1280.000000	87.708862	-154.4211
1315.000000	87.925171	-153.8214
1320.000000	87.991669	-153.4553
1340.000000	88.057419	-153.4163
1360.000000	88.157143	-153.1494
1380.000000	88.224091	-152.9632
1400.000000	88.337898	-152.5981
1430.000000	88.466339	-152.2609
1450.000000	88.538765	-151.9980
1475.000000	88.635490	-151.7354
1500.000000	88.701530	-151.3322
1525.000000	88.807022	-151.1949
1550.000000	88.888954	-150.9414
1575.000000	88.949959	-150.6774
1600.000000	89.007111	-150.4542
1625.000000	89.047653	-150.1401
1650.000000	89.079399	-149.6682
1675.000000	89.136719	-149.1293
1700.000000	89.210274	-148.5349
1725.000000	89.291443	-147.9933
1750.000000	89.373657	-147.5584
1775.000000	89.463875	-147.0789
1800.000000	89.552139	-146.5159
1825.000000	89.625488	-146.2593
1850.000000	89.716492	-145.8772
1875.000000	89.802773	-145.4791
1900.000000	89.893730	-145.0676
1925.000000	89.981476	-144.7711
1950.000000	90.068176	-144.4262
1975.000000	90.154884	-144.0903
2000.000000	90.243362	-143.7379
2030.000000	90.359512	-143.4334
2060.000000	90.466034	-143.0774
2090.000000	90.574074	-142.7893
2120.000000	90.677284	-142.4501
2140.000000	90.750801	-142.2068
2180.000000	90.915314	-141.9448
2200.000000	90.986977	-141.8531
2240.000000	91.110992	-141.5821
2270.000000	91.217987	-141.3665
2300.000000	91.320999	-141.2200
2330.000000	91.427612	-141.0322
2360.000000	91.531487	-140.9378
2400.000000	91.651772	-140.9765
2430.000000	91.704369	-140.9714
2470.000000	91.746841	-140.7092
2500.000000	91.768539	-140.3202
2540.000000	91.815224	-139.1927
2580.000000	91.958763	-137.6517
2620.000000	92.259201	-136.2444
2650.000000	92.538742	-135.7044
2690.000000	92.920662	-135.5491
2720.000000	93.197601	-135.8558
2760.000000	93.549583	-136.6378
2800.000000	93.856651	-137.9474
2850.000000	94.141861	-140.0574
2900.000000	94.310829	-142.3122
2950.000000	94.380188	-144.4126
3000.000000	94.384514	-146.1736
3040.000000	94.356544	-147.4579
3070.000000	94.319138	-148.2733
3110.000000	94.266541	-149.2273
3150.000000	94.199127	-149.9844
3200.000000	94.105881	-150.7690
3250.000000	94.017548	-151.3403
3300.000000	93.932945	-151.7579
3350.000000	93.862488	-152.0750
3400.000000	93.793350	-152.3578
3450.000000	93.733932	-152.6632
3500.000000	93.660370	-152.9583
3550.000000	93.583969	-153.2133
3600.000000	93.486610	-153.3780
3650.000000	93.365875	-153.4840
3700.000000	93.255806	-153.3629
3750.000000	93.146172	-153.0621
3820.000000	93.033676	-152.4660
3870.000000	92.976715	-152.0056
3950.000000	92.900848	-151.3252
4000.000000	92.866165	-150.8416
4060.000000	92.820900	-150.5153
4120.000000	92.777573	-150.0069
4180.000000	92.732086	-149.5249
4250.000000	92.691483	-148.8840
4310.000000	92.664597	-148.2973
4370.000000	92.642212	-147.7254
4440.000000	92.639000	-147.0016
4500.000000	92.634567	-146.5073
4550.000000	92.646217	-146.1083
4620.000000	92.666687	-145.5366
4680.000000	92.686188	-145.1760
4750.000000	92.699478	-144.7066
4820.000000	92.717377	-144.2389
4870.000000	92.729355	-143.8936
4940.000000	92.769867	-143.3707
5000.000000	92.808212	-142.9898
5080.000000	92.880493	-142.5673
5150.000000	92.945389	-142.2874
5220.000000	93.023735	-142.0304
5300.000000	93.135765	-141.8763
5380.000000	93.251236	-141.8313
5450.000000	93.362534	-142.0302
5520.000000	93.477493	-142.3459
5600.000000	93.611732	-142.8937
5700.000000	93.753143	-143.8641
5800.000000	93.883835	-145.1130
5900.000000	93.996986	-146.5969
6000.000000	94.071297	-148.3139
6080.000000	94.101868	-149.8657
6150.000000	94.107300	-151.2353
6220.000000	94.098267	-152.6805
6300.000000	94.064072	-154.2567
6400.000000	93.997444	-156.2213
6500.000000	93.911842	-158.1370
6600.000000	93.810471	-160.0842
6700.000000	93.693558	-161.9544
6800.000000	93.564919	-163.8003
6900.000000	93.425552	-165.4704
7000.000000	93.286621	-167.1217
7100.000000	93.157631	-168.6891
7200.000000	93.056213	-170.1587
7300.000000	92.990540	-171.7319
7400.000000	92.937103	-173.4801
7500.000000	92.899818	-175.3228
7620.000000	92.867889	-177.8360
7750.000000	92.854942	178.9574
7880.000000	92.801727	175.1650
8000.000000	92.710365	171.1751
8120.000000	92.526367	166.8494
8250.000000	92.218651	161.9698
8380.000000	91.782104	157.2146
8500.000000	91.269012	153.2305
8620.000000	90.698891	149.9604
8750.000000	90.112717	147.4177
8850.000000	89.767471	145.3811
9000.000000	89.166801	140.7711
9120.000000	88.437569	137.3373
9250.000000	87.544106	134.9173
9380.000000	86.633926	133.9264
9500.000000	85.847412	133.1706
9620.000000	85.103035	133.1948
9750.000000	84.286850	133.5742
9880.000000	83.437164	134.5335
10000.000000	83.148697	138.3070
10150.000000	82.474297	137.9487
10300.000000	81.838211	140.4022
10440.000000	81.232910	141.3508
10600.000000	80.666618	143.3380
10750.000000	80.146149	145.4767
10900.000000	79.697220	147.7741
11060.000000	79.346146	150.1027
11200.000000	78.965912	152.1210
11380.000000	78.708199	154.8549
11500.000000	78.452904	156.1968
11720.000000	78.201576	158.9092
11800.000000	78.157623	160.0155
12060.000000	77.986198	161.8463
12200.000000	77.996529	162.5730
12410.000000	78.066010	163.3254
12500.000000	78.114380	162.7616
12650.000000	78.186279	162.6335
12800.000000	78.316925	161.5348
13150.000000	78.827583	156.9996
13200.000000	78.900635	155.8831
13400.000000	79.262199	151.4106
13600.000000	79.696411	145.2863
13800.000000	80.134514	137.5283
14000.000000	80.611855	127.5049
14300.000000	81.339836	109.2872
14500.000000	81.811211	94.3269
14750.000000	82.209602	72.4434
15000.000000	82.672043	47.3348
15250.000000	82.519783	21.6228
15500.000000	82.337692	-6.9479
15750.000000	81.874969	-35.6873
16000.000000	81.445633	-64.2909
16250.000000	80.958740	-95.2112
16500.000000	79.943916	-127.1353
16750.000000	78.364998	-157.3339
17000.000000	76.620590	175.2340
17250.000000	74.938507	149.8974
17500.000000	73.434776	125.3050
17750.000000	72.082207	100.1841
18000.000000	70.944794	74.2307
18250.000000	70.095200	44.9248
18500.000000	69.271523	13.0565
18750.000000	68.655014	-14.9410
19000.000000	68.044937	-66.5876
19250.000000	67.317337	-117.3951
19500.000000	66.535042	-177.9556
19750.000000	65.084244	109.8301
