* Measurement data measured by REW V5.31.3
* Source: USB-C to 3.5mm Headphone Jack Adapter, USB-C to 3.5mm Headphone Jack Adapter, 0, volume: 0.138
* Format: 256k Log Swept Sine, 1 sweep at -12.0 dBFS with no timing reference
* Dated: Jan 17, 2026 11:11:00 AM
* REW Settings:
*  C-weighting compensation: Off
*  Target level: 75.0 dB
* Note: ; 
* Measurement: R
* Smoothing: None
* Frequency Step: 1/48 octave
* Start Frequency: 20.000 Hz
*
* Freq(Hz)	SPL(dB)	Phase(degrees)
20.000000	101.443	-173.8345
20.299999	101.440	-174.6743
20.600000	101.437	-175.4819
20.900000	101.436	-176.2643
21.200001	101.437	-177.0324
21.400000	101.438	-177.5422
21.799999	101.443	-178.5635
22.000000	101.444	-179.0750
22.400000	101.444	179.9073
22.700001	101.442	179.1570
23.000000	101.439	178.4217
23.299999	101.435	177.7008
23.600000	101.431	176.9901
24.000000	101.424	176.0510
24.299999	101.416	175.3534
24.700001	101.403	174.4409
25.000000	101.391	173.7776
25.400000	101.374	172.9247
25.799999	101.359	172.0946
26.200001	101.346	171.2640
26.500000	101.336	170.6316
26.900000	101.320	169.7807
27.200001	101.304	169.1476
27.600000	101.280	168.3270
28.000000	101.256	167.5368
28.500000	101.228	166.5707
29.000000	101.202	165.5988
29.500000	101.173	164.6271
30.000000	101.141	163.6888
30.400000	101.117	162.9666
30.700001	101.102	162.4297
31.100000	101.083	161.7022
31.500000	101.063	160.9554
32.000000	101.031	160.0243
32.500000	100.992	159.1475
33.000000	100.955	158.3398
33.500000	100.926	157.5592
34.000000	100.900	156.7569
34.500000	100.871	155.9305
35.000000	100.837	155.1130
35.500000	100.801	154.3237
36.000000	100.765	153.5518
36.500000	100.729	152.7817
37.000000	100.692	152.0148
37.500000	100.653	151.2593
38.200001	100.599	150.2167
38.700001	100.560	149.4758
39.500000	100.494	148.3167
40.000000	100.453	147.6212
40.599998	100.407	146.8052
41.200001	100.362	145.9921
41.799999	100.317	145.1804
42.500000	100.263	144.2447
43.099998	100.214	143.4547
43.700001	100.164	142.6784
44.400002	100.104	141.7973
45.000000	100.052	141.0601
45.500000	100.010	140.4506
46.200001	99.950	139.6016
46.799999	99.898	138.8818
47.500000	99.838	138.0495
48.200001	99.776	137.2288
48.700001	99.733	136.6608
49.400002	99.676	135.8793
50.000000	99.629	135.1844
50.799999	99.557	134.2415
51.500000	99.487	133.4960
52.200001	99.426	132.8049
53.000000	99.362	131.9565
53.799999	99.287	131.0942
54.500000	99.219	130.3959
55.200001	99.157	129.7076
56.000000	99.088	128.9016
57.000000	98.997	127.8760
58.000000	98.899	126.9398
59.000000	98.825	126.0489
60.000000	98.740	124.9652
60.799999	98.645	124.2450
61.500000	98.578	123.7466
62.200001	98.525	123.1841
63.000000	98.454	122.4842
64.000000	98.362	121.6719
65.000000	98.272	120.8314
66.000000	98.178	120.0386
67.000000	98.091	119.2393
68.000000	98.001	118.4382
69.000000	97.916	117.6467
70.000000	97.821	116.8481
71.000000	97.728	116.1712
72.000000	97.649	115.4388
73.000000	97.556	114.6931
74.000000	97.467	114.0130
75.000000	97.380	113.3006
76.199997	97.271	112.4920
77.500000	97.161	111.6163
78.800003	97.036	110.7633
80.000000	96.935	110.0840
81.199997	96.836	109.3026
82.500000	96.715	108.5010
83.800003	96.605	107.7537
85.000000	96.499	107.0119
86.199997	96.401	106.3936
87.500000	96.292	105.5872
88.500000	96.202	105.1890
90.000000	96.103	104.3399
91.199997	95.989	103.7818
92.500000	95.898	103.1179
93.800003	95.781	102.4529
95.000000	95.685	101.9041
96.199997	95.591	101.3519
97.500000	95.492	100.7545
98.800003	95.388	100.1790
100.000000	95.298	99.6925
101.500000	95.176	98.9875
103.000000	95.061	98.4330
104.400002	94.957	97.8250
106.000000	94.849	97.1706
107.500000	94.731	96.6282
109.000000	94.630	96.1309
110.599998	94.512	95.5811
112.000000	94.403	95.0736
113.800003	94.277	94.5000
115.000000	94.213	94.1137
117.199997	94.088	93.5157
118.000000	94.023	93.1330
120.599998	93.950	92.5271
122.000000	93.736	92.1094
124.099998	93.606	91.4130
125.000000	93.545	91.2540
126.500000	93.463	90.8354
128.000000	93.384	90.4659
131.500000	93.194	89.7478
132.000000	93.167	89.6433
134.000000	93.068	89.1700
136.000000	92.974	88.7118
138.000000	92.885	88.2170
140.000000	92.788	87.7680
143.000000	92.630	87.0450
145.000000	92.535	86.5796
147.500000	92.413	86.0649
150.000000	92.300	85.5590
152.500000	92.179	85.1043
155.000000	92.069	84.6698
157.500000	91.957	84.2323
160.000000	91.848	83.8179
162.500000	91.746	83.5200
165.000000	91.640	83.1389
167.500000	91.542	82.8133
170.000000	91.453	82.5154
172.500000	91.358	82.3081
175.000000	91.262	81.9927
177.500000	91.191	81.6851
180.000000	91.193	80.9648
182.500000	91.075	81.4859
185.000000	91.004	81.4507
187.500000	90.952	81.2871
190.000000	90.923	81.0693
192.500000	90.900	80.8275
195.000000	90.868	80.3968
197.500000	90.835	79.9756
200.000000	90.802	79.5406
203.000000	90.735	79.0850
206.000000	90.672	78.6412
209.000000	90.612	78.2148
212.000000	90.547	77.8694
214.000000	90.505	77.6342
218.000000	90.426	77.1535
220.000000	90.386	76.9975
224.000000	90.312	76.6098
227.000000	90.260	76.3465
230.000000	90.213	76.1892
233.000000	90.180	75.9126
236.000000	90.148	75.5587
240.000000	90.222	75.3298
243.000000	90.091	75.0649
247.000000	90.029	74.7242
250.000000	90.007	74.3762
254.000000	89.963	74.0564
258.000000	89.924	73.6714
262.000000	89.888	73.3577
265.000000	89.858	73.0908
269.000000	89.826	72.8004
272.000000	89.798	72.6002
276.000000	89.765	72.2896
280.000000	89.738	71.9979
285.000000	89.704	71.7023
290.000000	89.682	71.3653
295.000000	89.659	71.0764
300.000000	89.621	70.7935
304.000000	89.616	70.4683
307.000000	89.603	70.2834
311.000000	89.593	70.0706
315.000000	89.586	69.8829
320.000000	89.574	69.5958
325.000000	89.567	69.2802
330.000000	89.557	68.9938
335.000000	89.557	68.6616
340.000000	89.552	68.3345
345.000000	89.549	68.0507
350.000000	89.543	67.7373
355.000000	89.536	67.5060
360.000000	89.522	67.1669
365.000000	89.532	66.9234
370.000000	89.531	66.6234
375.000000	89.532	66.4055
382.000000	89.530	66.0432
387.000000	89.533	65.7926
395.000000	89.533	65.3999
400.000000	89.534	65.1851
406.000000	89.538	64.8978
412.000000	89.541	64.6570
418.000000	89.551	64.3507
425.000000	89.551	64.0882
431.000000	89.562	63.8557
437.000000	89.565	63.6182
444.000000	89.577	63.3655
450.000000	89.584	63.1408
455.000000	89.592	62.9816
462.000000	89.601	62.7141
468.000000	89.609	62.4921
475.000000	89.619	62.2914
482.000000	89.639	62.0877
487.000000	89.641	61.9276
494.000000	89.651	61.6682
500.000000	89.662	61.5033
508.000000	89.667	61.2542
515.000000	89.677	61.0847
522.000000	89.683	60.9248
530.000000	89.689	60.7337
538.000000	89.696	60.5946
545.000000	89.710	60.4852
552.000000	89.718	60.4164
560.000000	89.733	60.3256
570.000000	89.752	60.2689
580.000000	89.779	60.1756
590.000000	89.800	60.0845
600.000000	89.832	59.7785
608.000000	89.848	59.9580
615.000000	89.870	59.9660
622.000000	89.891	59.9343
630.000000	89.915	59.9095
640.000000	89.947	59.8723
650.000000	89.970	59.8777
660.000000	90.002	59.8284
670.000000	90.038	59.8781
680.000000	90.072	59.9277
690.000000	90.108	59.9433
700.000000	90.146	60.0224
710.000000	90.181	60.0711
720.000000	90.220	60.1899
730.000000	90.265	60.2218
740.000000	90.303	60.3088
750.000000	90.350	60.3915
762.000000	90.401	60.5068
775.000000	90.463	60.6834
788.000000	90.531	60.8354
800.000000	90.587	60.9896
812.000000	90.650	61.1541
825.000000	90.729	61.3241
838.000000	90.802	61.5336
850.000000	90.874	61.6996
862.000000	90.947	61.8682
875.000000	91.033	62.0836
885.000000	91.098	62.2487
900.000000	91.193	62.3597
912.000000	91.287	62.6160
925.000000	91.387	62.7673
938.000000	91.486	62.9603
950.000000	91.583	63.1009
962.000000	91.679	63.2217
975.000000	91.791	63.3348
988.000000	91.902	63.4320
1000.000000	92.007	63.5230
1015.000000	92.140	63.6171
1030.000000	92.272	63.6481
1044.000000	92.401	63.6495
1060.000000	92.548	63.6413
1075.000000	92.689	63.5489
1090.000000	92.824	63.4454
1106.000000	92.968	63.3143
1120.000000	93.094	63.1566
1138.000000	93.251	62.8932
1150.000000	93.357	62.6939
1172.000000	93.540	62.3257
1180.000000	93.604	62.1437
1206.000000	93.803	61.6054
1220.000000	93.909	61.2931
1241.000000	94.058	60.7959
1250.000000	94.117	60.5880
1265.000000	94.216	60.2278
1280.000000	94.312	59.8803
1315.000000	94.519	59.0327
1320.000000	94.545	58.8746
1340.000000	94.658	58.4667
1360.000000	94.762	58.0070
1380.000000	94.866	57.5830
1400.000000	94.959	57.1476
1430.000000	95.098	56.5328
1450.000000	95.188	56.1603
1475.000000	95.303	55.6961
1500.000000	95.423	55.2341
1525.000000	95.525	54.7947
1550.000000	95.637	54.3970
1575.000000	95.745	53.9483
1600.000000	95.855	53.5447
1625.000000	95.962	53.1122
1650.000000	96.073	52.7003
1675.000000	96.182	52.2715
1700.000000	96.293	51.8356
1725.000000	96.403	51.3821
1750.000000	96.512	50.9293
1775.000000	96.621	50.4518
1800.000000	96.724	49.9713
1825.000000	96.835	49.4494
1850.000000	96.941	48.9207
1875.000000	97.043	48.3720
1900.000000	97.150	47.7979
1925.000000	97.252	47.1979
1950.000000	97.350	46.5366
1975.000000	97.441	45.8644
2000.000000	97.531	45.1640
2030.000000	97.625	44.3192
2060.000000	97.714	43.4578
2090.000000	97.798	42.5909
2120.000000	97.873	41.6871
2140.000000	97.917	41.0900
2180.000000	97.995	39.8655
2200.000000	98.028	39.2305
2240.000000	98.081	38.0230
2270.000000	98.109	37.1232
2300.000000	98.127	36.2511
2330.000000	98.138	35.4152
2360.000000	98.138	34.6081
2400.000000	98.134	33.5969
2430.000000	98.119	32.8843
2470.000000	98.096	32.0147
2500.000000	98.074	31.4180
2540.000000	98.037	30.6769
2580.000000	97.997	30.0196
2620.000000	97.954	29.4526
2650.000000	97.923	29.0950
2690.000000	97.880	28.6776
2720.000000	97.850	28.4078
2760.000000	97.809	28.1085
2800.000000	97.766	27.8992
2850.000000	97.720	27.7549
2900.000000	97.682	27.7534
2950.000000	97.658	27.9172
3000.000000	97.661	28.2194
3040.000000	97.692	28.5443
3070.000000	97.732	28.7430
3110.000000	97.802	28.9604
3150.000000	97.878	29.1001
3200.000000	97.997	29.2036
3250.000000	98.127	29.1585
3300.000000	98.267	28.9555
3350.000000	98.409	28.6591
3400.000000	98.541	28.2472
3450.000000	98.670	27.8083
3500.000000	98.805	27.3857
3550.000000	98.960	26.9247
3600.000000	99.132	26.3187
3650.000000	99.330	25.5146
3700.000000	99.526	24.4194
3750.000000	99.713	23.0629
3820.000000	99.944	20.7521
3870.000000	100.079	18.8205
3950.000000	100.225	15.3002
4000.000000	100.261	12.8757
4060.000000	100.242	9.8038
4120.000000	100.138	6.6216
4180.000000	99.948	3.4620
4250.000000	99.603	0.0001
4310.000000	99.213	-2.5878
4370.000000	98.747	-4.6661
4440.000000	98.135	-6.2866
4500.000000	97.574	-6.7993
4550.000000	97.111	-6.5831
4620.000000	96.535	-5.3588
4680.000000	96.144	-3.7080
4750.000000	95.818	-1.5740
4820.000000	95.603	0.4031
4870.000000	95.495	1.6369
4940.000000	95.362	3.1432
5000.000000	95.254	4.3381
5080.000000	95.122	5.8699
5150.000000	95.023	7.2990
5220.000000	94.945	8.7565
5300.000000	94.871	10.5599
5380.000000	94.851	12.4965
5450.000000	94.871	14.2256
5520.000000	94.947	15.9382
5600.000000	95.099	17.8108
5700.000000	95.387	19.7952
5800.000000	95.787	21.2593
5900.000000	96.278	21.7794
6000.000000	96.817	21.0727
6080.000000	97.256	19.4872
6150.000000	97.593	17.2780
6220.000000	97.852	14.2909
6300.000000	98.007	10.1730
6400.000000	97.914	4.5785
6500.000000	97.506	-0.5691
6600.000000	96.859	-4.4102
6700.000000	96.104	-6.5881
6800.000000	95.342	-7.2222
6900.000000	94.644	-6.5143
7000.000000	94.042	-4.9698
7100.000000	93.544	-2.6219
7200.000000	93.152	0.6844
7300.000000	93.067	5.1169
7400.000000	93.360	8.2377
7500.000000	93.738	9.7751
7620.000000	94.274	10.2101
7750.000000	94.939	8.6202
7880.000000	95.571	4.3806
8000.000000	95.951	-1.9354
8120.000000	95.906	-9.8735
8250.000000	95.636	-17.1451
8380.000000	94.942	-26.0625
8500.000000	93.940	-33.1985
8620.000000	92.622	-38.9259
8750.000000	90.940	-42.5597
8850.000000	89.565	-43.0504
9000.000000	87.647	-40.4702
9120.000000	86.347	-36.2959
9250.000000	85.241	-30.5802
9380.000000	84.362	-24.2650
9500.000000	83.782	-18.3196
9620.000000	83.332	-12.5870
9750.000000	82.987	-6.6314
9880.000000	82.788	-0.8823
10000.000000	82.676	4.2578
10150.000000	82.606	10.1458
10300.000000	82.680	16.0170
10440.000000	82.809	21.0903
10600.000000	83.086	26.5741
10750.000000	83.421	31.4940
10900.000000	83.823	35.6939
11060.000000	84.350	40.0367
11200.000000	84.912	43.1978
11380.000000	85.759	46.3752
11500.000000	86.406	47.8901
11720.000000	87.671	49.1340
11800.000000	88.165	48.9639
12060.000000	89.807	46.3486
12200.000000	90.782	43.3661
12410.000000	92.202	35.8128
12500.000000	92.749	31.5846
12650.000000	93.557	23.2869
12800.000000	94.187	13.7244
13150.000000	94.914	-12.3647
13200.000000	94.932	-16.3580
13400.000000	94.681	-32.6567
13600.000000	94.026	-48.4636
13800.000000	93.090	-62.4438
14000.000000	92.103	-73.9687
14300.000000	91.128	-88.3861
14500.000000	90.979	-98.2565
14750.000000	91.335	-114.3011
15000.000000	91.738	-139.0292
15250.000000	90.556	-170.8051
15500.000000	87.640	162.3375
15750.000000	84.312	145.5092
16000.000000	81.612	134.0123
16250.000000	79.316	120.4632
16500.000000	76.120	104.1608
16750.000000	71.444	97.3591
17000.000000	66.994	110.6508
17250.000000	67.768	138.9766
17500.000000	71.190	136.4032
17750.000000	73.835	117.6508
18000.000000	75.950	87.4247
18250.000000	77.069	45.9741
18500.000000	76.626	-4.5774
18750.000000	74.571	-58.3997
19000.000000	71.101	-111.7867
19250.000000	67.458	-158.0251
19500.000000	65.206	152.0317
19750.000000	63.852	90.8359
