* Measurement data measured by REW V5.20
* Source: USB-C to 3.5mm Headphone Jack Adapter, USB-C to 3.5mm Headphone Jack Adapter, 0, volume: 0.138
* Format: 256k Log Swept Sine, 1 sweep at -12.0 dBFS with no timing reference
* Dated: Apr 12, 2024 3:58:23 PM
* REW Settings:
*  C-weighting compensation: Off
*  Target level: 75.0 dB
* Note: 
* Measurement: L
* Smoothing: None
* Frequency Step: 1/48 octave
* Start Frequency: 20.000 Hz
*
* Freq(Hz)	SPL(dB)	Phase(degrees)
20.000000	98.413948	-134.7851
20.299999	98.454529	-135.4934
20.600000	98.493835	-136.1288
20.900000	98.533791	-136.6984
21.200001	98.576324	-137.2128
21.400000	98.607147	-137.5331
21.799999	98.675758	-138.1563
22.000000	98.713005	-138.4781
22.400000	98.789032	-139.1746
22.700001	98.841248	-139.7554
23.000000	98.884506	-140.3716
23.299999	98.917015	-140.9946
23.600000	98.940399	-141.5946
24.000000	98.965462	-142.3359
24.299999	98.985512	-142.8672
24.700001	99.016266	-143.5999
25.000000	99.038040	-144.1969
25.400000	99.056549	-145.0464
25.799999	99.058395	-145.8809
26.200001	99.051224	-146.6161
26.500000	99.049232	-147.0905
26.900000	99.060081	-147.6741
27.200001	99.078461	-148.1241
27.600000	99.107819	-148.7796
28.000000	99.132904	-149.4716
28.500000	99.155960	-150.2813
29.000000	99.185913	-150.9833
29.500000	99.232452	-151.6795
30.000000	99.279427	-152.4742
30.400000	99.302277	-153.1454
30.700001	99.308891	-153.6155
31.100000	99.309906	-154.1488
31.500000	99.312805	-154.5791
32.000000	99.327896	-155.0596
32.500000	99.350334	-155.5686
33.000000	99.369408	-156.1178
33.500000	99.382927	-156.6782
34.000000	99.392677	-157.2509
34.500000	99.395950	-157.8424
35.000000	99.390305	-158.4110
35.500000	99.382874	-158.9044
36.000000	99.386505	-159.3437
36.500000	99.404572	-159.8191
37.000000	99.425430	-160.3879
37.500000	99.435501	-161.0076
38.200001	99.432419	-161.7885
38.700001	99.432533	-162.2466
39.500000	99.449501	-162.9503
40.000000	99.460655	-163.4249
40.599998	99.465561	-163.9861
41.200001	99.465744	-164.4923
41.799999	99.467934	-164.9619
42.500000	99.472076	-165.5152
43.099998	99.473595	-165.9972
43.700001	99.473938	-166.4834
44.400002	99.471069	-167.0728
45.000000	99.461365	-167.5724
45.500000	99.450516	-167.9463
46.200001	99.442200	-168.4078
46.799999	99.444191	-168.8132
47.500000	99.445168	-169.3342
48.200001	99.438225	-169.8293
48.700001	99.434669	-170.1395
49.400002	99.438293	-170.5772
50.000000	99.441177	-171.0092
50.799999	99.429268	-171.5953
51.500000	99.414009	-172.0183
52.200001	99.409637	-172.4255
53.000000	99.402618	-172.9892
53.799999	99.376396	-173.5236
54.500000	99.355843	-173.8865
55.200001	99.345291	-174.2549
56.000000	99.328934	-174.7023
57.000000	99.310196	-175.1751
58.000000	99.301620	-175.6926
59.000000	99.284126	-176.2082
60.000000	99.270462	-176.7258
60.799999	99.248756	-177.1499
61.500000	99.229042	-177.4362
62.200001	99.221443	-177.7133
63.000000	99.213364	-178.1127
64.000000	99.188629	-178.5939
65.000000	99.166962	-179.0196
66.000000	99.144051	-179.4508
67.000000	99.121613	-179.8687
68.000000	99.094849	179.7001
69.000000	99.064857	179.3124
70.000000	99.036263	178.9497
71.000000	99.011353	178.6224
72.000000	98.991348	178.2846
73.000000	98.973442	177.9640
74.000000	98.962921	177.5896
75.000000	98.937225	177.1832
76.199997	98.910965	176.8188
77.500000	98.883842	176.3228
78.800003	98.847542	175.9479
80.000000	98.827034	175.5498
81.199997	98.792023	175.1361
82.500000	98.756454	174.7552
83.800003	98.725403	174.3510
85.000000	98.693024	173.9875
86.199997	98.667061	173.6185
87.500000	98.621826	173.2359
88.500000	98.601257	173.0260
90.000000	98.555443	172.5872
91.199997	98.530113	172.3143
92.500000	98.481247	171.9700
93.800003	98.467552	171.6818
95.000000	98.419708	171.2746
96.199997	98.391785	171.0820
97.500000	98.349815	170.7276
98.800003	98.315994	170.5035
100.000000	98.273727	170.2442
101.500000	98.244278	169.9767
103.000000	98.193176	169.5943
104.400002	98.146713	169.3414
106.000000	98.116455	169.1426
107.500000	98.073547	168.7650
109.000000	98.025162	168.5333
110.599998	97.977036	168.2698
112.000000	97.933144	168.0344
113.800003	97.889168	167.7117
115.000000	97.849159	167.5273
117.199997	97.788910	167.1866
118.000000	97.762306	167.0903
120.599998	97.693512	166.7357
122.000000	97.644958	166.5421
124.099998	97.595749	166.2950
125.000000	97.571960	166.1301
126.500000	97.530838	165.9648
128.000000	97.480362	165.7812
131.500000	97.389450	165.3661
132.000000	97.363708	165.2993
134.000000	97.310654	164.8789
136.000000	97.265900	164.8373
138.000000	97.239136	164.8455
140.000000	97.152466	164.8788
143.000000	97.119026	164.4068
145.000000	96.964233	164.4789
147.500000	96.794281	164.5027
150.000000	96.741409	164.3627
152.500000	96.789383	162.2966
155.000000	96.749290	161.3483
157.500000	96.690125	163.5857
160.000000	96.493393	164.3572
162.500000	96.561180	162.9610
165.000000	96.557388	163.5280
167.500000	96.374168	162.3075
170.000000	96.388420	162.7762
172.500000	96.175888	162.2275
175.000000	96.218170	163.2180
177.500000	96.147079	162.3207
180.000000	96.101814	162.5525
182.500000	95.945992	162.3744
185.000000	95.911560	163.0021
187.500000	95.940231	162.9547
190.000000	95.928680	162.4927
192.500000	95.844589	162.0628
195.000000	95.744698	162.0147
197.500000	95.668068	162.1460
200.000000	95.604218	162.2596
203.000000	95.522530	162.2691
206.000000	95.462456	162.2454
209.000000	95.399483	162.3276
212.000000	95.330536	162.4001
214.000000	95.283607	162.4388
218.000000	95.202850	162.4419
220.000000	95.161011	162.4548
224.000000	95.071793	162.6303
227.000000	95.008644	162.6527
230.000000	94.946793	162.6946
233.000000	94.893631	162.7590
236.000000	94.813110	162.8454
240.000000	94.740219	163.0543
243.000000	94.695503	163.0886
247.000000	94.611473	163.0321
250.000000	94.529190	163.2836
254.000000	94.513832	163.5291
258.000000	94.412315	163.5992
262.000000	94.274086	163.6260
265.000000	94.207428	163.8954
269.000000	94.174049	164.3011
272.000000	94.110428	164.4388
276.000000	94.054008	164.7944
280.000000	93.950920	165.0804
285.000000	93.900162	165.0451
290.000000	93.813087	164.9899
295.000000	93.776093	165.3290
300.000000	93.611908	165.7896
304.000000	93.608154	165.8907
307.000000	93.566910	166.2545
311.000000	93.479759	166.4856
315.000000	93.426109	166.4550
320.000000	93.363754	167.0636
325.000000	93.287971	167.3366
330.000000	93.219154	167.6668
335.000000	93.156906	167.8770
340.000000	93.067154	168.1989
345.000000	93.013008	168.5847
350.000000	92.933037	168.8622
355.000000	92.872002	169.3484
360.000000	92.826683	169.6550
365.000000	92.746819	169.9398
370.000000	92.676842	170.3263
375.000000	92.631546	170.7380
382.000000	92.551231	171.2434
387.000000	92.499306	171.6918
395.000000	92.393341	172.2460
400.000000	92.337944	172.5255
406.000000	92.268852	173.1053
412.000000	92.213196	173.5533
418.000000	92.156998	174.0345
425.000000	92.085915	174.5411
431.000000	92.027557	174.9939
437.000000	91.972885	175.5178
444.000000	91.921997	176.0820
450.000000	91.873505	176.4716
455.000000	91.811409	176.8735
462.000000	91.760910	177.3864
468.000000	91.689056	177.9295
475.000000	91.625763	178.3644
482.000000	91.619415	179.0918
487.000000	91.574905	179.4088
494.000000	91.489227	179.9111
500.000000	91.411331	-179.5534
508.000000	91.402649	-178.7459
515.000000	91.309998	-178.1564
522.000000	91.269089	-177.6901
530.000000	91.226959	-177.1396
538.000000	91.149666	-176.4083
545.000000	91.111244	-175.7461
552.000000	91.065041	-175.1590
560.000000	91.023529	-174.6944
570.000000	90.907585	-173.5644
580.000000	90.886482	-172.7423
590.000000	90.858017	-171.9746
600.000000	90.768570	-171.2495
608.000000	90.653656	-170.2365
615.000000	90.661591	-169.5671
622.000000	90.672821	-169.1246
630.000000	90.592255	-168.1015
640.000000	90.514885	-167.2206
650.000000	90.505150	-166.5898
660.000000	90.438828	-165.3026
670.000000	90.404068	-164.8241
680.000000	90.316605	-163.8386
690.000000	90.291306	-162.8235
700.000000	90.247963	-161.7610
710.000000	90.200256	-160.7130
720.000000	90.154961	-159.6666
730.000000	90.115326	-158.6508
740.000000	90.063530	-157.6117
750.000000	90.032791	-156.1962
762.000000	89.992981	-154.7432
775.000000	89.989639	-152.9681
788.000000	89.951859	-150.9736
800.000000	90.007370	-149.2808
812.000000	90.103546	-147.4791
825.000000	90.270058	-145.8626
838.000000	90.493088	-145.0167
850.000000	90.593506	-144.8193
862.000000	90.534729	-144.4033
875.000000	90.560791	-142.9984
885.000000	90.637100	-142.1016
900.000000	90.702309	-141.1888
912.000000	90.753227	-140.4468
925.000000	90.790710	-139.6293
938.000000	90.818481	-138.6552
950.000000	90.866714	-137.9568
962.000000	90.901855	-137.1396
975.000000	90.942932	-136.3070
988.000000	90.982254	-135.4649
1000.000000	91.002899	-134.7364
1015.000000	90.970474	-133.6133
1030.000000	91.050819	-131.6546
1044.000000	91.186752	-130.6097
1060.000000	91.311584	-129.6481
1075.000000	91.408127	-128.7688
1090.000000	91.509018	-127.9032
1106.000000	91.599213	-127.0182
1120.000000	91.691566	-126.2898
1138.000000	91.794746	-125.3692
1150.000000	91.867622	-124.8085
1172.000000	91.998512	-123.8552
1180.000000	92.043167	-123.5033
1206.000000	92.185547	-122.4578
1220.000000	92.258835	-121.9133
1241.000000	92.357796	-121.1340
1250.000000	92.403793	-120.8276
1265.000000	92.469986	-120.3354
1280.000000	92.537300	-119.8553
1315.000000	92.666275	-118.7859
1320.000000	92.684837	-118.6060
1340.000000	92.748695	-117.9939
1360.000000	92.809189	-117.3884
1380.000000	92.855301	-116.7633
1400.000000	92.904556	-116.1218
1430.000000	92.963821	-115.0940
1450.000000	93.006409	-114.3752
1475.000000	93.057205	-113.3979
1500.000000	93.119125	-112.3645
1525.000000	93.204720	-111.3985
1550.000000	93.294846	-110.5971
1575.000000	93.368034	-109.9151
1600.000000	93.421677	-109.2811
1625.000000	93.461975	-108.5713
1650.000000	93.491821	-107.8306
1675.000000	93.520363	-107.0366
1700.000000	93.548347	-106.1926
1725.000000	93.575317	-105.3588
1750.000000	93.601173	-104.4692
1775.000000	93.624672	-103.5607
1800.000000	93.652824	-102.6323
1825.000000	93.684586	-101.7012
1850.000000	93.717529	-100.7455
1875.000000	93.755226	-99.7932
1900.000000	93.785851	-98.8736
1925.000000	93.824005	-97.9615
1950.000000	93.850479	-97.0334
1975.000000	93.884651	-96.0902
2000.000000	93.910477	-95.1488
2030.000000	93.952530	-94.0064
2060.000000	93.984741	-92.8516
2090.000000	94.023666	-91.6865
2120.000000	94.061790	-90.5419
2140.000000	94.085861	-89.7343
2180.000000	94.132462	-88.1640
2200.000000	94.160423	-87.3720
2240.000000	94.204155	-85.7637
2270.000000	94.245155	-84.5344
2300.000000	94.280792	-83.2833
2330.000000	94.316704	-81.9975
2360.000000	94.363274	-80.6761
2400.000000	94.427528	-78.9157
2430.000000	94.478836	-77.6033
2470.000000	94.551231	-75.8189
2500.000000	94.605209	-74.4825
2540.000000	94.684723	-72.6558
2580.000000	94.768135	-70.7438
2620.000000	94.887001	-68.7455
2650.000000	94.993820	-67.3239
2690.000000	95.151718	-65.5747
2720.000000	95.269905	-64.3680
2760.000000	95.414047	-62.8821
2800.000000	95.556870	-61.3708
2850.000000	95.734848	-59.5550
2900.000000	95.915741	-57.7696
2950.000000	96.094376	-56.0362
3000.000000	96.273590	-54.3401
3040.000000	96.416557	-52.9827
3070.000000	96.528160	-51.9872
3110.000000	96.685547	-50.6732
3150.000000	96.845070	-49.4078
3200.000000	97.048065	-47.9620
3250.000000	97.247574	-46.5996
3300.000000	97.436409	-45.3170
3350.000000	97.628967	-44.0453
3400.000000	97.818008	-42.8350
3450.000000	98.003540	-41.6973
3500.000000	98.185966	-40.5874
3550.000000	98.370605	-39.5582
3600.000000	98.546814	-38.5483
3650.000000	98.716354	-37.6134
3700.000000	98.874550	-36.6425
3750.000000	99.039139	-35.6384
3820.000000	99.295654	-34.2564
3870.000000	99.494415	-33.3900
3950.000000	99.815514	-32.3905
4000.000000	100.002457	-31.9496
4060.000000	100.205856	-31.5464
4120.000000	100.396835	-31.2257
4180.000000	100.571548	-31.0171
4250.000000	100.756767	-30.8922
4310.000000	100.899048	-30.9020
4370.000000	101.018219	-30.9991
4440.000000	101.127686	-31.2413
4500.000000	101.190926	-31.5172
4550.000000	101.221970	-31.7913
4620.000000	101.230507	-32.1235
4680.000000	101.208878	-32.3651
4750.000000	101.155266	-32.5744
4820.000000	101.072342	-32.6916
4870.000000	100.998383	-32.7184
4940.000000	100.871773	-32.6718
5000.000000	100.747231	-32.4833
5080.000000	100.560120	-32.1306
5150.000000	100.382629	-31.6355
5220.000000	100.191162	-30.9904
5300.000000	99.968246	-30.0688
5380.000000	99.742111	-28.9896
5450.000000	99.536934	-27.9453
5520.000000	99.328873	-26.9091
5600.000000	98.997681	-26.0736
5700.000000	98.249756	-23.4301
5800.000000	98.858963	-9.8665
5900.000000	99.058693	-14.5574
6000.000000	98.812752	-13.4633
6080.000000	98.667389	-11.8655
6150.000000	98.558876	-10.2710
6220.000000	98.475891	-8.5797
6300.000000	98.403107	-6.5704
6400.000000	98.341431	-4.0158
6500.000000	98.310440	-1.4581
6600.000000	98.315636	1.1341
6700.000000	98.371201	3.5978
6800.000000	98.434471	5.9036
6900.000000	98.529907	8.1841
7000.000000	98.669846	10.3365
7100.000000	98.845314	12.3280
7200.000000	99.080048	13.9970
7300.000000	99.344597	15.2030
7400.000000	99.629478	15.8525
7500.000000	99.906059	15.7935
7620.000000	100.173256	15.1106
7750.000000	100.389778	13.5997
7880.000000	100.481216	11.4445
8000.000000	100.433968	9.0691
8120.000000	100.241310	6.6480
8250.000000	99.884064	4.2801
8380.000000	99.410080	2.4624
8500.000000	98.899277	1.2677
8620.000000	98.337875	0.5430
8750.000000	97.672691	0.4025
8850.000000	97.135071	0.7993
9000.000000	96.330460	2.1518
9120.000000	95.710922	3.8769
9250.000000	95.075119	6.2442
9380.000000	94.489639	9.0573
9500.000000	94.001801	11.8782
9620.000000	93.549637	14.9422
9750.000000	93.113289	18.5092
9880.000000	92.733788	22.2085
10000.000000	92.441391	25.6648
10150.000000	92.123108	30.0540
10300.000000	91.881020	34.4860
10440.000000	91.711349	38.5228
10600.000000	91.598198	43.2426
10750.000000	91.571922	47.6197
10900.000000	91.651489	51.8603
11060.000000	91.837334	55.7708
11200.000000	92.091644	58.8348
11380.000000	92.473335	62.2494
11500.000000	92.799774	64.2183
11720.000000	93.578613	66.8327
11800.000000	93.918793	67.3769
12060.000000	95.250145	66.9516
12200.000000	96.116432	64.8353
12410.000000	97.505905	58.0702
12500.000000	98.084450	53.5341
12650.000000	98.859161	43.4462
12800.000000	99.190849	30.7709
13150.000000	97.792603	1.9348
13200.000000	97.435188	-1.2694
13400.000000	95.937119	-11.6037
13600.000000	94.538994	-19.1303
13800.000000	93.341736	-25.2518
14000.000000	92.383026	-30.6121
14300.000000	91.361488	-39.3596
14500.000000	90.916985	-46.3228
14750.000000	90.508324	-57.6728
15000.000000	90.094322	-72.6436
15250.000000	89.302032	-92.0263
15500.000000	87.278259	-115.5865
15750.000000	84.325706	-121.5149
16000.000000	82.051361	-135.1462
16250.000000	81.601173	-145.6343
16500.000000	77.969284	-153.2010
16750.000000	77.033966	-153.0514
17000.000000	77.389313	-160.5945
17250.000000	77.678825	-177.4039
17500.000000	77.475922	160.2887
17750.000000	76.749702	136.7874
18000.000000	75.747635	112.8977
18250.000000	74.995140	88.2900
18500.000000	74.820175	59.6390
18750.000000	74.838074	23.0810
19000.000000	74.922020	-21.7621
19250.000000	74.754013	-77.5515
19500.000000	73.897179	-145.4523
19750.000000	72.110573	131.9688
