* Measurement data measured by REW V5.31.3
* Source: USB-C to 3.5mm Headphone Jack Adapter, USB-C to 3.5mm Headphone Jack Adapter, 0, volume: 0.138
* Format: 256k Log Swept Sine, 1 sweep at -12.0 dBFS with no timing reference
* Dated: Jan 24, 2025 6:00:49 PM
* REW Settings:
*  C-weighting compensation: Off
*  Target level: 75.0 dB
* Note: 
* Measurement: R
* Smoothing: None
* Frequency Step: 1/48 octave
* Start Frequency: 20.300 Hz
*
* Freq(Hz)	SPL(dB)	Phase(degrees)
20.299999	104.952	-148.0047
20.600000	104.959	-148.5936
20.900000	104.965	-149.0697
21.200001	104.980	-149.5250
21.400000	104.996	-149.8396
21.799999	105.037	-150.5294
22.000000	105.059	-150.9074
22.400000	105.098	-151.7024
22.700001	105.119	-152.2917
23.000000	105.133	-152.8435
23.299999	105.142	-153.3452
23.600000	105.150	-153.8042
24.000000	105.164	-154.3895
24.299999	105.176	-154.8381
24.700001	105.192	-155.4669
25.000000	105.202	-155.9493
25.400000	105.213	-156.5748
25.799999	105.226	-157.1524
26.200001	105.243	-157.6880
26.500000	105.259	-158.0820
26.900000	105.280	-158.6208
27.200001	105.293	-159.0378
27.600000	105.303	-159.5900
28.000000	105.306	-160.1071
28.500000	105.309	-160.6818
29.000000	105.319	-161.2163
29.500000	105.333	-161.7719
30.000000	105.341	-162.3578
30.400000	105.339	-162.8167
30.700001	105.334	-163.1390
31.100000	105.328	-163.5399
31.500000	105.327	-163.9306
32.000000	105.334	-164.4456
32.500000	105.344	-164.9947
33.000000	105.349	-165.5295
33.500000	105.352	-166.0085
34.000000	105.354	-166.4432
34.500000	105.356	-166.8767
35.000000	105.355	-167.3313
35.500000	105.351	-167.7924
36.000000	105.346	-168.2361
36.500000	105.345	-168.6577
37.000000	105.347	-169.0675
37.500000	105.349	-169.4716
38.200001	105.345	-170.0248
38.700001	105.339	-170.4115
39.500000	105.326	-171.0241
40.000000	105.320	-171.4024
40.599998	105.313	-171.8485
41.200001	105.306	-172.2828
41.799999	105.299	-172.6979
42.500000	105.291	-173.1613
43.099998	105.288	-173.5692
43.700001	105.281	-174.0012
44.400002	105.263	-174.4812
45.000000	105.246	-174.8242
45.500000	105.238	-175.0869
46.200001	105.234	-175.5012
46.799999	105.225	-175.8922
47.500000	105.208	-176.2868
48.200001	105.199	-176.6495
48.700001	105.193	-176.9786
49.400002	105.164	-177.4926
50.000000	105.128	-177.8083
50.799999	105.115	-178.0535
51.500000	105.133	-178.3930
52.200001	105.130	-178.8504
53.000000	105.099	-179.2302
53.799999	105.081	-179.5400
54.500000	105.069	-179.9103
55.200001	105.049	179.7247
56.000000	105.031	179.3970
57.000000	105.015	178.9809
58.000000	104.989	178.5562
59.000000	104.965	178.1670
60.000000	104.939	177.7346
60.799999	104.910	177.4015
61.500000	104.889	177.1431
62.200001	104.874	176.8682
63.000000	104.854	176.5498
64.000000	104.827	176.2208
65.000000	104.802	175.8541
66.000000	104.769	175.4961
67.000000	104.746	175.1828
68.000000	104.721	174.8497
69.000000	104.689	174.5296
70.000000	104.661	174.2220
71.000000	104.637	173.9060
72.000000	104.608	173.5847
73.000000	104.579	173.2878
74.000000	104.553	172.9966
75.000000	104.527	172.7393
76.199997	104.489	172.4225
77.500000	104.449	172.1084
78.800003	104.414	171.7406
80.000000	104.377	171.4552
81.199997	104.345	171.1544
82.500000	104.309	170.8204
83.800003	104.268	170.5558
85.000000	104.235	170.2828
86.199997	104.199	170.0204
87.500000	104.160	169.7603
88.500000	104.129	169.5669
90.000000	104.085	169.2477
91.199997	104.053	169.0236
92.500000	104.017	168.7953
93.800003	103.980	168.5609
95.000000	103.939	168.3440
96.199997	103.906	168.1522
97.500000	103.870	167.9232
98.800003	103.832	167.7317
100.000000	103.798	167.5367
101.500000	103.756	167.3056
103.000000	103.714	167.0944
104.400002	103.674	166.9049
106.000000	103.628	166.6788
107.500000	103.584	166.4836
109.000000	103.542	166.3011
110.599998	103.502	166.1163
112.000000	103.458	165.9413
113.800003	103.409	165.7426
115.000000	103.376	165.6080
117.199997	103.313	165.3845
118.000000	103.291	165.2994
120.599998	103.224	165.0411
122.000000	103.182	164.9357
124.099998	103.129	164.7378
125.000000	103.103	164.6772
126.500000	103.064	164.5665
128.000000	103.023	164.4400
131.500000	102.932	164.2010
132.000000	102.920	164.1594
134.000000	102.867	164.0320
136.000000	102.817	163.9071
138.000000	102.765	163.7814
140.000000	102.715	163.6711
143.000000	102.639	163.5097
145.000000	102.590	163.4379
147.500000	102.529	163.3133
150.000000	102.469	163.2171
152.500000	102.409	163.1123
155.000000	102.348	163.0222
157.500000	102.288	162.9583
160.000000	102.233	162.8209
162.500000	102.171	162.8361
165.000000	102.111	162.7481
167.500000	102.054	162.7211
170.000000	101.992	162.6813
172.500000	101.934	162.6397
175.000000	101.874	162.6285
177.500000	101.814	162.6205
180.000000	101.752	162.6019
182.500000	101.688	162.6596
185.000000	101.623	162.7065
187.500000	101.560	162.8144
190.000000	101.498	163.0127
192.500000	101.448	163.2195
195.000000	101.415	163.5253
197.500000	101.404	163.7079
200.000000	101.396	163.7639
203.000000	101.373	163.7142
206.000000	101.333	163.6769
209.000000	101.295	163.6978
212.000000	101.259	163.7015
214.000000	101.236	163.7141
218.000000	101.185	163.6200
220.000000	101.161	163.6045
224.000000	101.099	163.5258
227.000000	101.039	163.5334
230.000000	100.992	163.5422
233.000000	100.938	163.5452
236.000000	100.887	163.5910
240.000000	100.821	163.6428
243.000000	100.769	163.7191
247.000000	100.705	163.8207
250.000000	100.656	163.9035
254.000000	100.596	164.0398
258.000000	100.535	164.1814
262.000000	100.480	164.3266
265.000000	100.439	164.4397
269.000000	100.386	164.5779
272.000000	100.349	164.7102
276.000000	100.300	164.8432
280.000000	100.250	164.9724
285.000000	100.188	165.1177
290.000000	100.127	165.2914
295.000000	100.066	165.4738
300.000000	100.003	165.6591
304.000000	99.957	165.8014
307.000000	99.919	165.9239
311.000000	99.875	166.0889
315.000000	99.827	166.2543
320.000000	99.770	166.4682
325.000000	99.714	166.6762
330.000000	99.658	166.8777
335.000000	99.607	167.1146
340.000000	99.553	167.3390
345.000000	99.499	167.5783
350.000000	99.449	167.8111
355.000000	99.399	168.0463
360.000000	99.348	168.2850
365.000000	99.298	168.5406
370.000000	99.251	168.7807
375.000000	99.204	169.0474
382.000000	99.139	169.4132
387.000000	99.094	169.6769
395.000000	99.025	170.1165
400.000000	98.982	170.3898
406.000000	98.937	170.7282
412.000000	98.890	171.0331
418.000000	98.843	171.3610
425.000000	98.788	171.7242
431.000000	98.743	172.0613
437.000000	98.697	172.3812
444.000000	98.646	172.7845
450.000000	98.601	173.1257
455.000000	98.565	173.4242
462.000000	98.519	173.8316
468.000000	98.478	174.1703
475.000000	98.430	174.5905
482.000000	98.384	175.0059
487.000000	98.355	175.3174
494.000000	98.314	175.7367
500.000000	98.280	176.1108
508.000000	98.235	176.6034
515.000000	98.196	177.0186
522.000000	98.159	177.4543
530.000000	98.119	177.9439
538.000000	98.076	178.4442
545.000000	98.040	178.8782
552.000000	98.009	179.3251
560.000000	97.971	179.8305
570.000000	97.927	-179.5209
580.000000	97.883	-178.8804
590.000000	97.843	-178.2230
600.000000	97.803	-177.5671
608.000000	97.774	-177.0412
615.000000	97.751	-176.5768
622.000000	97.725	-176.1111
630.000000	97.701	-175.5735
640.000000	97.668	-174.9055
650.000000	97.640	-174.2364
660.000000	97.611	-173.5514
670.000000	97.586	-172.8512
680.000000	97.561	-172.1557
690.000000	97.539	-171.4520
700.000000	97.519	-170.7533
710.000000	97.500	-170.0309
720.000000	97.483	-169.3193
730.000000	97.467	-168.5845
740.000000	97.453	-167.8501
750.000000	97.442	-167.0829
762.000000	97.431	-166.1650
775.000000	97.426	-165.1525
788.000000	97.426	-164.1321
800.000000	97.433	-163.1536
812.000000	97.446	-162.1925
825.000000	97.465	-161.1570
838.000000	97.494	-160.0968
850.000000	97.524	-159.1628
862.000000	97.559	-158.2296
875.000000	97.607	-157.2266
885.000000	97.644	-156.4643
900.000000	97.708	-155.3329
912.000000	97.762	-154.4545
925.000000	97.826	-153.5171
938.000000	97.898	-152.6065
950.000000	97.963	-151.7835
962.000000	98.036	-150.9625
975.000000	98.118	-150.1172
988.000000	98.205	-149.2822
1000.000000	98.289	-148.5456
1015.000000	98.396	-147.6529
1030.000000	98.510	-146.8018
1044.000000	98.620	-146.0390
1060.000000	98.750	-145.2225
1075.000000	98.873	-144.4990
1090.000000	99.000	-143.8253
1106.000000	99.136	-143.1700
1120.000000	99.256	-142.6353
1138.000000	99.410	-141.9923
1150.000000	99.512	-141.5939
1172.000000	99.700	-140.9471
1180.000000	99.768	-140.7272
1206.000000	99.985	-140.0889
1220.000000	100.099	-139.7821
1241.000000	100.266	-139.3678
1250.000000	100.337	-139.2047
1265.000000	100.453	-138.9406
1280.000000	100.565	-138.7055
1315.000000	100.824	-138.2124
1320.000000	100.859	-138.1516
1340.000000	101.003	-137.8895
1360.000000	101.143	-137.6646
1380.000000	101.281	-137.4488
1400.000000	101.417	-137.2457
1430.000000	101.620	-136.9706
1450.000000	101.753	-136.8003
1475.000000	101.923	-136.6134
1500.000000	102.090	-136.4447
1525.000000	102.260	-136.2907
1550.000000	102.430	-136.1796
1575.000000	102.602	-136.1054
1600.000000	102.776	-136.0556
1625.000000	102.953	-136.0486
1650.000000	103.129	-136.0810
1675.000000	103.309	-136.1795
1700.000000	103.489	-136.3156
1725.000000	103.671	-136.5237
1750.000000	103.851	-136.7814
1775.000000	104.033	-137.1086
1800.000000	104.213	-137.5108
1825.000000	104.391	-137.9838
1850.000000	104.567	-138.5439
1875.000000	104.738	-139.1663
1900.000000	104.905	-139.8674
1925.000000	105.066	-140.6437
1950.000000	105.219	-141.5105
1975.000000	105.364	-142.4496
2000.000000	105.499	-143.4692
2030.000000	105.644	-144.7886
2060.000000	105.771	-146.1995
2090.000000	105.875	-147.6891
2120.000000	105.957	-149.2330
2140.000000	105.998	-150.2909
2180.000000	106.046	-152.4311
2200.000000	106.053	-153.4977
2240.000000	106.034	-155.6172
2270.000000	105.992	-157.1664
2300.000000	105.926	-158.6502
2330.000000	105.839	-160.0677
2360.000000	105.731	-161.3807
2400.000000	105.562	-162.9818
2430.000000	105.420	-164.0485
2470.000000	105.210	-165.2966
2500.000000	105.044	-166.0814
2540.000000	104.812	-166.9624
2580.000000	104.574	-167.6161
2620.000000	104.334	-168.0920
2650.000000	104.155	-168.3317
2690.000000	103.917	-168.4830
2720.000000	103.744	-168.4953
2760.000000	103.516	-168.3771
2800.000000	103.297	-168.1384
2850.000000	103.036	-167.6506
2900.000000	102.793	-166.9884
2950.000000	102.568	-166.1642
3000.000000	102.367	-165.2197
3040.000000	102.225	-164.4179
3070.000000	102.129	-163.7887
3110.000000	102.008	-162.9446
3150.000000	101.895	-162.1001
3200.000000	101.768	-161.0022
3250.000000	101.651	-159.8707
3300.000000	101.546	-158.7160
3350.000000	101.456	-157.5379
3400.000000	101.376	-156.3410
3450.000000	101.307	-155.1187
3500.000000	101.246	-153.9121
3550.000000	101.199	-152.6702
3600.000000	101.158	-151.4230
3650.000000	101.132	-150.1659
3700.000000	101.111	-148.8934
3750.000000	101.105	-147.6100
3820.000000	101.119	-145.8380
3870.000000	101.142	-144.6076
3950.000000	101.197	-142.7255
4000.000000	101.236	-141.5644
4060.000000	101.292	-140.2054
4120.000000	101.353	-138.8430
4180.000000	101.428	-137.4583
4250.000000	101.531	-135.8691
4310.000000	101.634	-134.5248
4370.000000	101.747	-133.2138
4440.000000	101.899	-131.7025
4500.000000	102.042	-130.4314
4550.000000	102.172	-129.3922
4620.000000	102.372	-127.9480
4680.000000	102.566	-126.7588
4750.000000	102.817	-125.4207
4820.000000	103.102	-124.1622
4870.000000	103.327	-123.3669
4940.000000	103.670	-122.4092
5000.000000	103.987	-121.7711
5080.000000	104.437	-121.2265
5150.000000	104.852	-121.0444
5220.000000	105.287	-121.1860
5300.000000	105.803	-121.7763
5380.000000	106.333	-122.9046
5450.000000	106.793	-124.4299
5520.000000	107.237	-126.4610
5600.000000	107.699	-129.4244
5700.000000	108.165	-134.0297
5800.000000	108.457	-139.3506
5900.000000	108.543	-144.9716
6000.000000	108.425	-150.4078
6080.000000	108.203	-154.3305
6150.000000	107.938	-157.3137
6220.000000	107.629	-159.8342
6300.000000	107.244	-162.1364
6400.000000	106.751	-164.1763
6500.000000	106.276	-165.4001
6600.000000	105.849	-165.9283
6700.000000	105.484	-165.8888
6800.000000	105.199	-165.4505
6900.000000	105.007	-164.7266
7000.000000	104.908	-163.8677
7100.000000	104.913	-163.0084
7200.000000	105.026	-162.3180
7300.000000	105.245	-161.9940
7400.000000	105.562	-162.1679
7500.000000	105.980	-163.0073
7620.000000	106.603	-165.2944
7750.000000	107.383	-170.1004
7880.000000	108.115	-178.1939
8000.000000	108.488	171.1520
8120.000000	108.274	158.5925
8250.000000	107.295	145.7389
8380.000000	105.810	135.9368
8500.000000	104.271	129.8257
8620.000000	102.719	126.0556
8750.000000	101.111	124.0222
8850.000000	99.952	123.5599
9000.000000	98.369	124.1995
9120.000000	97.243	125.4942
9250.000000	96.127	127.4082
9380.000000	95.135	129.6952
9500.000000	94.307	132.1262
9620.000000	93.567	134.6276
9750.000000	92.840	137.5222
9880.000000	92.202	140.5736
10000.000000	91.669	143.1445
10150.000000	91.099	146.8192
10300.000000	90.612	150.3173
10440.000000	90.227	153.5222
10600.000000	89.891	157.1644
10750.000000	89.656	160.3747
10900.000000	89.500	163.5680
11060.000000	89.390	166.6812
11200.000000	89.385	169.3688
11380.000000	89.495	172.5408
11500.000000	89.596	174.5762
11720.000000	90.017	177.6880
11800.000000	90.208	178.6702
12060.000000	91.061	-178.8294
12200.000000	91.677	-177.9525
12410.000000	92.847	-177.8344
12500.000000	93.460	-178.2188
12650.000000	94.634	-179.8017
12800.000000	96.072	176.9532
13150.000000	100.422	155.8022
13200.000000	101.065	150.0178
13400.000000	102.506	117.9315
13600.000000	101.015	85.7754
13800.000000	98.429	66.3537
14000.000000	96.209	54.9681
14300.000000	93.918	42.5227
14500.000000	92.780	32.0744
14750.000000	89.143	23.3567
15000.000000	89.599	32.7240
15250.000000	90.885	25.4593
15500.000000	92.509	12.3446
15750.000000	94.575	-9.5248
16000.000000	96.270	-43.8616
16250.000000	96.091	-87.2092
16500.000000	93.940	-127.0300
16750.000000	91.166	-159.1689
17000.000000	88.504	173.3335
17250.000000	86.157	148.2547
17500.000000	84.118	123.3296
17750.000000	82.430	97.5306
18000.000000	80.976	70.4233
18250.000000	79.839	39.8624
18500.000000	79.014	5.9481
18750.000000	78.351	-33.0576
19000.000000	77.983	-79.0931
19250.000000	77.509	-132.8562
19500.000000	77.147	162.1934
19750.000000	76.385	84.1545
