* Measurement data measured by REW V5.31.3
* Source: USB-C to 3.5mm Headphone Jack Adapter, , 0, volume: 0.138
* Format: 256k Log Swept Sine, 1 sweep at -12.0 dBFS with no timing reference
* Dated: Nov 6, 2025 10:36:04 PM
* REW Settings:
*  C-weighting compensation: Off
*  Target level: 75.0 dB
* Note: ; 
* Measurement: R
* Smoothing: None
* Frequency Step: 1/48 octave
* Start Frequency: 20.000 Hz
*
* Freq(Hz)	SPL(dB)	Phase(degrees)
20.000000	102.753	6.6348
20.299999	102.745	5.9285
20.600000	102.727	5.2780
20.900000	102.706	4.7078
21.200001	102.690	4.2081
21.400000	102.683	3.8952
21.799999	102.679	3.2611
22.000000	102.679	2.9234
22.400000	102.674	2.2091
22.700001	102.663	1.6705
23.000000	102.645	1.1667
23.299999	102.624	0.7199
23.600000	102.606	0.3282
24.000000	102.594	-0.1584
24.299999	102.592	-0.5482
24.700001	102.591	-1.1494
25.000000	102.584	-1.6519
25.400000	102.559	-2.3304
25.799999	102.521	-2.9354
26.200001	102.483	-3.4391
26.500000	102.463	-3.7849
26.900000	102.447	-4.2845
27.200001	102.436	-4.7238
27.600000	102.410	-5.3741
28.000000	102.365	-6.0047
28.500000	102.294	-6.6049
29.000000	102.240	-6.9832
29.500000	102.223	-7.3181
30.000000	102.228	-7.7832
30.400000	102.232	-8.2583
30.700001	102.231	-8.6528
31.100000	102.223	-9.2096
31.500000	102.202	-9.7797
32.000000	102.152	-10.4171
32.500000	102.091	-10.8140
33.000000	102.059	-10.9720
33.500000	102.082	-11.2119
34.000000	102.117	-11.8843
34.500000	102.093	-12.8958
35.000000	101.990	-13.7375
35.500000	101.870	-14.0631
36.000000	101.806	-14.1101
36.500000	101.793	-14.3736
37.000000	101.767	-14.9573
37.500000	101.697	-15.5266
38.200001	101.601	-15.8922
38.700001	101.581	-16.1130
39.500000	101.566	-16.9478
40.000000	101.524	-17.5678
40.599998	101.458	-18.1627
41.200001	101.397	-18.6447
41.799999	101.340	-19.0714
42.500000	101.282	-19.5177
43.099998	101.235	-19.9464
43.700001	101.170	-20.3754
44.400002	101.089	-20.6625
45.000000	101.049	-20.8461
45.500000	101.027	-21.1504
46.200001	100.968	-21.7446
46.799999	100.893	-22.1396
47.500000	100.822	-22.4516
48.200001	100.771	-22.8666
48.700001	100.728	-23.2330
49.400002	100.652	-23.6888
50.000000	100.588	-23.9644
50.799999	100.527	-24.2462
51.500000	100.495	-24.6173
52.200001	100.443	-25.1663
53.000000	100.340	-25.6570
53.799999	100.251	-25.8377
54.500000	100.205	-26.0677
55.200001	100.150	-26.4708
56.000000	100.061	-26.8983
57.000000	99.949	-27.2680
58.000000	99.852	-27.5539
59.000000	99.782	-27.8429
60.000000	99.711	-28.3742
60.799999	99.618	-28.7434
61.500000	99.542	-28.8629
62.200001	99.491	-28.9910
63.000000	99.429	-29.3114
64.000000	99.320	-29.6402
65.000000	99.225	-29.8650
66.000000	99.129	-30.1513
67.000000	99.037	-30.4040
68.000000	98.940	-30.7084
69.000000	98.840	-30.8816
70.000000	98.758	-31.0687
71.000000	98.668	-31.2749
72.000000	98.583	-31.4362
73.000000	98.492	-31.6291
74.000000	98.399	-31.7653
75.000000	98.308	-31.9167
76.199997	98.195	-32.0476
77.500000	98.084	-32.1793
78.800003	97.969	-32.3769
80.000000	97.850	-32.4271
81.199997	97.763	-32.4119
82.500000	97.658	-32.5631
83.800003	97.544	-32.5850
85.000000	97.444	-32.6028
86.199997	97.338	-32.6046
87.500000	97.232	-32.5391
88.500000	97.156	-32.5413
90.000000	97.030	-32.5905
91.199997	96.925	-32.4735
92.500000	96.833	-32.3886
93.800003	96.743	-32.2159
95.000000	96.671	-32.2547
96.199997	96.561	-32.1846
97.500000	96.467	-32.0064
98.800003	96.367	-31.8739
100.000000	96.283	-31.6836
101.500000	96.185	-31.5111
103.000000	96.082	-31.2550
104.400002	95.994	-31.0372
106.000000	95.884	-30.7803
107.500000	95.788	-30.5092
109.000000	95.683	-30.3186
110.599998	95.623	-29.9676
112.000000	95.525	-29.8354
113.800003	95.474	-29.3865
115.000000	95.396	-29.2507
117.199997	95.254	-28.7017
118.000000	95.206	-28.3946
120.599998	95.053	-28.0019
122.000000	95.015	-27.5560
124.099998	94.940	-27.0760
125.000000	94.897	-26.9994
126.500000	94.835	-26.4949
128.000000	94.770	-26.2307
131.500000	94.628	-25.3443
132.000000	94.622	-25.2227
134.000000	94.546	-24.7828
136.000000	94.492	-24.4400
138.000000	94.422	-23.6906
140.000000	94.404	-23.3426
143.000000	94.322	-22.5583
145.000000	94.253	-22.1194
147.500000	94.208	-21.5214
150.000000	94.160	-20.9872
152.500000	94.111	-20.4074
155.000000	94.078	-19.8194
157.500000	94.044	-19.2738
160.000000	94.010	-18.7594
162.500000	93.976	-18.1882
165.000000	93.951	-17.7554
167.500000	93.928	-17.2616
170.000000	93.905	-16.8372
172.500000	93.894	-16.3360
175.000000	93.880	-15.8790
177.500000	93.881	-15.3942
180.000000	93.867	-14.9111
182.500000	93.847	-14.5918
185.000000	93.845	-14.1284
187.500000	93.841	-13.7981
190.000000	93.827	-13.4449
192.500000	93.851	-13.0731
195.000000	93.835	-12.7578
197.500000	93.836	-12.4864
200.000000	93.836	-12.1216
203.000000	93.841	-11.7859
206.000000	93.835	-11.4246
209.000000	93.837	-11.0078
212.000000	93.839	-10.7568
214.000000	93.843	-10.5353
218.000000	93.853	-10.1545
220.000000	93.854	-9.9443
224.000000	93.858	-9.5540
227.000000	93.862	-9.3216
230.000000	93.870	-8.9908
233.000000	93.882	-8.7234
236.000000	93.896	-8.4677
240.000000	93.921	-8.1506
243.000000	93.945	-7.9843
247.000000	93.945	-7.7870
250.000000	93.989	-7.5432
254.000000	93.995	-7.4891
258.000000	94.009	-7.4281
262.000000	94.019	-7.2453
265.000000	94.015	-7.1262
269.000000	94.013	-6.9702
272.000000	94.029	-6.9411
276.000000	94.028	-6.7897
280.000000	94.021	-6.6899
285.000000	94.026	-6.5603
290.000000	94.026	-6.4089
295.000000	94.022	-6.3221
300.000000	94.020	-6.1623
304.000000	94.019	-6.1318
307.000000	94.015	-6.0255
311.000000	94.011	-5.9301
315.000000	94.005	-5.8510
320.000000	93.995	-5.7357
325.000000	93.989	-5.6416
330.000000	93.975	-5.5058
335.000000	93.967	-5.4219
340.000000	93.956	-5.3225
345.000000	93.946	-5.2091
350.000000	93.930	-5.0867
355.000000	93.921	-4.9791
360.000000	93.907	-4.8568
365.000000	93.894	-4.7531
370.000000	93.881	-4.6154
375.000000	93.873	-4.4942
382.000000	93.860	-4.3312
387.000000	93.851	-4.2227
395.000000	93.840	-4.0678
400.000000	93.828	-4.0004
406.000000	93.816	-3.9137
412.000000	93.796	-3.8601
418.000000	93.777	-3.7653
425.000000	93.748	-3.6929
431.000000	93.725	-3.5485
437.000000	93.701	-3.4523
444.000000	93.672	-3.3278
450.000000	93.644	-3.2084
455.000000	93.624	-3.0792
462.000000	93.595	-2.9038
468.000000	93.569	-2.7677
475.000000	93.541	-2.6015
482.000000	93.512	-2.4260
487.000000	93.486	-2.2859
494.000000	93.462	-2.1048
500.000000	93.437	-1.9669
508.000000	93.401	-1.7300
515.000000	93.371	-1.5391
522.000000	93.340	-1.3199
530.000000	93.306	-1.0754
538.000000	93.273	-0.8447
545.000000	93.239	-0.6199
552.000000	93.212	-0.3844
560.000000	93.176	-0.1005
570.000000	93.134	0.2525
580.000000	93.090	0.6041
590.000000	93.048	0.9719
600.000000	93.006	1.3447
608.000000	92.973	1.6589
615.000000	92.944	1.9789
622.000000	92.915	2.2662
630.000000	92.882	2.6295
640.000000	92.844	3.0606
650.000000	92.806	3.5046
660.000000	92.769	3.9838
670.000000	92.735	4.4594
680.000000	92.703	4.9968
690.000000	92.671	5.5215
700.000000	92.642	6.0078
710.000000	92.614	6.5839
720.000000	92.591	7.1731
730.000000	92.564	7.7164
740.000000	92.546	8.3146
750.000000	92.529	8.9109
762.000000	92.509	9.6402
775.000000	92.497	10.5048
788.000000	92.493	11.3672
800.000000	92.495	12.1331
812.000000	92.512	12.9399
825.000000	92.539	13.7671
838.000000	92.575	14.5867
850.000000	92.618	15.3433
862.000000	92.663	15.9585
875.000000	92.717	16.5647
885.000000	92.762	16.9968
900.000000	92.818	17.5531
912.000000	92.851	17.9730
925.000000	92.885	18.4677
938.000000	92.913	18.9294
950.000000	92.935	19.4190
962.000000	92.961	19.9280
975.000000	92.994	20.4821
988.000000	93.028	21.0401
1000.000000	93.062	21.5805
1015.000000	93.115	22.2469
1030.000000	93.169	22.8987
1044.000000	93.226	23.4561
1060.000000	93.298	24.1131
1075.000000	93.371	24.6886
1090.000000	93.442	25.2059
1106.000000	93.526	25.7617
1120.000000	93.600	26.1681
1138.000000	93.694	26.6508
1150.000000	93.758	26.9557
1172.000000	93.876	27.4728
1180.000000	93.918	27.6323
1206.000000	94.046	28.0993
1220.000000	94.114	28.3174
1241.000000	94.213	28.5908
1250.000000	94.255	28.7058
1265.000000	94.318	28.8856
1280.000000	94.384	29.0453
1315.000000	94.513	29.3885
1320.000000	94.532	29.4326
1340.000000	94.597	29.5981
1360.000000	94.660	29.7658
1380.000000	94.721	29.9303
1400.000000	94.779	30.1045
1430.000000	94.855	30.3611
1450.000000	94.903	30.5488
1475.000000	94.959	30.7866
1500.000000	95.014	31.0482
1525.000000	95.065	31.3232
1550.000000	95.118	31.5995
1575.000000	95.165	31.9044
1600.000000	95.215	32.2433
1625.000000	95.265	32.5793
1650.000000	95.315	32.9633
1675.000000	95.368	33.3115
1700.000000	95.418	33.7138
1725.000000	95.476	34.0815
1750.000000	95.528	34.5090
1775.000000	95.588	34.9043
1800.000000	95.647	35.3192
1825.000000	95.711	35.7486
1850.000000	95.778	36.1732
1875.000000	95.847	36.6115
1900.000000	95.918	37.0503
1925.000000	95.996	37.4869
1950.000000	96.075	37.9151
1975.000000	96.157	38.3512
2000.000000	96.245	38.7952
2030.000000	96.354	39.2728
2060.000000	96.469	39.7551
2090.000000	96.594	40.2236
2120.000000	96.720	40.6680
2140.000000	96.809	40.9451
2180.000000	96.996	41.4793
2200.000000	97.094	41.7254
2240.000000	97.296	42.1361
2270.000000	97.459	42.3904
2300.000000	97.621	42.5973
2330.000000	97.794	42.7295
2360.000000	97.969	42.7940
2400.000000	98.208	42.7835
2430.000000	98.390	42.6790
2470.000000	98.638	42.4008
2500.000000	98.822	42.0927
2540.000000	99.067	41.5451
2580.000000	99.304	40.8418
2620.000000	99.535	39.9524
2650.000000	99.699	39.1670
2690.000000	99.906	37.9912
2720.000000	100.051	37.0058
2760.000000	100.222	35.5338
2800.000000	100.367	33.9461
2850.000000	100.506	31.7823
2900.000000	100.581	29.4984
2950.000000	100.593	27.1957
3000.000000	100.542	25.0224
3040.000000	100.461	23.4363
3070.000000	100.381	22.3736
3110.000000	100.258	21.1296
3150.000000	100.122	20.0751
3200.000000	99.942	19.0170
3250.000000	99.762	18.2049
3300.000000	99.583	17.6089
3350.000000	99.414	17.2059
3400.000000	99.247	16.9552
3450.000000	99.092	16.8531
3500.000000	98.948	16.8897
3550.000000	98.823	17.0466
3600.000000	98.714	17.2893
3650.000000	98.632	17.5892
3700.000000	98.565	17.8446
3750.000000	98.514	18.0889
3820.000000	98.456	18.3481
3870.000000	98.424	18.5148
3950.000000	98.383	18.6854
4000.000000	98.358	18.7496
4060.000000	98.338	18.7447
4120.000000	98.317	18.7041
4180.000000	98.289	18.5961
4250.000000	98.246	18.3936
4310.000000	98.199	18.2186
4370.000000	98.143	18.0597
4440.000000	98.065	17.8822
4500.000000	97.991	17.8110
4550.000000	97.922	17.7715
4620.000000	97.821	17.8053
4680.000000	97.731	17.9443
4750.000000	97.629	18.2398
4820.000000	97.549	18.6426
4870.000000	97.504	18.9730
4940.000000	97.463	19.3766
5000.000000	97.432	19.6416
5080.000000	97.394	19.9113
5150.000000	97.352	20.0780
5220.000000	97.296	20.2335
5300.000000	97.224	20.4674
5380.000000	97.137	20.7725
5450.000000	97.062	21.1680
5520.000000	96.988	21.6329
5600.000000	96.918	22.3258
5700.000000	96.853	23.3247
5800.000000	96.826	24.4644
5900.000000	96.856	25.6302
6000.000000	96.941	26.7196
6080.000000	97.056	27.3989
6150.000000	97.185	27.8136
6220.000000	97.339	27.9460
6300.000000	97.537	27.6810
6400.000000	97.780	26.4122
6500.000000	97.900	23.9617
6600.000000	97.685	21.4006
6700.000000	97.596	21.3709
6800.000000	97.444	18.2028
6900.000000	96.773	16.7703
7000.000000	96.205	19.1858
7100.000000	96.090	22.5969
7200.000000	96.239	24.9651
7300.000000	96.505	26.1300
7400.000000	96.790	26.3395
7500.000000	97.059	25.7077
7620.000000	97.340	24.1840
7750.000000	97.579	21.6917
7880.000000	97.727	18.5473
8000.000000	97.757	15.1725
8120.000000	97.690	11.4675
8250.000000	97.472	7.3487
8380.000000	97.115	3.3961
8500.000000	96.676	0.2040
8620.000000	96.151	-2.4761
8750.000000	95.521	-4.4858
8850.000000	95.026	-5.3998
9000.000000	94.314	-5.8207
9120.000000	93.808	-5.4023
9250.000000	93.348	-4.4680
9380.000000	92.999	-3.1586
9500.000000	92.788	-1.7769
9620.000000	92.639	-0.5973
9750.000000	92.636	0.5354
9880.000000	92.637	-0.8240
10000.000000	92.279	0.3318
10150.000000	92.304	2.2685
10300.000000	92.476	3.2044
10440.000000	92.695	3.3715
10600.000000	92.994	2.7479
10750.000000	93.312	1.3478
10900.000000	93.612	-1.1217
11060.000000	93.823	-4.8235
11200.000000	93.868	-8.4985
11380.000000	93.731	-13.1019
11500.000000	93.570	-15.6076
11720.000000	93.340	-19.2078
11800.000000	93.311	-20.3605
12060.000000	93.425	-25.0510
12200.000000	93.590	-28.8154
12410.000000	93.737	-36.5004
12500.000000	93.729	-40.2763
12650.000000	93.570	-46.9672
12800.000000	93.274	-53.3472
13150.000000	92.457	-65.9259
13200.000000	92.369	-67.4786
13400.000000	92.164	-73.2540
13600.000000	92.254	-79.2266
13800.000000	92.702	-86.1417
14000.000000	93.534	-95.0980
14300.000000	95.382	-115.5028
14500.000000	96.586	-137.2587
14750.000000	96.393	-172.1512
15000.000000	94.456	165.2586
15250.000000	94.122	145.5885
15500.000000	93.946	122.1425
15750.000000	94.166	92.0812
16000.000000	93.391	48.7195
16250.000000	89.743	3.7640
16500.000000	84.675	-30.6573
16750.000000	80.036	-57.0278
17000.000000	76.920	-90.5202
17250.000000	74.126	-141.4872
17500.000000	72.373	158.4489
17750.000000	72.111	100.5499
18000.000000	70.188	53.1606
18250.000000	69.870	23.0280
18500.000000	69.734	-12.6712
18750.000000	69.186	-50.2382
19000.000000	68.752	-96.1135
19250.000000	67.183	-150.8674
19500.000000	66.562	158.0333
19750.000000	64.467	85.6995
