* Measurement data measured by REW V5.31.3
* Source: USB-C to 3.5mm Headphone Jack Adapter, USB-C to 3.5mm Headphone Jack Adapter, 0, volume: 0.138
* Format: 256k Log Swept Sine, 1 sweep at -12.0 dBFS with no timing reference
* Dated: Nov 25, 2024 1:13:28 PM
* REW Settings:
*  C-weighting compensation: Off
*  Target level: 75.0 dB
* Note: ; re-measured against re-tune
* Measurement: re-S2 R
* Smoothing: None
* Frequency Step: 1/48 octave
* Start Frequency: 20.000 Hz
*
* Freq(Hz)	SPL(dB)	Phase(degrees)
20.000000	97.642	-159.9022
20.299999	97.660	-160.8240
20.600000	97.671	-161.7062
20.900000	97.679	-162.5303
21.200001	97.689	-163.3024
21.400000	97.698	-163.8026
21.799999	97.720	-164.8116
22.000000	97.731	-165.3301
22.400000	97.745	-166.3794
22.700001	97.749	-167.1391
23.000000	97.749	-167.8446
23.299999	97.751	-168.4920
23.600000	97.762	-169.1090
24.000000	97.789	-169.9701
24.299999	97.812	-170.6894
24.700001	97.830	-171.7362
25.000000	97.827	-172.5208
25.400000	97.808	-173.4580
25.799999	97.790	-174.2163
26.200001	97.794	-174.8733
26.500000	97.813	-175.3937
26.900000	97.847	-176.2148
27.200001	97.867	-176.9281
27.600000	97.874	-177.9205
28.000000	97.860	-178.8455
28.500000	97.838	-179.8202
29.000000	97.833	179.3043
29.500000	97.840	178.3726
30.000000	97.839	177.3685
30.400000	97.827	176.5820
30.700001	97.814	176.0314
31.100000	97.797	175.3503
31.500000	97.785	174.7026
32.000000	97.773	173.9038
32.500000	97.764	173.1107
33.000000	97.759	172.3160
33.500000	97.756	171.4863
34.000000	97.747	170.6122
34.500000	97.727	169.7449
35.000000	97.702	168.9406
35.500000	97.682	168.1816
36.000000	97.667	167.4049
36.500000	97.647	166.6017
37.000000	97.619	165.8365
37.500000	97.594	165.1465
38.200001	97.575	164.1882
38.700001	97.563	163.4288
39.500000	97.517	162.2426
40.000000	97.487	161.6301
40.599998	97.471	160.9332
41.200001	97.466	160.1197
41.799999	97.444	159.2148
42.500000	97.398	158.2430
43.099998	97.360	157.5151
43.700001	97.331	156.7871
44.400002	97.294	155.9120
45.000000	97.259	155.2022
45.500000	97.234	154.6324
46.200001	97.207	153.7914
46.799999	97.178	153.0285
47.500000	97.136	152.1768
48.200001	97.096	151.3716
48.700001	97.068	150.7958
49.400002	97.024	150.0211
50.000000	96.990	149.3958
50.799999	96.948	148.4992
51.500000	96.891	147.7020
52.200001	96.827	147.0856
53.000000	96.786	146.4537
53.799999	96.753	145.6346
54.500000	96.710	144.9122
55.200001	96.672	144.2167
56.000000	96.625	143.3337
57.000000	96.549	142.3441
58.000000	96.491	141.4006
59.000000	96.424	140.4994
60.000000	96.383	139.6191
60.799999	96.332	138.7874
61.500000	96.278	138.2163
62.200001	96.246	137.6647
63.000000	96.203	136.8453
64.000000	96.112	136.0157
65.000000	96.062	135.2743
66.000000	95.990	134.3733
67.000000	95.923	133.7335
68.000000	95.884	132.9028
69.000000	95.808	132.0277
70.000000	95.735	131.3079
71.000000	95.660	130.5981
72.000000	95.606	129.9646
73.000000	95.558	129.0605
74.000000	95.466	128.2205
75.000000	95.392	127.5731
76.199997	95.307	126.7592
77.500000	95.242	126.0368
78.800003	95.171	125.0215
80.000000	95.076	124.3800
81.199997	95.020	123.6298
82.500000	94.911	122.8124
83.800003	94.839	122.1059
85.000000	94.754	121.3128
86.199997	94.675	120.6289
87.500000	94.588	119.8822
88.500000	94.529	119.3259
90.000000	94.427	118.4790
91.199997	94.354	117.8561
92.500000	94.277	117.1800
93.800003	94.195	116.4484
95.000000	94.126	115.9190
96.199997	94.062	115.1981
97.500000	93.964	114.6116
98.800003	93.882	114.0547
100.000000	93.810	113.5964
101.500000	93.725	112.9294
103.000000	93.635	112.2733
104.400002	93.554	111.7017
106.000000	93.470	110.9984
107.500000	93.376	110.3743
109.000000	93.287	109.8306
110.599998	93.203	109.2660
112.000000	93.126	108.7096
113.800003	93.023	107.9953
115.000000	92.954	107.5813
117.199997	92.857	106.7870
118.000000	92.808	106.4889
120.599998	92.656	105.5457
122.000000	92.599	105.3485
124.099998	92.493	104.6709
125.000000	92.448	104.3799
126.500000	92.374	103.9496
128.000000	92.302	103.5208
131.500000	92.147	102.5675
132.000000	92.125	102.4152
134.000000	92.030	101.9226
136.000000	91.947	101.4465
138.000000	91.858	100.8954
140.000000	91.773	100.4628
143.000000	91.657	99.7774
145.000000	91.574	99.2170
147.500000	91.476	98.7964
150.000000	91.385	98.2358
152.500000	91.288	97.7574
155.000000	91.217	97.3591
157.500000	91.125	96.8390
160.000000	91.053	96.4821
162.500000	90.973	96.0111
165.000000	90.914	95.5977
167.500000	90.827	95.2215
170.000000	90.771	94.7754
172.500000	90.689	94.4567
175.000000	90.623	94.0831
177.500000	90.569	93.7150
180.000000	90.493	93.2194
182.500000	90.443	93.0198
185.000000	90.389	92.7390
187.500000	90.337	92.4330
190.000000	90.282	92.1903
192.500000	90.243	91.9085
195.000000	90.194	91.6376
197.500000	90.151	91.4313
200.000000	90.115	91.1234
203.000000	90.093	90.8161
206.000000	90.056	90.5825
209.000000	90.031	90.1788
212.000000	89.997	89.8252
214.000000	89.980	89.5522
218.000000	89.943	89.0637
220.000000	89.920	88.8036
224.000000	89.874	88.3523
227.000000	89.841	88.0248
230.000000	89.832	87.6618
233.000000	89.809	87.2977
236.000000	89.773	87.0450
240.000000	89.741	86.4896
243.000000	89.720	86.3619
247.000000	89.698	85.9934
250.000000	89.676	85.6397
254.000000	89.642	85.3602
258.000000	89.625	84.9920
262.000000	89.628	84.5547
265.000000	89.621	84.3497
269.000000	89.581	84.0851
272.000000	89.585	83.8608
276.000000	89.578	83.4336
280.000000	89.576	83.0882
285.000000	89.570	82.7117
290.000000	89.567	82.3016
295.000000	89.569	81.7874
300.000000	89.561	81.3572
304.000000	89.562	81.0574
307.000000	89.554	80.7943
311.000000	89.562	80.4395
315.000000	89.559	80.1352
320.000000	89.565	79.7017
325.000000	89.560	79.2997
330.000000	89.565	78.8906
335.000000	89.565	78.5250
340.000000	89.567	78.1479
345.000000	89.574	77.7679
350.000000	89.579	77.3900
355.000000	89.581	77.0604
360.000000	89.583	76.7095
365.000000	89.593	76.2892
370.000000	89.602	75.9927
375.000000	89.603	75.6265
382.000000	89.617	75.1290
387.000000	89.623	74.7684
395.000000	89.632	74.1912
400.000000	89.637	73.8838
406.000000	89.638	73.5307
412.000000	89.642	73.1297
418.000000	89.637	72.7759
425.000000	89.645	72.3680
431.000000	89.645	72.0141
437.000000	89.646	71.6540
444.000000	89.652	71.2818
450.000000	89.653	70.9593
455.000000	89.651	70.7048
462.000000	89.653	70.3812
468.000000	89.663	70.0417
475.000000	89.653	69.6955
482.000000	89.650	69.4268
487.000000	89.648	69.1915
494.000000	89.643	68.8856
500.000000	89.641	68.6874
508.000000	89.633	68.3616
515.000000	89.627	68.1029
522.000000	89.623	67.8832
530.000000	89.609	67.5802
538.000000	89.606	67.3766
545.000000	89.596	67.1590
552.000000	89.583	67.0264
560.000000	89.574	66.8489
570.000000	89.563	66.6351
580.000000	89.553	66.5210
590.000000	89.540	66.3046
600.000000	89.523	66.1903
608.000000	89.512	66.0812
615.000000	89.496	65.9685
622.000000	89.492	65.8979
630.000000	89.478	65.8608
640.000000	89.466	65.8268
650.000000	89.451	65.7876
660.000000	89.439	65.6932
670.000000	89.419	65.8033
680.000000	89.402	65.8018
690.000000	89.387	65.8493
700.000000	89.365	65.9452
710.000000	89.354	65.9904
720.000000	89.325	66.0861
730.000000	89.312	66.3048
740.000000	89.291	66.4880
750.000000	89.281	66.6053
762.000000	89.260	66.9133
775.000000	89.236	67.1058
788.000000	89.229	67.5596
800.000000	89.212	67.8349
812.000000	89.207	68.0998
825.000000	89.177	68.5887
838.000000	89.170	69.0878
850.000000	89.155	69.5331
862.000000	89.146	69.9990
875.000000	89.142	70.6324
885.000000	89.149	71.2343
900.000000	89.137	71.9189
912.000000	89.167	72.6262
925.000000	89.189	73.2983
938.000000	89.227	74.0716
950.000000	89.268	74.6379
962.000000	89.333	75.3096
975.000000	89.386	75.9806
988.000000	89.448	76.5768
1000.000000	89.518	77.1064
1015.000000	89.598	77.6563
1030.000000	89.677	78.1681
1044.000000	89.757	78.6906
1060.000000	89.843	79.1937
1075.000000	89.922	79.6675
1090.000000	90.006	80.1266
1106.000000	90.081	80.5325
1120.000000	90.162	80.9215
1138.000000	90.260	81.2990
1150.000000	90.316	81.5668
1172.000000	90.424	82.0058
1180.000000	90.461	82.1558
1206.000000	90.576	82.5957
1220.000000	90.631	82.8134
1241.000000	90.712	83.1322
1250.000000	90.743	83.2436
1265.000000	90.792	83.4753
1280.000000	90.843	83.6840
1315.000000	90.938	84.1702
1320.000000	90.953	84.2707
1340.000000	90.990	84.5698
1360.000000	91.028	84.8961
1380.000000	91.061	85.2527
1400.000000	91.092	85.6045
1430.000000	91.130	86.1904
1450.000000	91.155	86.6245
1475.000000	91.181	87.2081
1500.000000	91.206	87.8412
1525.000000	91.224	88.4909
1550.000000	91.244	89.1877
1575.000000	91.270	89.9276
1600.000000	91.293	90.6803
1625.000000	91.316	91.5197
1650.000000	91.338	92.3412
1675.000000	91.369	93.1877
1700.000000	91.401	94.1006
1725.000000	91.436	94.9967
1750.000000	91.470	95.9241
1775.000000	91.510	96.8558
1800.000000	91.559	97.8310
1825.000000	91.606	98.7988
1850.000000	91.660	99.7561
1875.000000	91.706	100.7631
1900.000000	91.771	101.7148
1925.000000	91.834	102.7303
1950.000000	91.902	103.7072
1975.000000	91.973	104.7100
2000.000000	92.048	105.6853
2030.000000	92.139	106.8669
2060.000000	92.242	108.0199
2090.000000	92.348	109.1538
2120.000000	92.457	110.2892
2140.000000	92.530	111.0297
2180.000000	92.694	112.4667
2200.000000	92.775	113.2103
2240.000000	92.950	114.5782
2270.000000	93.083	115.5793
2300.000000	93.223	116.5098
2330.000000	93.368	117.4798
2360.000000	93.520	118.3293
2400.000000	93.726	119.4299
2430.000000	93.882	120.1677
2470.000000	94.098	121.1061
2500.000000	94.255	121.7443
2540.000000	94.471	122.4800
2580.000000	94.694	123.1268
2620.000000	94.909	123.6563
2650.000000	95.066	123.9486
2690.000000	95.279	124.2407
2720.000000	95.433	124.3939
2760.000000	95.627	124.4858
2800.000000	95.811	124.4454
2850.000000	96.022	124.2675
2900.000000	96.207	123.9357
2950.000000	96.368	123.5024
3000.000000	96.496	122.9609
3040.000000	96.575	122.4836
3070.000000	96.625	122.1268
3110.000000	96.670	121.6467
3150.000000	96.697	121.1500
3200.000000	96.703	120.5833
3250.000000	96.681	120.0746
3300.000000	96.639	119.6584
3350.000000	96.579	119.3337
3400.000000	96.507	119.1135
3450.000000	96.416	118.9952
3500.000000	96.318	118.9599
3550.000000	96.216	119.0250
3600.000000	96.110	119.1812
3650.000000	96.001	119.4249
3700.000000	95.887	119.7390
3750.000000	95.778	120.1379
3820.000000	95.618	120.7365
3870.000000	95.513	121.2402
3950.000000	95.336	122.1114
4000.000000	95.227	122.6844
4060.000000	95.095	123.3982
4120.000000	94.958	124.1557
4180.000000	94.818	124.9241
4250.000000	94.648	125.8497
4310.000000	94.485	126.7351
4370.000000	94.319	127.6656
4440.000000	94.115	128.9283
4500.000000	93.937	130.1431
4550.000000	93.787	131.2706
4620.000000	93.587	133.0383
4680.000000	93.426	134.6848
4750.000000	93.259	136.8410
4820.000000	93.127	139.0105
4870.000000	93.049	140.6895
4940.000000	92.966	142.9561
5000.000000	92.916	144.9343
5080.000000	92.882	147.5200
5150.000000	92.872	149.7405
5220.000000	92.887	151.9031
5300.000000	92.935	154.1860
5380.000000	92.995	156.3463
5450.000000	93.058	158.0249
5520.000000	93.128	159.5662
5600.000000	93.199	161.1479
5700.000000	93.266	162.9006
5800.000000	93.313	164.4379
5900.000000	93.326	165.8779
6000.000000	93.297	167.3116
6080.000000	93.247	168.5124
6150.000000	93.200	169.6268
6220.000000	93.144	170.8668
6300.000000	93.077	172.3721
6400.000000	93.004	174.3519
6500.000000	92.945	176.4761
6600.000000	92.906	178.5923
6700.000000	92.871	-179.2344
6800.000000	92.863	-177.0647
6900.000000	92.872	-174.8578
7000.000000	92.911	-172.5609
7100.000000	93.007	-170.3328
7200.000000	93.161	-168.2286
7300.000000	93.378	-166.4080
7400.000000	93.659	-165.1292
7500.000000	93.949	-164.5382
7620.000000	94.317	-164.7395
7750.000000	94.665	-166.1811
7880.000000	94.856	-168.8074
8000.000000	94.865	-171.8017
8120.000000	94.682	-174.7778
8250.000000	94.298	-177.4798
8380.000000	93.812	-179.2760
8500.000000	93.332	179.9347
8620.000000	92.843	179.8232
8750.000000	92.338	-179.4889
8850.000000	91.986	-178.5517
9000.000000	91.566	-176.5402
9120.000000	91.318	-174.6051
9250.000000	91.126	-172.4928
9380.000000	91.001	-170.3562
9500.000000	90.948	-168.5385
9620.000000	90.952	-166.8754
9750.000000	90.997	-165.6134
9880.000000	91.040	-164.3358
10000.000000	91.074	-163.9001
10150.000000	91.037	-163.7598
10300.000000	90.868	-163.8778
10440.000000	90.610	-163.7336
10600.000000	90.236	-163.0661
10750.000000	89.837	-162.0663
10900.000000	89.379	-160.8143
11060.000000	88.866	-158.8577
11200.000000	88.384	-156.9093
11380.000000	87.786	-153.9938
11500.000000	87.377	-151.9222
11720.000000	86.631	-147.8079
11800.000000	86.342	-146.3850
12060.000000	85.350	-141.0961
12200.000000	84.822	-137.8693
12410.000000	84.051	-132.4576
12500.000000	83.745	-130.0743
12650.000000	83.285	-125.8975
12800.000000	82.872	-121.8321
13150.000000	82.258	-112.5179
13200.000000	82.211	-111.1874
13400.000000	82.100	-106.6090
13600.000000	82.178	-102.7554
13800.000000	82.451	-99.8078
14000.000000	82.936	-97.9716
14300.000000	84.132	-97.4365
14500.000000	85.302	-99.5422
14750.000000	87.217	-106.0047
15000.000000	89.421	-119.5492
15250.000000	91.263	-142.9242
15500.000000	91.282	-171.3795
15750.000000	89.845	166.3501
16000.000000	88.229	151.6595
16250.000000	86.954	141.3368
16500.000000	86.240	132.6331
16750.000000	86.215	121.2922
17000.000000	86.103	103.7934
17250.000000	85.115	83.7775
17500.000000	83.758	66.9014
17750.000000	82.813	50.9400
18000.000000	82.267	31.8595
18250.000000	81.974	8.9683
18500.000000	82.092	-22.2854
18750.000000	81.710	-65.4330
19000.000000	79.917	-116.5531
19250.000000	77.073	-170.6371
19500.000000	73.613	126.4788
19750.000000	68.925	53.7753
