* Measurement data measured by REW V5.31.3
* Source: USB-C to 3.5mm Headphone Jack Adapter, USB-C to 3.5mm Headphone Jack Adapter, 0, volume: 0.138
* Format: 256k Log Swept Sine, 1 sweep at -12.0 dBFS with no timing reference
* Dated: Nov 25, 2024 1:16:59 PM
* REW Settings:
*  C-weighting compensation: Off
*  Target level: 75.0 dB
* Note: ; re-measured against re-tune  stock orange core + black dome tips
* Measurement: re-S2 L
* Smoothing: None
* Frequency Step: 1/48 octave
* Start Frequency: 20.000 Hz
*
* Freq(Hz)	SPL(dB)	Phase(degrees)
20.000000	97.398	-158.6712
20.299999	97.420	-159.5295
20.600000	97.440	-160.3699
20.900000	97.458	-161.1902
21.200001	97.475	-161.9929
21.400000	97.487	-162.5205
21.799999	97.508	-163.5615
22.000000	97.518	-164.0753
22.400000	97.538	-165.0885
22.700001	97.552	-165.8361
23.000000	97.566	-166.5760
23.299999	97.579	-167.3121
23.600000	97.592	-168.0469
24.000000	97.606	-169.0216
24.299999	97.614	-169.7414
24.700001	97.623	-170.6750
25.000000	97.629	-171.3542
25.400000	97.637	-172.2387
25.799999	97.646	-173.1116
26.200001	97.653	-173.9758
26.500000	97.657	-174.6123
26.900000	97.660	-175.4354
27.200001	97.661	-176.0321
27.600000	97.664	-176.8078
28.000000	97.666	-177.5712
28.500000	97.666	-178.5098
29.000000	97.663	-179.4144
29.500000	97.661	179.7148
30.000000	97.661	178.8419
30.400000	97.659	178.1247
30.700001	97.654	177.5813
31.100000	97.644	176.8676
31.500000	97.632	176.1799
32.000000	97.618	175.3431
32.500000	97.607	174.4930
33.000000	97.592	173.6207
33.500000	97.573	172.7625
34.000000	97.554	171.9439
34.500000	97.540	171.1428
35.000000	97.530	170.3266
35.500000	97.518	169.5015
36.000000	97.504	168.6958
36.500000	97.492	167.9130
37.000000	97.480	167.1341
37.500000	97.465	166.3602
38.200001	97.439	165.3387
38.700001	97.421	164.6611
39.500000	97.400	163.5828
40.000000	97.384	162.8935
40.599998	97.359	162.0858
41.200001	97.333	161.3118
41.799999	97.308	160.5437
42.500000	97.278	159.6295
43.099998	97.249	158.8461
43.700001	97.217	158.0819
44.400002	97.180	157.2195
45.000000	97.150	156.5071
45.500000	97.128	155.9283
46.200001	97.104	155.1035
46.799999	97.081	154.3530
47.500000	97.044	153.4798
48.200001	97.002	152.6861
48.700001	96.976	152.1365
49.400002	96.935	151.3453
50.000000	96.895	150.7227
50.799999	96.861	149.9562
51.500000	96.841	149.0767
52.200001	96.776	148.1079
53.000000	96.678	147.4382
53.799999	96.654	146.9619
54.500000	96.656	146.1743
55.200001	96.617	145.2566
56.000000	96.555	144.4444
57.000000	96.502	143.4832
58.000000	96.433	142.5458
59.000000	96.386	141.7667
60.000000	96.343	140.8490
60.799999	96.301	140.2459
61.500000	96.295	139.6909
62.200001	96.284	138.8457
63.000000	96.204	137.8723
64.000000	96.102	137.2159
65.000000	96.053	136.4456
66.000000	95.973	135.6161
67.000000	95.912	134.8964
68.000000	95.849	134.0544
69.000000	95.785	133.2741
70.000000	95.723	132.4610
71.000000	95.658	131.7185
72.000000	95.600	130.9670
73.000000	95.535	130.2343
74.000000	95.475	129.5435
75.000000	95.412	128.8218
76.199997	95.333	128.0116
77.500000	95.254	127.1342
78.800003	95.177	126.2457
80.000000	95.099	125.4370
81.199997	95.024	124.6827
82.500000	94.944	123.8916
83.800003	94.867	123.0894
85.000000	94.789	122.3542
86.199997	94.714	121.6580
87.500000	94.636	120.8943
88.500000	94.573	120.3066
90.000000	94.483	119.4948
91.199997	94.411	118.8195
92.500000	94.332	118.1432
93.800003	94.253	117.4519
95.000000	94.180	116.8500
96.199997	94.108	116.2328
97.500000	94.033	115.5972
98.800003	93.956	114.9524
100.000000	93.889	114.3979
101.500000	93.803	113.6944
103.000000	93.721	113.0136
104.400002	93.638	112.3873
106.000000	93.547	111.7086
107.500000	93.463	111.0830
109.000000	93.381	110.4418
110.599998	93.293	109.8037
112.000000	93.220	109.2470
113.800003	93.124	108.5489
115.000000	93.057	108.1026
117.199997	92.941	107.2842
118.000000	92.902	107.0185
120.599998	92.745	106.0974
122.000000	92.701	105.6472
124.099998	92.600	104.9372
125.000000	92.547	104.6451
126.500000	92.481	104.2623
128.000000	92.410	103.7974
131.500000	92.246	102.7404
132.000000	92.224	102.5883
134.000000	92.134	102.0218
136.000000	92.045	101.4963
138.000000	91.961	100.9729
140.000000	91.877	100.4758
143.000000	91.750	99.7451
145.000000	91.673	99.2696
147.500000	91.576	98.6802
150.000000	91.482	98.1356
152.500000	91.395	97.6277
155.000000	91.303	97.1127
157.500000	91.216	96.6201
160.000000	91.136	96.1330
162.500000	91.057	95.6667
165.000000	90.978	95.2599
167.500000	90.902	94.8449
170.000000	90.828	94.4586
172.500000	90.763	94.0495
175.000000	90.694	93.6588
177.500000	90.640	93.3040
180.000000	90.577	93.0659
182.500000	90.502	92.5983
185.000000	90.452	92.2641
187.500000	90.393	91.9308
190.000000	90.347	91.5706
192.500000	90.293	91.2885
195.000000	90.245	91.0070
197.500000	90.206	90.7264
200.000000	90.160	90.4319
203.000000	90.117	90.1315
206.000000	90.078	89.8174
209.000000	90.047	89.5077
212.000000	90.012	89.1637
214.000000	89.989	88.9213
218.000000	89.956	88.4148
220.000000	89.932	88.1870
224.000000	89.890	87.7171
227.000000	89.860	87.3192
230.000000	89.827	87.0300
233.000000	89.796	86.6936
236.000000	89.771	86.3731
240.000000	89.743	86.1426
243.000000	89.712	85.6613
247.000000	89.680	85.2372
250.000000	89.660	84.9528
254.000000	89.630	84.5932
258.000000	89.611	84.2416
262.000000	89.586	83.8843
265.000000	89.572	83.6529
269.000000	89.557	83.2781
272.000000	89.542	83.0145
276.000000	89.528	82.6917
280.000000	89.515	82.3563
285.000000	89.509	81.9339
290.000000	89.501	81.5021
295.000000	89.491	81.0611
300.000000	89.490	80.6733
304.000000	89.480	80.3167
307.000000	89.477	80.0988
311.000000	89.468	79.8153
315.000000	89.468	79.4796
320.000000	89.462	79.1456
325.000000	89.458	78.7421
330.000000	89.459	78.3925
335.000000	89.463	78.0200
340.000000	89.472	77.6404
345.000000	89.475	77.3267
350.000000	89.477	76.9633
355.000000	89.478	76.6017
360.000000	89.478	76.2418
365.000000	89.484	75.9044
370.000000	89.484	75.5829
375.000000	89.490	75.2571
382.000000	89.496	74.7793
387.000000	89.504	74.4815
395.000000	89.505	73.9581
400.000000	89.512	73.6537
406.000000	89.516	73.3121
412.000000	89.522	73.0076
418.000000	89.528	72.6107
425.000000	89.532	72.2100
431.000000	89.537	71.8663
437.000000	89.537	71.5588
444.000000	89.538	71.2014
450.000000	89.537	70.9036
455.000000	89.539	70.6637
462.000000	89.542	70.3142
468.000000	89.542	70.0444
475.000000	89.541	69.7530
482.000000	89.540	69.4670
487.000000	89.538	69.2557
494.000000	89.538	68.9743
500.000000	89.536	68.7643
508.000000	89.530	68.4653
515.000000	89.527	68.2443
522.000000	89.524	68.0198
530.000000	89.519	67.7892
538.000000	89.514	67.5768
545.000000	89.515	67.3994
552.000000	89.513	67.2314
560.000000	89.501	67.0300
570.000000	89.495	66.8332
580.000000	89.487	66.6295
590.000000	89.478	66.4897
600.000000	89.460	66.2909
608.000000	89.450	66.2375
615.000000	89.450	66.1406
622.000000	89.435	66.0857
630.000000	89.431	66.0170
640.000000	89.414	65.9708
650.000000	89.398	65.9091
660.000000	89.393	65.9102
670.000000	89.369	65.9016
680.000000	89.351	65.9174
690.000000	89.335	65.9926
700.000000	89.323	66.0397
710.000000	89.305	66.1348
720.000000	89.287	66.2303
730.000000	89.271	66.3961
740.000000	89.258	66.5590
750.000000	89.242	66.7044
762.000000	89.224	66.9677
775.000000	89.207	67.2330
788.000000	89.193	67.5706
800.000000	89.168	67.9215
812.000000	89.160	68.2467
825.000000	89.143	68.7185
838.000000	89.131	69.1463
850.000000	89.114	69.6075
862.000000	89.105	70.1382
875.000000	89.094	70.7819
885.000000	89.093	71.2537
900.000000	89.102	72.1276
912.000000	89.131	72.8022
925.000000	89.174	73.5500
938.000000	89.220	74.2832
950.000000	89.270	74.8925
962.000000	89.334	75.4461
975.000000	89.399	76.0274
988.000000	89.462	76.5596
1000.000000	89.534	77.0392
1015.000000	89.606	77.6117
1030.000000	89.687	78.0990
1044.000000	89.759	78.5794
1060.000000	89.842	79.0606
1075.000000	89.929	79.5396
1090.000000	90.006	79.9340
1106.000000	90.093	80.3688
1120.000000	90.162	80.7065
1138.000000	90.258	81.1252
1150.000000	90.318	81.3651
1172.000000	90.422	81.8197
1180.000000	90.461	81.9567
1206.000000	90.569	82.3668
1220.000000	90.636	82.5770
1241.000000	90.708	82.8878
1250.000000	90.741	83.0242
1265.000000	90.797	83.2424
1280.000000	90.841	83.4361
1315.000000	90.937	83.9164
1320.000000	90.945	83.9649
1340.000000	90.997	84.3010
1360.000000	91.033	84.5945
1380.000000	91.072	84.9221
1400.000000	91.100	85.2627
1430.000000	91.141	85.8678
1450.000000	91.165	86.2745
1475.000000	91.193	86.8243
1500.000000	91.217	87.4465
1525.000000	91.243	88.0225
1550.000000	91.261	88.6906
1575.000000	91.286	89.4026
1600.000000	91.305	90.1543
1625.000000	91.329	90.9125
1650.000000	91.360	91.7137
1675.000000	91.385	92.5526
1700.000000	91.419	93.3955
1725.000000	91.451	94.2945
1750.000000	91.486	95.1730
1775.000000	91.525	96.1082
1800.000000	91.565	97.0183
1825.000000	91.616	97.9639
1850.000000	91.664	98.8982
1875.000000	91.714	99.8701
1900.000000	91.778	100.8003
1925.000000	91.837	101.7627
1950.000000	91.901	102.7252
1975.000000	91.972	103.6885
2000.000000	92.045	104.6335
2030.000000	92.136	105.7651
2060.000000	92.233	106.8934
2090.000000	92.334	108.0103
2120.000000	92.441	109.1001
2140.000000	92.516	109.8175
2180.000000	92.672	111.1955
2200.000000	92.749	111.9180
2240.000000	92.919	113.1940
2270.000000	93.049	114.1790
2300.000000	93.183	115.1028
2330.000000	93.320	115.9927
2360.000000	93.461	116.8508
2400.000000	93.660	117.8556
2430.000000	93.806	118.6178
2470.000000	94.006	119.5515
2500.000000	94.160	120.2144
2540.000000	94.375	120.9366
2580.000000	94.580	121.5584
2620.000000	94.789	122.0500
2650.000000	94.945	122.3455
2690.000000	95.141	122.6403
2720.000000	95.291	122.7982
2760.000000	95.472	122.8731
2800.000000	95.646	122.8695
2850.000000	95.839	122.7026
2900.000000	96.009	122.4045
2950.000000	96.149	122.0376
3000.000000	96.262	121.6041
3040.000000	96.329	121.2350
3070.000000	96.367	120.9471
3110.000000	96.407	120.5738
3150.000000	96.428	120.2116
3200.000000	96.432	119.8272
3250.000000	96.418	119.4938
3300.000000	96.386	119.2407
3350.000000	96.339	119.0560
3400.000000	96.284	118.9515
3450.000000	96.211	118.9095
3500.000000	96.132	118.9576
3550.000000	96.046	119.0859
3600.000000	95.958	119.3059
3650.000000	95.864	119.5741
3700.000000	95.766	119.9264
3750.000000	95.667	120.3121
3820.000000	95.535	120.9510
3870.000000	95.436	121.4680
3950.000000	95.285	122.3321
4000.000000	95.185	122.8896
4060.000000	95.069	123.6060
4120.000000	94.943	124.3094
4180.000000	94.814	125.0678
4250.000000	94.650	125.9966
4310.000000	94.506	126.8813
4370.000000	94.346	127.8146
4440.000000	94.148	129.1113
4500.000000	93.990	130.3504
4550.000000	93.848	131.5244
4620.000000	93.664	133.2958
4680.000000	93.520	135.0020
4750.000000	93.373	137.1465
4820.000000	93.264	139.4436
4870.000000	93.205	141.1068
4940.000000	93.158	143.4230
5000.000000	93.152	145.3576
5080.000000	93.162	147.8324
5150.000000	93.194	149.8268
5220.000000	93.242	151.7290
5300.000000	93.318	153.6963
5380.000000	93.396	155.4771
5450.000000	93.474	156.9014
5520.000000	93.546	158.1138
5600.000000	93.614	159.3115
5700.000000	93.671	160.5543
5800.000000	93.680	161.6409
5900.000000	93.634	162.6668
6000.000000	93.534	163.7712
6080.000000	93.431	164.9137
6150.000000	93.334	166.0349
6220.000000	93.232	167.2119
6300.000000	93.116	168.7587
6400.000000	92.982	170.8870
6500.000000	92.874	173.2095
6600.000000	92.797	175.6395
6700.000000	92.753	178.1376
6800.000000	92.738	-179.3985
6900.000000	92.763	-176.8836
7000.000000	92.819	-174.4645
7100.000000	92.906	-172.0097
7200.000000	93.133	-169.3667
7300.000000	93.428	-167.7291
7400.000000	93.725	-166.7372
7500.000000	94.027	-166.2968
7620.000000	94.389	-166.5068
7750.000000	94.724	-167.8827
7880.000000	94.955	-170.3112
8000.000000	95.002	-173.2794
8120.000000	94.864	-176.4026
8250.000000	94.522	-179.3825
8380.000000	94.049	178.5145
8500.000000	93.552	177.3247
8620.000000	93.038	176.8893
8750.000000	92.477	177.2163
8850.000000	92.067	178.0699
9000.000000	91.515	-179.9491
9120.000000	91.171	-177.7748
9250.000000	90.903	-175.2201
9380.000000	90.723	-172.5464
9500.000000	90.626	-170.2808
9620.000000	90.585	-168.1173
9750.000000	90.569	-166.1328
9880.000000	90.597	-164.4156
10000.000000	90.619	-163.1060
10150.000000	90.631	-162.0812
10300.000000	90.569	-161.4501
10440.000000	90.426	-161.0060
10600.000000	90.169	-160.5584
10750.000000	89.837	-160.0391
10900.000000	89.396	-159.1043
11060.000000	88.875	-157.5392
11200.000000	88.383	-155.7978
11380.000000	87.738	-152.9888
11500.000000	87.325	-150.9842
11720.000000	86.537	-146.9724
11800.000000	86.239	-145.3637
12060.000000	85.232	-139.9186
12200.000000	84.698	-136.6821
12410.000000	83.932	-131.1261
12500.000000	83.639	-128.5945
12650.000000	83.175	-124.4419
12800.000000	82.804	-120.1864
13150.000000	82.216	-110.6229
13200.000000	82.140	-109.3312
13400.000000	82.046	-104.5981
13600.000000	82.139	-100.2827
13800.000000	82.425	-96.9546
14000.000000	82.869	-94.8080
14300.000000	84.064	-93.2065
14500.000000	85.196	-94.1443
14750.000000	87.095	-98.5559
15000.000000	89.436	-108.9140
15250.000000	91.936	-129.1800
15500.000000	92.916	-159.9881
15750.000000	91.697	172.1084
16000.000000	89.819	153.9334
16250.000000	88.230	141.5008
16500.000000	87.103	132.0962
16750.000000	86.741	122.6980
17000.000000	86.801	108.6860
17250.000000	86.915	90.3926
17500.000000	87.053	64.8449
17750.000000	85.812	30.2979
18000.000000	82.523	0.2083
18250.000000	79.236	-17.1957
18500.000000	77.939	-32.3632
18750.000000	77.917	-58.8809
19000.000000	77.968	-101.4910
19250.000000	76.842	-157.9231
19500.000000	74.342	135.2628
19750.000000	69.525	57.4299
