* Measurement data measured by REW V5.31.3
* Source: USB-C to 3.5mm Headphone Jack Adapter, USB-C to 3.5mm Headphone Jack Adapter, 0, volume: 0.138
* Format: 256k Log Swept Sine, 1 sweep at -12.0 dBFS with no timing reference
* Dated: Feb 22, 2025 3:21:23 PM
* REW Settings:
*  C-weighting compensation: Off
*  Target level: 75.0 dB
* Note: ; 
* Measurement: 00 R
* Smoothing: None
* Frequency Step: 1/48 octave
* Start Frequency: 20.300 Hz
*
* Freq(Hz)	SPL(dB)	Phase(degrees)
20.299999	102.816	45.9420
20.600000	102.869	45.2385
20.900000	102.910	44.5952
21.200001	102.944	43.9557
21.400000	102.964	43.5351
21.799999	103.002	42.7237
22.000000	103.021	42.3378
22.400000	103.066	41.6030
22.700001	103.105	41.0693
23.000000	103.150	40.5323
23.299999	103.196	39.9804
23.600000	103.240	39.4131
24.000000	103.292	38.6518
24.299999	103.325	38.0935
24.700001	103.365	37.3732
25.000000	103.393	36.8404
25.400000	103.428	36.1220
25.799999	103.456	35.3998
26.200001	103.477	34.7146
26.500000	103.493	34.2504
26.900000	103.521	33.6930
27.200001	103.552	33.2917
27.600000	103.600	32.7226
28.000000	103.646	32.0979
28.500000	103.682	31.3271
29.000000	103.698	30.7219
29.500000	103.722	30.2776
30.000000	103.767	29.7775
30.400000	103.804	29.2226
30.700001	103.822	28.7297
31.100000	103.830	28.0545
31.500000	103.829	27.4572
32.000000	103.837	26.8553
32.500000	103.867	26.3069
33.000000	103.904	25.7044
33.500000	103.928	25.0823
34.000000	103.938	24.5343
34.500000	103.947	24.0649
35.000000	103.962	23.5910
35.500000	103.979	23.0628
36.000000	103.993	22.5141
36.500000	104.006	21.9953
37.000000	104.022	21.5089
37.500000	104.041	21.0267
38.200001	104.061	20.3418
38.700001	104.068	19.8647
39.500000	104.077	19.1420
40.000000	104.086	18.7029
40.599998	104.100	18.1742
41.200001	104.112	17.6494
41.799999	104.121	17.1543
42.500000	104.129	16.6235
43.099998	104.139	16.1635
43.700001	104.146	15.6640
44.400002	104.148	15.0809
45.000000	104.148	14.6327
45.500000	104.153	14.2829
46.200001	104.160	13.7872
46.799999	104.163	13.3635
47.500000	104.167	12.8812
48.200001	104.174	12.3557
48.700001	104.173	11.9579
49.400002	104.164	11.4754
50.000000	104.163	11.1434
50.799999	104.174	10.6312
51.500000	104.168	10.1058
52.200001	104.151	9.7048
53.000000	104.154	9.3455
53.799999	104.165	8.8508
54.500000	104.157	8.4101
55.200001	104.151	8.0491
56.000000	104.156	7.5884
57.000000	104.145	6.9659
58.000000	104.129	6.4573
59.000000	104.118	5.9319
60.000000	104.111	5.4304
60.799999	104.112	5.0316
61.500000	104.109	4.6784
62.200001	104.099	4.3497
63.000000	104.084	3.9997
64.000000	104.072	3.5507
65.000000	104.066	3.0487
66.000000	104.050	2.6030
67.000000	104.036	2.2362
68.000000	104.018	1.7814
69.000000	103.998	1.3432
70.000000	103.990	0.9022
71.000000	103.973	0.4784
72.000000	103.956	0.1116
73.000000	103.939	-0.3007
74.000000	103.920	-0.6746
75.000000	103.904	-1.0416
76.199997	103.882	-1.4828
77.500000	103.859	-1.9668
78.800003	103.835	-2.4165
80.000000	103.809	-2.8001
81.199997	103.783	-3.1728
82.500000	103.757	-3.6327
83.800003	103.730	-4.0703
85.000000	103.701	-4.4172
86.199997	103.677	-4.7719
87.500000	103.649	-5.1693
88.500000	103.626	-5.4546
90.000000	103.598	-5.8678
91.199997	103.571	-6.2080
92.500000	103.539	-6.5651
93.800003	103.507	-6.9501
95.000000	103.481	-7.2161
96.199997	103.454	-7.4806
97.500000	103.423	-7.7488
98.800003	103.395	-8.1393
100.000000	103.365	-8.4223
101.500000	103.338	-8.7734
103.000000	103.294	-9.0208
104.400002	103.260	-9.4421
106.000000	103.222	-9.7744
107.500000	103.186	-10.0542
109.000000	103.144	-10.3861
110.599998	103.113	-10.6576
112.000000	103.072	-10.9529
113.800003	103.031	-11.2921
115.000000	102.995	-11.4970
117.199997	102.942	-11.9087
118.000000	102.924	-12.0306
120.599998	102.848	-12.3675
122.000000	102.816	-12.6632
124.099998	102.767	-12.9923
125.000000	102.741	-13.1504
126.500000	102.696	-13.3191
128.000000	102.657	-13.4862
131.500000	102.573	-13.9304
132.000000	102.562	-13.9689
134.000000	102.509	-14.1605
136.000000	102.463	-14.3718
138.000000	102.413	-14.5532
140.000000	102.381	-14.7549
143.000000	102.319	-15.2374
145.000000	102.284	-15.3303
147.500000	102.211	-15.6541
150.000000	102.149	-15.9207
152.500000	102.091	-16.2043
155.000000	102.032	-16.4247
157.500000	101.970	-16.5907
160.000000	101.919	-16.7151
162.500000	101.852	-16.9282
165.000000	101.791	-17.0623
167.500000	101.737	-17.2157
170.000000	101.670	-17.4565
172.500000	101.618	-17.5816
175.000000	101.565	-17.6000
177.500000	101.516	-17.7765
180.000000	101.477	-17.8168
182.500000	101.431	-18.0081
185.000000	101.383	-18.1013
187.500000	101.337	-18.3535
190.000000	101.280	-18.4403
192.500000	101.226	-18.5595
195.000000	101.168	-18.7476
197.500000	101.116	-18.7747
200.000000	101.062	-18.9026
203.000000	100.994	-19.0278
206.000000	100.928	-19.1980
209.000000	100.876	-19.2558
212.000000	100.800	-19.1998
214.000000	100.758	-19.3591
218.000000	100.671	-19.4290
220.000000	100.634	-19.4856
224.000000	100.556	-19.5376
227.000000	100.489	-19.5370
230.000000	100.438	-19.5872
233.000000	100.372	-19.5366
236.000000	100.310	-19.5035
240.000000	100.229	-19.4993
243.000000	100.168	-19.6308
247.000000	100.095	-19.5204
250.000000	100.042	-19.4716
254.000000	99.968	-19.4748
258.000000	99.886	-19.4737
262.000000	99.823	-19.2862
265.000000	99.774	-19.2694
269.000000	99.700	-19.1927
272.000000	99.646	-19.1797
276.000000	99.582	-19.0684
280.000000	99.512	-18.9650
285.000000	99.422	-18.8396
290.000000	99.344	-18.6973
295.000000	99.274	-18.5926
300.000000	99.186	-18.3659
304.000000	99.117	-18.3311
307.000000	99.083	-18.2105
311.000000	99.016	-18.0100
315.000000	98.958	-17.9314
320.000000	98.896	-17.6444
325.000000	98.818	-17.5366
330.000000	98.742	-17.3352
335.000000	98.678	-17.1069
340.000000	98.611	-16.9175
345.000000	98.544	-16.7282
350.000000	98.474	-16.5001
355.000000	98.408	-16.2535
360.000000	98.347	-16.0614
365.000000	98.281	-15.7853
370.000000	98.219	-15.5569
375.000000	98.160	-15.3265
382.000000	98.073	-14.9672
387.000000	98.016	-14.7091
395.000000	97.919	-14.2825
400.000000	97.859	-14.0021
406.000000	97.790	-13.6990
412.000000	97.723	-13.3540
418.000000	97.661	-13.0176
425.000000	97.586	-12.6206
431.000000	97.525	-12.2470
437.000000	97.461	-11.8851
444.000000	97.384	-11.4389
450.000000	97.328	-11.0783
455.000000	97.277	-10.7555
462.000000	97.211	-10.3217
468.000000	97.153	-9.9417
475.000000	97.091	-9.4690
482.000000	97.029	-8.9781
487.000000	96.982	-8.6241
494.000000	96.919	-8.1311
500.000000	96.871	-7.7273
508.000000	96.802	-7.1467
515.000000	96.739	-6.6270
522.000000	96.687	-6.1016
530.000000	96.623	-5.5073
538.000000	96.554	-4.8614
545.000000	96.508	-4.2771
552.000000	96.460	-3.7305
560.000000	96.402	-3.0590
570.000000	96.335	-2.1718
580.000000	96.269	-1.2936
590.000000	96.209	-0.3984
600.000000	96.157	0.5716
608.000000	96.116	1.3231
615.000000	96.079	2.0392
622.000000	96.055	2.7451
630.000000	96.028	3.5456
640.000000	96.000	4.6236
650.000000	95.991	5.7069
660.000000	95.978	6.7939
670.000000	95.975	7.8882
680.000000	95.988	9.0960
690.000000	96.044	10.2472
700.000000	96.106	11.2322
710.000000	96.165	12.1062
720.000000	96.228	12.8772
730.000000	96.293	13.6286
740.000000	96.356	14.3447
750.000000	96.420	15.0320
762.000000	96.501	15.8015
775.000000	96.602	16.5321
788.000000	96.704	17.0580
800.000000	96.782	17.4433
812.000000	96.844	17.7618
825.000000	96.900	18.0481
838.000000	96.934	18.3848
850.000000	96.957	18.7012
862.000000	96.968	19.0528
875.000000	96.974	19.5199
885.000000	96.982	19.9115
900.000000	96.991	20.5512
912.000000	97.000	21.1358
925.000000	97.015	21.7481
938.000000	97.029	22.4356
950.000000	97.049	23.0695
962.000000	97.074	23.7204
975.000000	97.110	24.4614
988.000000	97.143	25.1861
1000.000000	97.207	25.7538
1015.000000	97.242	26.6695
1030.000000	97.303	27.4867
1044.000000	97.369	28.2255
1060.000000	97.448	29.0448
1075.000000	97.529	29.7738
1090.000000	97.614	30.4617
1106.000000	97.705	31.1822
1120.000000	97.789	31.7622
1138.000000	97.896	32.4850
1150.000000	97.974	32.9436
1172.000000	98.109	33.7123
1180.000000	98.159	33.9660
1206.000000	98.319	34.7933
1220.000000	98.404	35.2080
1241.000000	98.537	35.7921
1250.000000	98.594	36.0109
1265.000000	98.685	36.4192
1280.000000	98.779	36.7862
1315.000000	98.989	37.5248
1320.000000	99.019	37.6325
1340.000000	99.133	38.0203
1360.000000	99.250	38.3936
1380.000000	99.359	38.7620
1400.000000	99.470	39.1305
1430.000000	99.635	39.7083
1450.000000	99.744	40.0696
1475.000000	99.886	40.5467
1500.000000	100.034	41.0457
1525.000000	100.194	41.5213
1550.000000	100.368	41.9562
1575.000000	100.557	42.2398
1600.000000	100.745	42.3845
1625.000000	100.920	42.4357
1650.000000	101.089	42.4357
1675.000000	101.250	42.3951
1700.000000	101.408	42.3226
1725.000000	101.568	42.1986
1750.000000	101.721	42.0388
1775.000000	101.873	41.8354
1800.000000	102.023	41.5801
1825.000000	102.168	41.2667
1850.000000	102.305	40.9084
1875.000000	102.438	40.4924
1900.000000	102.563	40.0230
1925.000000	102.679	39.5413
1950.000000	102.788	39.0244
1975.000000	102.886	38.4815
2000.000000	102.969	37.9382
2030.000000	103.084	37.2409
2060.000000	103.178	36.5104
2090.000000	103.259	35.7744
2120.000000	103.334	35.0028
2140.000000	103.376	34.4623
2180.000000	103.449	33.2815
2200.000000	103.469	32.6476
2240.000000	103.476	31.3762
2270.000000	103.448	30.5001
2300.000000	103.403	29.7319
2330.000000	103.342	29.0622
2360.000000	103.269	28.5457
2400.000000	103.165	28.0513
2430.000000	103.090	27.8447
2470.000000	103.003	27.7629
2500.000000	102.957	27.7858
2540.000000	102.917	27.8043
2580.000000	102.888	27.7258
2620.000000	102.850	27.5862
2650.000000	102.812	27.4920
2690.000000	102.753	27.4725
2720.000000	102.707	27.5389
2760.000000	102.650	27.7126
2800.000000	102.599	27.9942
2850.000000	102.551	28.4920
2900.000000	102.522	29.0791
2950.000000	102.521	29.7489
3000.000000	102.557	30.4758
3040.000000	102.582	30.9346
3070.000000	102.613	31.2894
3110.000000	102.663	31.7458
3150.000000	102.716	32.1959
3200.000000	102.798	32.7339
3250.000000	102.886	33.2879
3300.000000	102.999	33.8797
3350.000000	103.142	34.4601
3400.000000	103.324	34.9137
3450.000000	103.533	35.1691
3500.000000	103.759	35.1173
3550.000000	103.989	34.7952
3600.000000	104.211	34.2313
3650.000000	104.427	33.3999
3700.000000	104.626	32.3743
3750.000000	104.803	31.1402
3820.000000	105.019	29.1072
3870.000000	105.142	27.4636
3950.000000	105.283	24.4555
4000.000000	105.290	22.5013
4060.000000	105.279	19.6569
4120.000000	105.149	17.0376
4180.000000	104.936	14.7015
4250.000000	104.627	12.5101
4310.000000	104.344	11.0146
4370.000000	104.055	9.7443
4440.000000	103.698	8.4016
4500.000000	103.357	7.4056
4550.000000	103.050	6.7570
4620.000000	102.589	6.2750
4680.000000	102.182	6.2496
4750.000000	101.711	6.7237
4820.000000	101.264	7.6619
4870.000000	100.961	8.5660
4940.000000	100.571	10.1626
5000.000000	100.263	11.6730
5080.000000	99.917	14.1999
5150.000000	99.654	16.5542
5220.000000	99.439	19.0622
5300.000000	99.249	22.1340
5380.000000	99.127	25.3099
5450.000000	99.075	28.1721
5520.000000	99.074	31.1137
5600.000000	99.135	34.4787
5700.000000	99.316	38.6201
5800.000000	99.609	42.6325
5900.000000	100.032	46.3456
6000.000000	100.519	49.4830
6080.000000	101.095	51.9570
6150.000000	101.628	53.5638
6220.000000	102.227	54.7155
6300.000000	102.987	55.2369
6400.000000	104.019	54.3909
6500.000000	105.072	51.4308
6600.000000	105.999	46.0743
6700.000000	106.609	38.6319
6800.000000	106.769	30.4499
6900.000000	106.504	23.1666
7000.000000	105.989	17.8602
7100.000000	105.413	14.7001
7200.000000	104.920	13.1291
7300.000000	104.570	12.5815
7400.000000	104.376	12.5499
7500.000000	104.366	12.6347
7620.000000	104.602	12.2159
7750.000000	105.115	9.9201
7880.000000	105.742	4.5615
8000.000000	106.142	-3.6923
8120.000000	106.036	-14.7470
8250.000000	105.151	-26.0877
8380.000000	103.771	-34.5062
8500.000000	102.326	-39.1191
8620.000000	100.931	-41.1497
8750.000000	99.586	-41.2434
8850.000000	98.705	-40.3408
9000.000000	97.657	-38.0844
9120.000000	97.033	-36.0597
9250.000000	96.573	-34.0762
9380.000000	96.311	-32.8520
9500.000000	96.204	-32.8302
9620.000000	96.162	-34.3388
9750.000000	96.062	-38.1520
9880.000000	95.682	-44.2885
10000.000000	94.786	-51.6022
10150.000000	92.844	-58.3805
10300.000000	90.065	-58.2001
10440.000000	87.720	-48.0510
10600.000000	86.830	-30.9119
10750.000000	87.242	-19.4631
10900.000000	87.879	-13.2285
11060.000000	88.529	-9.6448
11200.000000	89.051	-7.7230
11380.000000	89.725	-6.7268
11500.000000	90.234	-6.9316
11720.000000	91.272	-9.6424
11800.000000	91.671	-11.7177
12060.000000	92.672	-23.2934
12200.000000	92.802	-31.7647
12410.000000	92.294	-44.0876
12500.000000	91.894	-48.6166
12650.000000	91.152	-54.5293
12800.000000	90.414	-58.7424
13150.000000	89.331	-65.1883
13200.000000	89.271	-65.9949
13400.000000	89.236	-69.6857
13600.000000	89.581	-75.0962
13800.000000	90.185	-83.3501
14000.000000	90.809	-95.7715
14300.000000	91.036	-120.5187
14500.000000	90.465	-137.0579
14750.000000	89.552	-154.1014
15000.000000	89.060	-168.7108
15250.000000	89.340	174.8440
15500.000000	90.125	150.9155
15750.000000	90.259	115.5715
16000.000000	88.334	76.5721
16250.000000	85.228	43.2938
16500.000000	81.716	13.6019
16750.000000	77.640	-14.1356
17000.000000	72.634	-39.6580
17250.000000	67.508	-59.2096
17500.000000	61.752	-70.6559
17750.000000	55.832	-64.6650
18000.000000	54.778	-11.9523
18250.000000	57.150	-52.3081
18500.000000	59.528	-88.6454
18750.000000	60.878	-141.5996
19000.000000	61.982	148.4801
19250.000000	62.331	61.4011
19500.000000	62.977	-30.9774
19750.000000	62.244	-132.6055
