* Measurement data measured by REW V5.20
* Source: USB-C to 3.5mm Headphone Jack Adapter, USB-C to 3.5mm Headphone Jack Adapter, 0, volume: 0.138
* Format: 256k Log Swept Sine, 1 sweep at -12.0 dBFS with no timing reference
* Dated: Mar 12, 2024 3:54:42 PM
* REW Settings:
*  C-weighting compensation: Off
*  Target level: 75.0 dB
* Note: 
* Measurement: L
* Smoothing: None
* Frequency Step: 1/48 octave
* Start Frequency: 20.000 Hz
*
* Freq(Hz)	SPL(dB)	Phase(degrees)
20.000000	81.752045	-80.3524
20.299999	81.854309	-81.0608
20.600000	81.906723	-81.5008
20.900000	81.945816	-81.5095
21.200001	82.019073	-81.1238
21.400000	82.106033	-80.7714
21.799999	82.363899	-80.2969
22.000000	82.515793	-80.3244
22.400000	82.807213	-80.9628
22.700001	82.969574	-81.7787
23.000000	83.071678	-82.6192
23.299999	83.127045	-83.2642
23.600000	83.165405	-83.5980
24.000000	83.245995	-83.6371
24.299999	83.347961	-83.5791
24.700001	83.525833	-83.6914
25.000000	83.662582	-83.9804
25.400000	83.819313	-84.5154
25.799999	83.947632	-84.9777
26.200001	84.078827	-85.2622
26.500000	84.196335	-85.4391
26.900000	84.373604	-85.8190
27.200001	84.503685	-86.2813
27.600000	84.641350	-87.0395
28.000000	84.727882	-87.7077
28.500000	84.806107	-88.0516
29.000000	84.939667	-87.9442
29.500000	85.157661	-87.9716
30.000000	85.387985	-88.5685
30.400000	85.524277	-89.3340
30.700001	85.588882	-89.8909
31.100000	85.640503	-90.4177
31.500000	85.687180	-90.6362
32.000000	85.780327	-90.6581
32.500000	85.914619	-90.7039
33.000000	86.060745	-90.9017
33.500000	86.202530	-91.1838
34.000000	86.343765	-91.5122
34.500000	86.482277	-91.9422
35.000000	86.599640	-92.4648
35.500000	86.685471	-92.9207
36.000000	86.760681	-93.1445
36.500000	86.861053	-93.1784
37.000000	86.997032	-93.2626
37.500000	87.141808	-93.5680
38.200001	87.304329	-94.1800
38.700001	87.397591	-94.5042
39.500000	87.568405	-94.8464
40.000000	87.688248	-95.1445
40.599998	87.818802	-95.6043
41.200001	87.930191	-96.0397
41.799999	88.033577	-96.3865
42.500000	88.156219	-96.6820
43.099998	88.273132	-96.8855
43.700001	88.398987	-97.1551
44.400002	88.528824	-97.5501
45.000000	88.626534	-97.7795
45.500000	88.720169	-97.9062
46.200001	88.865662	-98.2389
46.799999	88.964355	-98.6531
47.500000	89.055458	-98.9470
48.200001	89.175407	-99.1529
48.700001	89.264435	-99.4519
49.400002	89.353737	-99.8675
50.000000	89.435539	-99.9961
50.799999	89.600967	-100.3166
51.500000	89.717361	-100.9546
52.200001	89.787636	-101.3543
53.000000	89.915756	-101.5388
53.799999	90.056160	-102.0677
54.500000	90.126328	-102.4387
55.200001	90.213585	-102.4363
56.000000	90.375183	-102.5478
57.000000	90.545456	-103.1424
58.000000	90.666885	-103.5294
59.000000	90.814842	-103.8481
60.000000	90.950607	-104.3834
60.799999	91.034599	-104.7624
61.500000	91.109489	-104.9949
62.200001	91.195015	-105.1951
63.000000	91.305489	-105.4667
64.000000	91.437958	-105.9571
65.000000	91.542374	-106.3607
66.000000	91.665215	-106.6328
67.000000	91.784744	-107.0127
68.000000	91.900040	-107.2868
69.000000	92.025551	-107.6976
70.000000	92.117470	-108.0874
71.000000	92.231903	-108.3546
72.000000	92.338287	-108.8577
73.000000	92.416893	-109.1631
74.000000	92.532738	-109.4462
75.000000	92.623909	-109.9023
76.199997	92.735245	-110.1148
77.500000	92.888039	-110.6951
78.800003	92.976166	-111.0832
80.000000	93.116074	-111.3664
81.199997	93.228333	-111.9220
82.500000	93.339195	-112.3586
83.800003	93.447495	-112.7944
85.000000	93.553810	-113.1037
86.199997	93.666397	-113.4954
87.500000	93.771812	-113.9380
88.500000	93.850029	-114.2328
90.000000	93.973045	-114.7013
91.199997	94.062767	-115.1090
92.500000	94.160141	-115.4928
93.800003	94.262901	-115.8877
95.000000	94.352150	-116.2773
96.199997	94.436554	-116.5919
97.500000	94.536697	-116.9598
98.800003	94.623779	-117.3396
100.000000	94.706818	-117.6579
101.500000	94.808647	-118.1000
103.000000	94.907799	-118.5380
104.400002	94.997406	-118.9444
106.000000	95.102501	-119.4005
107.500000	95.194397	-119.8239
109.000000	95.288055	-120.2299
110.599998	95.384911	-120.6848
112.000000	95.464233	-121.0693
113.800003	95.568291	-121.5092
115.000000	95.640686	-121.8613
117.199997	95.761116	-122.4324
118.000000	95.805206	-122.6488
120.599998	95.941818	-123.3571
122.000000	96.019173	-123.6871
124.099998	96.128357	-124.2138
125.000000	96.173523	-124.4476
126.500000	96.246483	-124.8181
128.000000	96.319534	-125.1926
131.500000	96.485352	-126.0645
132.000000	96.509544	-126.1740
134.000000	96.603271	-126.6698
136.000000	96.690620	-127.1569
138.000000	96.779579	-127.6017
140.000000	96.864632	-128.1098
143.000000	96.990829	-128.7912
145.000000	97.075478	-129.2759
147.500000	97.171211	-129.8106
150.000000	97.268745	-130.3642
152.500000	97.366463	-130.9348
155.000000	97.455826	-131.4794
157.500000	97.548462	-132.0147
160.000000	97.635620	-132.5535
162.500000	97.720818	-133.0962
165.000000	97.808044	-133.6079
167.500000	97.890099	-134.1202
170.000000	97.971733	-134.6455
172.500000	98.051071	-135.1523
175.000000	98.132668	-135.6415
177.500000	98.205093	-136.1379
180.000000	98.273621	-136.6330
182.500000	98.353638	-137.1295
185.000000	98.424332	-137.6108
187.500000	98.497231	-138.0860
190.000000	98.566597	-138.5642
192.500000	98.633972	-139.0377
195.000000	98.703812	-139.4992
197.500000	98.773132	-139.9652
200.000000	98.835754	-140.4315
203.000000	98.913033	-140.9783
206.000000	98.991135	-141.5143
209.000000	99.066368	-142.0405
212.000000	99.140709	-142.5763
214.000000	99.189453	-142.9410
218.000000	99.285164	-143.6290
220.000000	99.333496	-143.9710
224.000000	99.426247	-144.6835
227.000000	99.497314	-145.2051
230.000000	99.563187	-145.7063
233.000000	99.629379	-146.2124
236.000000	99.695511	-146.7186
240.000000	99.791580	-147.3925
243.000000	99.853333	-147.8948
247.000000	99.940117	-148.5635
250.000000	100.006706	-149.0650
254.000000	100.091667	-149.7461
258.000000	100.179268	-150.4116
262.000000	100.264084	-151.1004
265.000000	100.325607	-151.6167
269.000000	100.413094	-152.2978
272.000000	100.474792	-152.8204
276.000000	100.558548	-153.5157
280.000000	100.641754	-154.2281
285.000000	100.745247	-155.0993
290.000000	100.849434	-156.0244
295.000000	100.950432	-156.9418
300.000000	101.054016	-157.8914
304.000000	101.133240	-158.6730
307.000000	101.191788	-159.2816
311.000000	101.269936	-160.0682
315.000000	101.345413	-160.8803
320.000000	101.441193	-161.9145
325.000000	101.533554	-162.9655
330.000000	101.627274	-164.0405
335.000000	101.717896	-165.1806
340.000000	101.806244	-166.3533
345.000000	101.888878	-167.5493
350.000000	101.968925	-168.7715
355.000000	102.044571	-170.0263
360.000000	102.116234	-171.3037
365.000000	102.185547	-172.6417
370.000000	102.248436	-174.0075
375.000000	102.303497	-175.4070
382.000000	102.376053	-177.4090
387.000000	102.421951	-178.8670
395.000000	102.483894	178.7198
400.000000	102.511848	177.1284
406.000000	102.531639	175.1604
412.000000	102.535828	173.1705
418.000000	102.520752	171.1768
425.000000	102.481346	168.8147
431.000000	102.439125	166.8518
437.000000	102.384430	164.8649
444.000000	102.303741	162.5386
450.000000	102.224777	160.5141
455.000000	102.146454	158.8145
462.000000	102.013954	156.4579
468.000000	101.884171	154.4549
475.000000	101.709007	152.1618
482.000000	101.516205	149.9258
487.000000	101.364265	148.3769
494.000000	101.134079	146.2941
500.000000	100.924019	144.5655
508.000000	100.624023	142.3872
515.000000	100.349487	140.6304
522.000000	100.061020	138.9525
530.000000	99.722870	137.2084
538.000000	99.373062	135.6063
545.000000	99.064651	134.3301
552.000000	98.747879	133.1364
560.000000	98.382927	131.9360
570.000000	97.922523	130.6072
580.000000	97.461464	129.5018
590.000000	97.004883	128.5748
600.000000	96.548683	127.8049
608.000000	96.192192	127.3033
615.000000	95.877953	126.9438
622.000000	95.569664	126.6366
630.000000	95.216888	126.3509
640.000000	94.783257	126.1196
650.000000	94.354469	126.0172
660.000000	93.936745	126.0011
670.000000	93.521759	126.0406
680.000000	93.109474	126.2119
690.000000	92.708946	126.4744
700.000000	92.313400	126.8029
710.000000	91.922256	127.1620
720.000000	91.535088	127.6193
730.000000	91.157188	128.1478
740.000000	90.784042	128.7251
750.000000	90.417717	129.3287
762.000000	89.978859	130.0849
775.000000	89.513336	131.0150
788.000000	89.046478	131.9276
800.000000	88.605179	132.8895
812.000000	88.157059	133.8878
825.000000	87.651016	135.0093
838.000000	87.077591	136.3333
850.000000	86.455063	137.9687
862.000000	85.722359	141.1098
875.000000	85.187088	148.5085
885.000000	85.567894	153.8776
900.000000	86.120255	154.0885
912.000000	86.032944	153.1608
925.000000	85.760658	153.0533
938.000000	85.450768	153.5735
950.000000	85.142624	154.4651
962.000000	84.841400	155.4437
975.000000	84.523308	156.7909
988.000000	84.223450	158.1566
1000.000000	83.951469	159.4945
1015.000000	83.609894	161.2762
1030.000000	83.270317	162.9612
1044.000000	82.974632	164.7016
1060.000000	82.616867	166.7135
1075.000000	82.297325	168.4925
1090.000000	81.974991	170.4235
1106.000000	81.627602	172.4379
1120.000000	81.310371	174.1042
1138.000000	80.891251	176.6031
1150.000000	80.594925	178.1659
1172.000000	79.989517	-178.7844
1180.000000	79.730522	-177.4128
1206.000000	78.727051	-170.8024
1220.000000	78.524750	-163.4259
1241.000000	79.306725	-159.6004
1250.000000	79.291519	-160.1716
1265.000000	79.007515	-159.7678
1280.000000	78.642921	-158.3259
1315.000000	77.810104	-152.9008
1320.000000	77.698288	-152.0143
1340.000000	77.252556	-147.9814
1360.000000	76.814972	-143.8991
1380.000000	76.404808	-139.2008
1400.000000	76.036728	-134.1942
1430.000000	75.558601	-126.1545
1450.000000	75.287369	-120.2523
1475.000000	75.049751	-112.5503
1500.000000	74.952667	-104.7577
1525.000000	74.960602	-97.0257
1550.000000	75.106781	-89.0208
1575.000000	75.372452	-81.4570
1600.000000	75.751785	-74.2971
1625.000000	76.192032	-67.4603
1650.000000	76.711105	-61.3620
1675.000000	77.276451	-55.5950
1700.000000	77.890877	-50.4873
1725.000000	78.519646	-45.9859
1750.000000	79.171097	-41.9623
1775.000000	79.841156	-38.3783
1800.000000	80.510040	-35.2671
1825.000000	81.179245	-32.5702
1850.000000	81.851807	-30.3926
1875.000000	82.502686	-28.6277
1900.000000	83.156960	-27.3000
1925.000000	83.791962	-26.4279
1950.000000	84.385086	-25.9816
1975.000000	84.966797	-26.0191
2000.000000	85.509132	-26.4090
2030.000000	86.071472	-27.4640
2060.000000	86.547981	-29.0291
2090.000000	86.924675	-30.9000
2120.000000	87.170212	-33.0942
2140.000000	87.274689	-34.5787
2180.000000	87.326271	-37.4060
2200.000000	87.285324	-38.6887
2240.000000	87.075180	-40.8111
2270.000000	86.835800	-41.8759
2300.000000	86.549583	-42.4757
2330.000000	86.231804	-42.6518
2360.000000	85.879005	-42.3573
2400.000000	85.408264	-41.4681
2430.000000	85.064735	-40.3153
2470.000000	84.601273	-38.3325
2500.000000	84.276764	-36.4823
2540.000000	83.851234	-33.7695
2580.000000	83.461784	-30.7689
2620.000000	83.088737	-27.4525
2650.000000	82.801918	-24.8224
2690.000000	82.459213	-21.2348
2720.000000	82.220840	-18.3877
2760.000000	81.937302	-14.4082
2800.000000	81.643242	-10.2132
2850.000000	81.310646	-4.8320
2900.000000	81.039108	0.8368
2950.000000	80.799622	6.5608
3000.000000	80.567772	12.6405
3040.000000	80.430069	17.4644
3070.000000	80.324600	21.1959
3110.000000	80.222572	26.3157
3150.000000	80.138451	31.4147
3200.000000	80.055977	37.9659
3250.000000	80.016518	44.7359
3300.000000	80.021172	51.6996
3350.000000	80.082741	58.7583
3400.000000	80.188210	65.8503
3450.000000	80.391846	73.2450
3500.000000	80.647171	80.3810
3550.000000	80.971161	87.5875
3600.000000	81.408066	94.7178
3650.000000	81.901039	101.3919
3700.000000	82.465569	107.8151
3750.000000	83.095978	113.6316
3820.000000	84.023956	121.1427
3870.000000	84.729843	125.9219
3950.000000	85.889137	132.5589
4000.000000	86.621040	135.9583
4060.000000	87.491684	139.3497
4120.000000	88.334213	142.2221
4180.000000	89.120323	144.2962
4250.000000	89.919456	145.9114
4310.000000	90.460876	147.9241
4370.000000	91.153191	148.7985
4440.000000	91.703102	149.3573
4500.000000	92.057045	150.0410
4550.000000	92.281616	151.0763
4620.000000	92.756157	152.5114
4680.000000	92.975052	153.3458
4750.000000	93.212219	155.0892
4820.000000	93.455154	157.1920
4870.000000	93.648071	158.8768
4940.000000	93.934135	161.4028
5000.000000	94.221245	163.5839
5080.000000	94.669945	166.5094
5150.000000	95.126320	168.8584
5220.000000	95.639114	170.8818
5300.000000	96.302948	172.5207
5380.000000	97.029900	173.2039
5450.000000	97.698914	172.7064
5520.000000	98.348801	170.8985
5600.000000	98.969856	166.9659
5700.000000	99.337646	159.5201
5800.000000	98.987411	151.1377
5900.000000	97.971329	144.6964
6000.000000	96.602051	141.7411
6080.000000	95.459106	141.7967
6150.000000	94.489693	143.2213
6220.000000	93.591682	145.6179
6300.000000	92.650879	149.3336
6400.000000	91.623871	154.8818
6500.000000	90.746597	161.1835
6600.000000	89.999176	167.9571
6700.000000	89.381668	175.0190
6800.000000	88.882133	-177.7281
6900.000000	88.494186	-170.2470
7000.000000	88.220436	-162.8162
7100.000000	88.067596	-155.2657
7200.000000	88.056595	-147.9317
7300.000000	88.178482	-140.9932
7400.000000	88.444244	-134.4389
7500.000000	88.844406	-128.7151
7620.000000	89.543877	-123.1736
7750.000000	90.558167	-119.8194
7880.000000	91.693329	-121.2048
8000.000000	92.459747	-128.0452
8120.000000	92.296295	-139.0740
8250.000000	90.796768	-149.4839
8380.000000	88.626297	-153.9305
8500.000000	86.576035	-153.4766
8620.000000	84.636391	-150.2488
8750.000000	82.699638	-144.5304
8850.000000	81.347115	-139.0641
9000.000000	79.551422	-129.8167
9120.000000	78.250488	-121.6364
9250.000000	76.995834	-112.2788
9380.000000	75.814537	-102.7547
9500.000000	74.839890	-93.5288
9620.000000	73.989120	-84.5103
9750.000000	73.186188	-74.3398
9880.000000	72.407570	-64.6249
10000.000000	71.722794	-55.4507
10150.000000	70.969498	-43.6772
10300.000000	70.293816	-32.3902
10440.000000	69.583832	-21.6533
10600.000000	68.990761	-9.5073
10750.000000	68.565231	1.9044
10900.000000	68.034721	14.1190
11060.000000	67.687134	27.1439
11200.000000	67.271782	37.6946
11380.000000	67.042366	51.9160
11500.000000	66.926773	60.6225
11720.000000	66.783478	78.9861
11800.000000	66.647911	85.5329
12060.000000	66.915169	104.4735
12200.000000	67.056076	114.2794
12410.000000	67.441154	127.8577
12500.000000	67.498070	134.9887
12650.000000	67.673836	143.2645
12800.000000	67.880859	153.2098
13150.000000	68.646881	172.8554
13200.000000	68.929008	175.7128
13400.000000	69.386543	-173.8858
13600.000000	70.163391	-165.3022
13800.000000	71.051758	-157.1340
14000.000000	71.918404	-151.4538
14300.000000	73.283928	-144.7532
14500.000000	74.993881	-141.1526
14750.000000	78.598022	-152.8772
15000.000000	78.617805	162.9419
15250.000000	73.309067	140.0457
15500.000000	68.772804	137.0814
15750.000000	64.995514	139.0107
16000.000000	61.860893	140.3457
16250.000000	58.604836	139.5815
16500.000000	56.002747	136.8214
16750.000000	52.422890	125.5525
17000.000000	50.214066	116.0802
17250.000000	46.476322	96.9392
17500.000000	46.330456	55.1683
17750.000000	43.547359	13.4290
18000.000000	44.498901	-2.8999
18250.000000	45.290878	-13.9069
18500.000000	46.445213	-33.1871
18750.000000	46.339111	-51.6706
19000.000000	48.146072	-69.8434
19250.000000	50.247684	-90.8206
19500.000000	52.396778	-135.4148
19750.000000	54.316010	167.0334
