* Measurement data measured by REW V5.20
* Source: USB-C to 3.5mm Headphone Jack Adapter, USB-C to 3.5mm Headphone Jack Adapter, 0, volume: 0.138
* Format: 256k Log Swept Sine, 1 sweep at -12.0 dBFS with no timing reference
* Dated: Mar 12, 2024 3:56:31 PM
* REW Settings:
*  C-weighting compensation: Off
*  Target level: 75.0 dB
* Note: 
* Measurement: R
* Smoothing: None
* Frequency Step: 1/48 octave
* Start Frequency: 20.000 Hz
*
* Freq(Hz)	SPL(dB)	Phase(degrees)
20.000000	87.783951	96.2988
20.299999	87.961952	96.2321
20.600000	88.152023	95.8635
20.900000	88.320969	95.2040
21.200001	88.444359	94.4082
21.400000	88.498123	93.9194
21.799999	88.567635	93.2878
22.000000	88.604004	93.1883
22.400000	88.721748	93.2890
22.700001	88.866745	93.3569
23.000000	89.044403	93.1907
23.299999	89.223022	92.7077
23.600000	89.370987	91.9813
24.000000	89.495117	90.9701
24.299999	89.546936	90.4295
24.700001	89.610695	90.1642
25.000000	89.689575	90.2040
25.400000	89.853241	90.2617
25.799999	90.052803	90.0168
26.200001	90.235558	89.4462
26.500000	90.342552	88.9409
26.900000	90.450813	88.3742
27.200001	90.521469	88.1012
27.600000	90.625557	87.8964
28.000000	90.749847	87.7412
28.500000	90.919724	87.4502
29.000000	91.081329	87.0563
29.500000	91.229691	86.6533
30.000000	91.372353	86.2665
30.400000	91.483223	85.9496
30.700001	91.562943	85.7080
31.100000	91.664215	85.3984
31.500000	91.762909	85.1202
32.000000	91.889717	84.8028
32.500000	92.022873	84.4656
33.000000	92.156189	84.0665
33.500000	92.281586	83.6169
34.000000	92.395348	83.1675
34.500000	92.499939	82.7720
35.000000	92.603569	82.4615
35.500000	92.716248	82.2169
36.000000	92.842194	81.9659
36.500000	92.974655	81.6368
37.000000	93.100494	81.2266
37.500000	93.211945	80.8019
38.200001	93.353401	80.3017
38.700001	93.455811	80.0023
39.500000	93.621483	79.5034
40.000000	93.718178	79.1889
40.599998	93.831451	78.8612
41.200001	93.951248	78.5410
41.799999	94.070236	78.1502
42.500000	94.190674	77.6900
43.099998	94.293823	77.4160
43.700001	94.421051	77.1387
44.400002	94.574135	76.5570
45.000000	94.669342	75.9714
45.500000	94.732384	75.6336
46.200001	94.845306	75.3446
46.799999	94.962799	74.9631
47.500000	95.062553	74.3991
48.200001	95.137268	74.2018
48.700001	95.228897	74.2428
49.400002	95.406654	73.9640
50.000000	95.522865	73.3543
50.799999	95.598267	72.8232
51.500000	95.699829	72.7545
52.200001	95.841385	72.3783
53.000000	95.935425	71.7211
53.799999	96.015083	71.5505
54.500000	96.148254	71.3438
55.200001	96.264755	70.7408
56.000000	96.332634	70.1963
57.000000	96.455009	69.9821
58.000000	96.622353	69.5294
59.000000	96.765114	68.9119
60.000000	96.881851	68.3897
60.799999	96.984116	68.0533
61.500000	97.072556	67.6578
62.200001	97.138489	67.2748
63.000000	97.215622	67.0084
64.000000	97.339493	66.5696
65.000000	97.435883	66.0327
66.000000	97.541016	65.6375
67.000000	97.654045	65.1077
68.000000	97.751137	64.6185
69.000000	97.855614	64.1762
70.000000	97.956261	63.7510
71.000000	98.066246	63.3643
72.000000	98.172340	62.8836
73.000000	98.263901	62.4572
74.000000	98.360573	62.0606
75.000000	98.453369	61.6561
76.199997	98.571960	61.1845
77.500000	98.688850	60.5596
78.800003	98.793045	60.0900
80.000000	98.904602	59.6049
81.199997	98.997116	59.1310
82.500000	99.111771	58.6280
83.800003	99.207726	58.0935
85.000000	99.307991	57.6209
86.199997	99.389656	57.1563
87.500000	99.508667	56.7388
88.500000	99.588661	56.2399
90.000000	99.691635	55.6865
91.199997	99.776054	55.2163
92.500000	99.865761	54.7636
93.800003	99.952545	54.2799
95.000000	100.038147	53.8644
96.199997	100.117958	53.3798
97.500000	100.202728	52.9246
98.800003	100.284950	52.4348
100.000000	100.361763	52.0362
101.500000	100.455292	51.4675
103.000000	100.544495	50.9552
104.400002	100.628326	50.4450
106.000000	100.721649	49.9095
107.500000	100.812439	49.3860
109.000000	100.897690	48.8586
110.599998	100.981140	48.3316
112.000000	101.060173	47.8685
113.800003	101.151909	47.2589
115.000000	101.216049	46.8541
117.199997	101.328888	46.1244
118.000000	101.367950	45.8517
120.599998	101.498825	45.0151
122.000000	101.562424	44.5579
124.099998	101.657814	43.8932
125.000000	101.701561	43.5975
126.500000	101.767059	43.1020
128.000000	101.834305	42.6262
131.500000	101.985405	41.5347
132.000000	102.006470	41.3824
134.000000	102.091339	40.7604
136.000000	102.168198	40.1136
138.000000	102.257027	39.4948
140.000000	102.326851	38.9041
143.000000	102.440117	37.9934
145.000000	102.518234	37.3950
147.500000	102.606064	36.6656
150.000000	102.693367	35.9193
152.500000	102.779663	35.1874
155.000000	102.865479	34.4513
157.500000	102.944725	33.7113
160.000000	103.024063	32.9874
162.500000	103.105003	32.2873
165.000000	103.177490	31.5762
167.500000	103.251732	30.8563
170.000000	103.323288	30.1437
172.500000	103.392059	29.4347
175.000000	103.460907	28.7194
177.500000	103.529037	28.0426
180.000000	103.595558	27.3396
182.500000	103.654037	26.6234
185.000000	103.717041	25.9237
187.500000	103.780960	25.2367
190.000000	103.835770	24.5465
192.500000	103.895493	23.8499
195.000000	103.947800	23.1691
197.500000	104.003357	22.4849
200.000000	104.058609	21.7938
203.000000	104.117157	20.9686
206.000000	104.177711	20.1501
209.000000	104.236557	19.3307
212.000000	104.292297	18.5161
214.000000	104.328598	17.9724
218.000000	104.396347	16.8835
220.000000	104.431854	16.3321
224.000000	104.497208	15.2385
227.000000	104.544449	14.4239
230.000000	104.585556	13.6167
233.000000	104.630722	12.8068
236.000000	104.672630	11.9930
240.000000	104.727577	10.9120
243.000000	104.763824	10.1153
247.000000	104.809113	9.0119
250.000000	104.841095	8.2016
254.000000	104.881805	7.1248
258.000000	104.919205	6.0234
262.000000	104.953346	4.9398
265.000000	104.979721	4.1477
269.000000	105.007263	3.0583
272.000000	105.026718	2.2418
276.000000	105.049515	1.1625
280.000000	105.072670	0.0834
285.000000	105.088470	-1.2696
290.000000	105.105202	-2.6258
295.000000	105.116745	-3.9572
300.000000	105.124649	-5.3050
304.000000	105.121613	-6.3593
307.000000	105.119980	-7.1693
311.000000	105.114372	-8.2210
315.000000	105.105286	-9.2788
320.000000	105.090324	-10.6084
325.000000	105.070526	-11.9099
330.000000	105.043549	-13.1978
335.000000	105.013412	-14.5077
340.000000	104.978523	-15.7921
345.000000	104.936707	-17.0648
350.000000	104.891769	-18.3120
355.000000	104.842285	-19.5614
360.000000	104.785500	-20.7750
365.000000	104.725891	-21.9964
370.000000	104.662506	-23.1848
375.000000	104.593811	-24.3575
382.000000	104.494598	-25.9611
387.000000	104.420479	-27.0913
395.000000	104.289642	-28.8721
400.000000	104.204605	-29.9550
406.000000	104.097763	-31.2390
412.000000	103.987221	-32.5091
418.000000	103.868073	-33.7283
425.000000	103.727020	-35.1318
431.000000	103.600441	-36.3106
437.000000	103.468445	-37.4360
444.000000	103.306633	-38.7361
450.000000	103.165375	-39.8112
455.000000	103.042473	-40.6418
462.000000	102.871246	-41.8118
468.000000	102.719208	-42.7420
475.000000	102.539444	-43.7979
482.000000	102.361481	-44.7949
487.000000	102.229431	-45.4943
494.000000	102.045868	-46.4378
500.000000	101.883293	-47.2197
508.000000	101.664558	-48.1509
515.000000	101.477539	-48.9010
522.000000	101.291809	-49.6379
530.000000	101.088577	-50.4559
538.000000	100.876289	-51.2831
545.000000	100.689880	-52.0185
552.000000	100.497551	-52.7077
560.000000	100.270798	-53.4708
570.000000	99.981453	-54.3387
580.000000	99.683578	-55.1409
590.000000	99.380310	-55.8904
600.000000	99.070610	-56.5804
608.000000	98.810196	-57.0736
615.000000	98.577324	-57.4544
622.000000	98.333237	-57.8314
630.000000	98.043823	-58.1901
640.000000	97.648865	-58.5439
650.000000	97.203049	-58.6934
660.000000	96.684952	-58.4552
670.000000	96.042480	-57.2498
680.000000	95.325661	-53.4149
690.000000	95.128899	-45.0567
700.000000	96.253883	-39.6624
710.000000	97.153748	-43.0541
720.000000	97.255821	-47.4033
730.000000	97.046135	-50.2130
740.000000	96.752625	-51.9373
750.000000	96.452560	-53.0124
762.000000	96.111542	-53.7728
775.000000	95.757401	-54.1633
788.000000	95.419724	-54.2956
800.000000	95.121597	-54.2630
812.000000	94.833595	-54.0894
825.000000	94.542564	-53.7974
838.000000	94.257332	-53.4105
850.000000	94.002434	-52.9994
862.000000	93.757378	-52.5283
875.000000	93.507050	-51.9793
885.000000	93.318108	-51.5164
900.000000	93.044930	-50.7837
912.000000	92.838043	-50.1839
925.000000	92.626213	-49.5567
938.000000	92.416168	-48.8915
950.000000	92.231659	-48.2729
962.000000	92.050179	-47.6616
975.000000	91.871338	-46.9648
988.000000	91.696274	-46.3412
1000.000000	91.549263	-45.7969
1015.000000	91.377449	-45.2378
1030.000000	91.216179	-44.8603
1044.000000	91.083641	-44.7827
1060.000000	90.932327	-45.3965
1075.000000	90.735916	-47.2467
1090.000000	90.136070	-51.2026
1106.000000	88.238831	-51.8260
1120.000000	87.251854	-40.7311
1138.000000	87.731705	-32.5038
1150.000000	87.980438	-30.4762
1172.000000	88.139435	-28.3783
1180.000000	88.141068	-27.7871
1206.000000	88.046707	-25.8676
1220.000000	87.954712	-24.7836
1241.000000	87.789284	-23.0566
1250.000000	87.714539	-22.2656
1265.000000	87.590698	-20.9276
1280.000000	87.451538	-19.5782
1315.000000	87.136047	-16.0766
1320.000000	87.089645	-15.5252
1340.000000	86.911133	-13.3472
1360.000000	86.745598	-11.0146
1380.000000	86.600006	-8.5638
1400.000000	86.462196	-6.0407
1430.000000	86.299782	-2.0225
1450.000000	86.213341	0.7714
1475.000000	86.144440	4.3142
1500.000000	86.123337	7.9065
1525.000000	86.129471	11.5682
1550.000000	86.193634	15.2738
1575.000000	86.294487	18.8137
1600.000000	86.445190	22.3955
1625.000000	86.630302	25.7588
1650.000000	86.850563	28.9756
1675.000000	87.107193	32.0969
1700.000000	87.400604	35.0286
1725.000000	87.713310	37.7614
1750.000000	88.058594	40.2521
1775.000000	88.421600	42.5375
1800.000000	88.808395	44.6061
1825.000000	89.198517	46.4075
1850.000000	89.614586	47.9905
1875.000000	90.029190	49.3304
1900.000000	90.464508	50.3929
1925.000000	90.889221	51.2557
1950.000000	91.314072	51.8244
1975.000000	91.744873	52.2161
2000.000000	92.154602	52.3304
2030.000000	92.647324	52.1214
2060.000000	93.112190	51.5425
2090.000000	93.552475	50.6631
2120.000000	93.959526	49.4292
2140.000000	94.210938	48.4188
2180.000000	94.633942	46.1742
2200.000000	94.815109	44.8953
2240.000000	95.100677	42.1447
2270.000000	95.240547	40.0280
2300.000000	95.322166	37.8834
2330.000000	95.352646	35.8203
2360.000000	95.322769	33.8852
2400.000000	95.215408	31.5884
2430.000000	95.092949	30.1539
2470.000000	94.887695	28.5713
2500.000000	94.715584	27.6743
2540.000000	94.465988	26.8444
2580.000000	94.211632	26.4141
2620.000000	93.959633	26.2742
2650.000000	93.775101	26.3941
2690.000000	93.531120	26.8042
2720.000000	93.357887	27.2648
2760.000000	93.138023	28.0624
2800.000000	92.939430	29.0697
2850.000000	92.716949	30.6077
2900.000000	92.527023	32.3753
2950.000000	92.366524	34.3426
3000.000000	92.244797	36.4427
3040.000000	92.177002	38.2121
3070.000000	92.138977	39.5734
3110.000000	92.108589	41.4319
3150.000000	92.102188	43.3478
3200.000000	92.123024	45.7356
3250.000000	92.179619	48.1160
3300.000000	92.263115	50.5507
3350.000000	92.384239	52.9192
3400.000000	92.541779	55.3288
3450.000000	92.726669	57.6120
3500.000000	92.948044	59.8391
3550.000000	93.197014	62.0081
3600.000000	93.477394	64.0102
3650.000000	93.787994	65.8891
3700.000000	94.123024	67.6034
3750.000000	94.486542	69.1488
3820.000000	95.030975	70.9558
3870.000000	95.430046	71.9825
3950.000000	96.108261	73.1431
4000.000000	96.532631	73.5703
4060.000000	97.049568	73.7592
4120.000000	97.556396	73.6085
4180.000000	98.044594	73.1311
4250.000000	98.555969	72.1384
4310.000000	98.999870	71.7897
4370.000000	99.456604	70.6729
4440.000000	99.932526	69.2802
4500.000000	100.343567	68.1426
4550.000000	100.685913	66.4782
4620.000000	101.043289	64.9216
4680.000000	101.393654	63.6597
4750.000000	101.825829	62.1195
4820.000000	102.293915	60.4456
4870.000000	102.653481	59.1126
4940.000000	103.187988	56.9122
5000.000000	103.679825	54.6527
5080.000000	104.369919	50.8486
5150.000000	104.989868	46.6123
5220.000000	105.590485	41.3195
5300.000000	106.181717	33.7502
5380.000000	106.557915	24.6063
5450.000000	106.615341	15.7219
5520.000000	106.367661	6.7176
5600.000000	105.735054	-2.7052
5700.000000	104.584618	-12.0894
5800.000000	103.272308	-18.5485
5900.000000	101.970413	-22.5409
6000.000000	100.760132	-24.6939
6080.000000	99.882057	-25.4792
6150.000000	99.181976	-25.6384
6220.000000	98.543045	-25.4635
6300.000000	97.891708	-24.9424
6400.000000	97.174294	-23.9617
6500.000000	96.556877	-22.7424
6600.000000	96.026726	-21.4205
6700.000000	95.569725	-20.0163
6800.000000	95.172897	-18.5544
6900.000000	94.842659	-16.9971
7000.000000	94.594093	-15.2377
7100.000000	94.424652	-13.4229
7200.000000	94.367996	-11.6592
7300.000000	94.441650	-10.0520
7400.000000	94.638733	-8.8447
7500.000000	94.976303	-8.2134
7620.000000	95.580635	-8.7257
7750.000000	96.456116	-11.9317
7880.000000	97.414230	-19.4582
8000.000000	97.987297	-31.3109
8120.000000	97.719666	-46.5066
8250.000000	96.310555	-61.4847
8380.000000	94.289154	-71.5169
8500.000000	92.336517	-76.8278
8620.000000	90.458786	-79.5217
8750.000000	88.551384	-80.3205
8850.000000	87.187386	-79.9508
9000.000000	85.295135	-78.0730
9120.000000	83.922707	-75.8897
9250.000000	82.593956	-73.0811
9380.000000	81.321556	-69.7572
9500.000000	80.248428	-66.4278
9620.000000	79.246109	-63.0195
9750.000000	78.215233	-59.1621
9880.000000	77.263641	-55.3227
10000.000000	76.424133	-51.5866
10150.000000	75.549683	-46.5550
10300.000000	74.701988	-41.8680
10440.000000	74.026054	-36.9309
10600.000000	73.449730	-32.9002
10750.000000	72.762405	-29.1759
10900.000000	72.140053	-25.9013
11060.000000	71.606361	-21.3948
11200.000000	71.158432	-19.0251
11380.000000	70.299957	-15.3318
11500.000000	69.910583	-12.2084
11720.000000	69.340927	-6.0886
11800.000000	69.142151	-3.9429
12060.000000	68.774307	1.9790
12200.000000	68.775291	3.9783
12410.000000	68.737106	6.8008
12500.000000	68.724236	7.8781
12650.000000	68.757690	10.6500
12800.000000	69.097351	12.7273
13150.000000	69.906120	13.6648
13200.000000	69.977386	13.5544
13400.000000	70.844208	12.5694
13600.000000	71.680130	11.6224
13800.000000	72.836174	8.4580
14000.000000	74.300980	4.4808
14300.000000	76.983879	-5.8112
14500.000000	79.591988	-16.9791
14750.000000	83.556480	-47.7828
15000.000000	82.976997	-102.2384
15250.000000	78.900116	-122.9243
15500.000000	77.803581	-128.1030
15750.000000	78.443932	-143.2845
16000.000000	78.472733	-167.2285
16250.000000	77.345055	169.5664
16500.000000	76.179382	149.7086
16750.000000	75.024895	131.2137
17000.000000	74.357887	113.3166
17250.000000	73.743736	93.8529
17500.000000	73.370956	72.0667
17750.000000	73.151581	47.4437
18000.000000	72.887978	18.4454
18250.000000	72.420807	-14.5819
18500.000000	71.717506	-50.2427
18750.000000	70.559967	-87.7734
19000.000000	70.025673	-125.7708
19250.000000	70.115746	-173.7115
19500.000000	70.420242	127.1556
19750.000000	70.538055	53.6584
