* Measurement data measured by REW V5.20
* Source: USB-C to 3.5mm Headphone Jack Adapter, USB-C to 3.5mm Headphone Jack Adapter, 0, volume: 0.138
* Format: 256k Log Swept Sine, 1 sweep at -12.0 dBFS with no timing reference
* Dated: Jun 17, 2024 6:23:25 PM
* REW Settings:
*  C-weighting compensation: Off
*  Target level: 75.0 dB
* Note: 
* Measurement: L
* Smoothing: None
* Frequency Step: 1/48 octave
* Start Frequency: 20.300 Hz
*
* Freq(Hz)	SPL(dB)	Phase(degrees)
20.299999	106.971222	174.2894
20.600000	106.964935	173.7197
20.900000	106.947441	173.2096
21.200001	106.926140	172.7191
21.400000	106.911942	172.4019
21.799999	106.886070	171.7809
22.000000	106.874680	171.4721
22.400000	106.853729	170.8497
22.700001	106.837898	170.3749
23.000000	106.820663	169.8944
23.299999	106.801407	169.4115
23.600000	106.780144	168.9320
24.000000	106.749664	168.3125
24.299999	106.726768	167.8743
24.700001	106.698891	167.3362
25.000000	106.681366	166.9619
25.400000	106.662018	166.4771
25.799999	106.641708	165.9709
26.200001	106.611809	165.4298
26.500000	106.580078	165.0188
26.900000	106.529778	164.5073
27.200001	106.493683	164.1689
27.600000	106.460960	163.7553
28.000000	106.450829	163.3197
28.500000	106.453377	162.6727
29.000000	106.437965	162.0209
29.500000	106.396271	161.5767
30.000000	106.359047	161.3235
30.400000	106.346283	161.0226
30.700001	106.337799	160.6055
31.100000	106.305084	159.7694
31.500000	106.230209	158.8031
32.000000	106.099136	157.8884
32.500000	106.004028	157.5909
33.000000	106.008080	157.5914
33.500000	106.074371	157.3394
34.000000	106.105095	156.7126
34.500000	106.054443	156.0421
35.000000	105.962975	155.6099
35.500000	105.892998	155.3184
36.000000	105.858940	154.9026
36.500000	105.833069	154.3247
37.000000	105.796486	153.7800
37.500000	105.756538	153.3940
38.200001	105.707870	152.9499
38.700001	105.667366	152.5615
39.500000	105.587967	151.8596
40.000000	105.544144	151.4071
40.599998	105.497215	150.8532
41.200001	105.445938	150.3737
41.799999	105.395493	150.0128
42.500000	105.344429	149.5807
43.099998	105.292732	149.1069
43.700001	105.229233	148.6404
44.400002	105.163269	148.1975
45.000000	105.119148	147.8315
45.500000	105.079567	147.5140
46.200001	105.012154	147.1198
46.799999	104.955254	146.8468
47.500000	104.903999	146.5197
48.200001	104.867897	146.1477
48.700001	104.849106	145.8765
49.400002	104.825058	145.4823
50.000000	104.792007	145.1161
50.799999	104.723068	144.6560
51.500000	104.670868	144.2814
52.200001	104.646545	143.7681
53.000000	104.615784	143.0294
53.799999	104.558945	142.5101
54.500000	104.512718	142.2442
55.200001	104.468185	141.8858
56.000000	104.400375	141.3653
57.000000	104.328995	140.7891
58.000000	104.266380	140.1656
59.000000	104.169319	139.7006
60.000000	104.092796	139.3334
60.799999	104.038483	138.8786
61.500000	103.978287	138.4738
62.200001	103.917297	138.1451
63.000000	103.856949	137.7926
64.000000	103.784973	137.3511
65.000000	103.718025	136.9685
66.000000	103.653671	136.5616
67.000000	103.582993	136.1616
68.000000	103.516296	135.8078
69.000000	103.455544	135.4359
70.000000	103.396210	135.0229
71.000000	103.339767	134.6066
72.000000	103.280838	134.1963
73.000000	103.214249	133.8186
74.000000	103.150970	133.4279
75.000000	103.088280	133.0013
76.199997	103.013153	132.5432
77.500000	102.932327	132.0564
78.800003	102.848549	131.5853
80.000000	102.772415	131.1939
81.199997	102.699539	130.8178
82.500000	102.620819	130.3914
83.800003	102.541206	129.9849
85.000000	102.468735	129.6376
86.199997	102.400513	129.2821
87.500000	102.325714	128.9386
88.500000	102.273781	128.6573
90.000000	102.192871	128.2381
91.199997	102.131966	127.9046
92.500000	102.065605	127.5494
93.800003	101.999466	127.1776
95.000000	101.938293	126.8273
96.199997	101.876015	126.5230
97.500000	101.810318	126.1433
98.800003	101.743439	125.8327
100.000000	101.684029	125.5046
101.500000	101.608704	125.1654
103.000000	101.536324	124.7855
104.400002	101.476341	124.4415
106.000000	101.405739	124.0587
107.500000	101.335411	123.6315
109.000000	101.265686	123.2669
110.599998	101.185722	122.8861
112.000000	101.121658	122.5348
113.800003	101.036400	122.1649
115.000000	100.983315	121.8732
117.199997	100.883102	121.4221
118.000000	100.843864	121.2441
120.599998	100.739563	120.6524
122.000000	100.677444	120.4760
124.099998	100.590286	120.0863
125.000000	100.556763	119.8811
126.500000	100.488586	119.6014
128.000000	100.432343	119.3147
131.500000	100.295433	118.6634
132.000000	100.276749	118.5752
134.000000	100.198959	118.2082
136.000000	100.123711	117.8558
138.000000	100.051826	117.5154
140.000000	99.976578	117.1454
143.000000	99.874466	116.6803
145.000000	99.800797	116.3226
147.500000	99.721237	115.9490
150.000000	99.630600	115.5238
152.500000	99.553101	115.1601
155.000000	99.472832	114.7543
157.500000	99.393372	114.3977
160.000000	99.318268	114.0229
162.500000	99.243195	113.6467
165.000000	99.170792	113.2939
167.500000	99.097252	112.9452
170.000000	99.026199	112.6007
172.500000	98.958649	112.2577
175.000000	98.889206	111.9177
177.500000	98.822037	111.5727
180.000000	98.769066	111.2198
182.500000	98.694336	110.9446
185.000000	98.629051	110.6191
187.500000	98.568436	110.3059
190.000000	98.505341	110.0022
192.500000	98.445274	109.6957
195.000000	98.386429	109.4027
197.500000	98.330399	109.1274
200.000000	98.274719	108.8315
203.000000	98.205414	108.5165
206.000000	98.142006	108.2083
209.000000	98.077087	107.9309
212.000000	98.019356	107.6742
214.000000	97.985550	107.4926
218.000000	97.922531	107.1668
220.000000	97.896851	106.9867
224.000000	97.852310	106.5803
227.000000	97.819351	106.2260
230.000000	97.787277	105.8391
233.000000	97.749878	105.4164
236.000000	97.710876	105.0215
240.000000	97.633080	104.5769
243.000000	97.612228	104.0809
247.000000	97.552864	103.5627
250.000000	97.507957	103.1892
254.000000	97.448006	102.6913
258.000000	97.387428	102.2173
262.000000	97.331352	101.7668
265.000000	97.290276	101.4275
269.000000	97.236786	100.9656
272.000000	97.196228	100.6570
276.000000	97.141068	100.2222
280.000000	97.091583	99.8133
285.000000	97.029236	99.2814
290.000000	96.972298	98.7755
295.000000	96.912529	98.2824
300.000000	96.860207	97.8416
304.000000	96.813019	97.3980
307.000000	96.783478	97.1173
311.000000	96.739838	96.7360
315.000000	96.698929	96.3770
320.000000	96.653015	95.9321
325.000000	96.606682	95.4882
330.000000	96.564590	95.0417
335.000000	96.524483	94.6461
340.000000	96.492188	94.1816
345.000000	96.452591	93.7296
350.000000	96.417725	93.2777
355.000000	96.385132	92.8282
360.000000	96.351021	92.3782
365.000000	96.316833	91.9008
370.000000	96.283493	91.4622
375.000000	96.245819	91.0132
382.000000	96.198669	90.4083
387.000000	96.166046	89.9857
395.000000	96.112953	89.3520
400.000000	96.081886	88.9583
406.000000	96.045883	88.4731
412.000000	96.011139	88.0103
418.000000	95.977753	87.5336
425.000000	95.935921	86.9949
431.000000	95.900764	86.5355
437.000000	95.865448	86.0768
444.000000	95.826958	85.5585
450.000000	95.790756	85.1373
455.000000	95.761810	84.7903
462.000000	95.717079	84.3149
468.000000	95.680351	83.9605
475.000000	95.639282	83.5473
482.000000	95.592926	83.1481
487.000000	95.567444	82.9107
494.000000	95.534096	82.5763
500.000000	95.507828	82.2903
508.000000	95.472382	81.9565
515.000000	95.446167	81.6597
522.000000	95.428696	81.4463
530.000000	95.416763	81.1341
538.000000	95.414978	80.7725
545.000000	95.407120	80.4138
552.000000	95.398407	80.0387
560.000000	95.378159	79.5965
570.000000	95.350571	79.1074
580.000000	95.321182	78.6471
590.000000	95.296494	78.2460
600.000000	95.271248	77.8738
608.000000	95.255478	77.5423
615.000000	95.235153	77.2992
622.000000	95.217026	77.0356
630.000000	95.200676	76.7888
640.000000	95.179985	76.4783
650.000000	95.158600	76.1894
660.000000	95.135750	75.9054
670.000000	95.121628	75.7000
680.000000	95.103157	75.4558
690.000000	95.089729	75.2759
700.000000	95.079422	75.1080
710.000000	95.069206	74.9488
720.000000	95.061913	74.8186
730.000000	95.058189	74.6716
740.000000	95.054153	74.5252
750.000000	95.055443	74.4074
762.000000	95.050400	74.2710
775.000000	95.049812	74.1670
788.000000	95.054016	74.0776
800.000000	95.055229	74.0119
812.000000	95.068069	73.9895
825.000000	95.075493	73.9630
838.000000	95.089149	73.9852
850.000000	95.107788	73.9776
862.000000	95.126587	74.0126
875.000000	95.154305	74.0664
885.000000	95.174339	74.1029
900.000000	95.214104	74.1773
912.000000	95.247101	74.2495
925.000000	95.283974	74.3459
938.000000	95.330246	74.4264
950.000000	95.371811	74.5163
962.000000	95.418991	74.5894
975.000000	95.475189	74.6932
988.000000	95.531815	74.7833
1000.000000	95.589630	74.8742
1015.000000	95.662231	74.9681
1030.000000	95.743065	75.0604
1044.000000	95.819778	75.1371
1060.000000	95.913925	75.2095
1075.000000	96.006187	75.2734
1090.000000	96.102715	75.3204
1106.000000	96.208496	75.3390
1120.000000	96.305489	75.3556
1138.000000	96.439377	75.3294
1150.000000	96.527519	75.2545
1172.000000	96.696388	75.0830
1180.000000	96.756546	74.9903
1206.000000	96.955154	74.6495
1220.000000	97.061852	74.3751
1241.000000	97.212898	73.9466
1250.000000	97.275490	73.7398
1265.000000	97.376900	73.3886
1280.000000	97.474838	73.0082
1315.000000	97.683777	72.0308
1320.000000	97.713020	71.9189
1340.000000	97.816879	71.3213
1360.000000	97.912560	70.7574
1380.000000	98.005020	70.1855
1400.000000	98.086296	69.6745
1430.000000	98.201706	68.9111
1450.000000	98.274254	68.4383
1475.000000	98.362358	67.8952
1500.000000	98.448532	67.3828
1525.000000	98.539856	66.8899
1550.000000	98.628189	66.3876
1575.000000	98.711067	65.9079
1600.000000	98.792404	65.4758
1625.000000	98.875969	65.1178
1650.000000	98.967796	64.7793
1675.000000	99.072067	64.4347
1700.000000	99.182343	64.0444
1725.000000	99.299606	63.6158
1750.000000	99.413986	63.1188
1775.000000	99.529495	62.5569
1800.000000	99.645699	61.9102
1825.000000	99.746811	61.2534
1850.000000	99.841248	60.5536
1875.000000	99.928032	59.8564
1900.000000	100.010536	59.1839
1925.000000	100.087601	58.5231
1950.000000	100.162918	57.8706
1975.000000	100.239502	57.2119
2000.000000	100.310486	56.5580
2030.000000	100.399963	55.7545
2060.000000	100.485374	54.9532
2090.000000	100.570282	54.1085
2120.000000	100.653580	53.2635
2140.000000	100.706085	52.6714
2180.000000	100.805885	51.4443
2200.000000	100.851822	50.8203
2240.000000	100.933678	49.5326
2270.000000	100.986198	48.5375
2300.000000	101.032799	47.5422
2330.000000	101.070168	46.5365
2360.000000	101.098175	45.5298
2400.000000	101.126938	44.1852
2430.000000	101.133781	43.1997
2470.000000	101.130600	41.9318
2500.000000	101.120667	40.9924
2540.000000	101.098190	39.8343
2580.000000	101.070221	38.7560
2620.000000	101.040955	37.7003
2650.000000	101.017738	36.9637
2690.000000	100.981674	35.9625
2720.000000	100.950974	35.2546
2760.000000	100.902184	34.3052
2800.000000	100.847885	33.4191
2850.000000	100.771004	32.4053
2900.000000	100.689293	31.4926
2950.000000	100.605072	30.6960
3000.000000	100.526489	29.9844
3040.000000	100.464050	29.4793
3070.000000	100.420303	29.1241
3110.000000	100.365761	28.6926
3150.000000	100.309395	28.3098
3200.000000	100.248833	27.8682
3250.000000	100.192307	27.4629
3300.000000	100.143883	27.1298
3350.000000	100.103745	26.8304
3400.000000	100.076050	26.5240
3450.000000	100.060966	26.2193
3500.000000	100.054771	25.8605
3550.000000	100.051796	25.4240
3600.000000	100.047157	24.9172
3650.000000	100.036201	24.3395
3700.000000	100.018135	23.6906
3750.000000	99.985214	22.9820
3820.000000	99.906754	21.9524
3870.000000	99.822792	21.2422
3950.000000	99.631821	20.2910
4000.000000	99.485031	19.9520
4060.000000	99.288887	19.9291
4120.000000	99.108795	20.4304
4180.000000	98.994659	21.3235
4250.000000	98.970352	22.5090
4310.000000	99.038002	23.2525
4370.000000	99.142776	23.5489
4440.000000	99.259697	23.2874
4500.000000	99.330078	22.7325
4550.000000	99.354073	22.1021
4620.000000	99.337296	21.1654
4680.000000	99.278412	20.4260
4750.000000	99.168037	19.6470
4820.000000	99.026497	19.1203
4870.000000	98.911240	18.8817
4940.000000	98.742767	18.8020
5000.000000	98.603508	18.9438
5080.000000	98.437332	19.3768
5150.000000	98.319740	19.9063
5220.000000	98.228844	20.4490
5300.000000	98.154961	21.0447
5380.000000	98.096283	21.5078
5450.000000	98.044792	21.7961
5520.000000	97.980270	22.0042
5600.000000	97.894966	22.1773
5700.000000	97.755058	22.4775
5800.000000	97.584503	22.9450
5900.000000	97.406448	23.7095
6000.000000	97.232407	24.7316
6080.000000	97.109016	25.7665
6150.000000	97.016647	26.8029
6220.000000	96.946281	27.9324
6300.000000	96.890869	29.3195
6400.000000	96.872421	31.1602
6500.000000	96.906670	33.0490
6600.000000	97.008949	34.9081
6700.000000	97.165001	36.7210
6800.000000	97.388306	38.3517
6900.000000	97.671814	39.7855
7000.000000	98.028076	40.9447
7100.000000	98.454132	41.7069
7200.000000	98.947800	42.0048
7300.000000	99.515671	41.6591
7400.000000	100.134750	40.3795
7500.000000	100.761894	38.0541
7620.000000	101.492096	34.1272
7750.000000	102.255379	27.7134
7880.000000	102.734833	18.7985
8000.000000	102.729149	9.5622
8120.000000	102.316078	1.0200
8250.000000	101.566223	-6.2794
8380.000000	100.717644	-11.5042
8500.000000	99.952469	-14.8659
8620.000000	99.234352	-17.2918
8750.000000	98.530518	-19.1393
8850.000000	98.041496	-20.2051
9000.000000	97.302979	-21.7719
9120.000000	96.956566	-19.9279
9250.000000	96.742569	-21.8901
9380.000000	96.445381	-23.4986
9500.000000	96.181602	-25.3451
9620.000000	95.886841	-27.5985
9750.000000	95.475357	-30.4335
9880.000000	94.931152	-33.4290
10000.000000	94.311600	-35.8591
10150.000000	93.380501	-38.1050
10300.000000	92.367439	-38.9800
10440.000000	91.393738	-38.4323
10600.000000	90.358162	-36.2611
10750.000000	89.536407	-33.1565
10900.000000	88.903122	-29.2235
11060.000000	88.465439	-24.6743
11200.000000	88.250786	-20.8487
11380.000000	88.201408	-16.4423
11500.000000	88.295219	-14.1421
11720.000000	88.638618	-11.3521
11800.000000	88.796951	-10.8799
12060.000000	89.370590	-11.2813
12200.000000	89.663116	-12.4284
12410.000000	90.106766	-15.0192
12500.000000	90.292519	-16.5771
12650.000000	90.620010	-19.5942
12800.000000	90.918243	-22.8853
13150.000000	91.724091	-32.0104
13200.000000	91.859406	-33.5258
13400.000000	92.458282	-39.7211
13600.000000	93.244827	-47.0017
13800.000000	94.163704	-55.8153
14000.000000	95.245361	-66.4355
14300.000000	97.094948	-87.4268
14500.000000	98.293411	-106.8119
14750.000000	98.882851	-137.1615
15000.000000	98.000366	-167.2345
15250.000000	96.422005	169.4800
15500.000000	95.178299	150.8871
15750.000000	94.388893	131.1460
16000.000000	93.493195	112.0170
16250.000000	93.157417	88.5656
16500.000000	91.953018	62.2369
16750.000000	90.514610	37.4098
17000.000000	88.911148	14.8019
17250.000000	88.079857	-5.7904
17500.000000	88.177780	-30.9873
17750.000000	88.816849	-63.8206
18000.000000	89.715477	-105.9084
18250.000000	90.360611	-159.5878
18500.000000	89.836464	137.3895
18750.000000	88.175850	72.6927
19000.000000	86.334694	6.5569
19250.000000	84.136566	-64.4485
19500.000000	81.882446	-136.2382
19750.000000	80.280899	134.1696
