* Measurement data measured by REW V5.31.3
* Source: USB-C to 3.5mm Headphone Jack Adapter, , 0, volume: 0.138
* Format: 256k Log Swept Sine, 1 sweep at -12.0 dBFS with no timing reference
* Dated: Nov 10, 2025 3:34:25 PM
* REW Settings:
*  C-weighting compensation: Off
*  Target level: 75.0 dB
* Note: ; 
* Measurement: L
* Smoothing: None
* Frequency Step: 1/48 octave
* Start Frequency: 20.000 Hz
*
* Freq(Hz)	SPL(dB)	Phase(degrees)
20.000000	102.930	-172.7183
20.299999	102.917	-173.2867
20.600000	102.905	-173.8255
20.900000	102.894	-174.3409
21.200001	102.887	-174.8467
21.400000	102.883	-175.1858
21.799999	102.875	-175.8743
22.000000	102.870	-176.2212
22.400000	102.858	-176.9073
22.700001	102.847	-177.4041
23.000000	102.837	-177.8864
23.299999	102.828	-178.3640
23.600000	102.820	-178.8499
24.000000	102.806	-179.5214
24.299999	102.790	179.9699
24.700001	102.760	179.3245
25.000000	102.735	178.8908
25.400000	102.703	178.3846
25.799999	102.681	177.9172
26.200001	102.667	177.4243
26.500000	102.656	177.0197
26.900000	102.635	176.4597
27.200001	102.613	176.0582
27.600000	102.582	175.5858
28.000000	102.558	175.1738
28.500000	102.544	174.6425
29.000000	102.534	173.9858
29.500000	102.507	173.2402
30.000000	102.458	172.5571
30.400000	102.415	172.1139
30.700001	102.388	171.8265
31.100000	102.360	171.4538
31.500000	102.338	171.0473
32.000000	102.307	170.4911
32.500000	102.267	169.9427
33.000000	102.224	169.4467
33.500000	102.186	168.9821
34.000000	102.151	168.5115
34.500000	102.114	168.0326
35.000000	102.076	167.5631
35.500000	102.038	167.1057
36.000000	102.000	166.6525
36.500000	101.960	166.2071
37.000000	101.920	165.7786
37.500000	101.881	165.3617
38.200001	101.827	164.7696
38.700001	101.786	164.3454
39.500000	101.715	163.7156
40.000000	101.673	163.3541
40.599998	101.625	162.9243
41.200001	101.578	162.4846
41.799999	101.529	162.0458
42.500000	101.471	161.5514
43.099998	101.421	161.1375
43.700001	101.370	160.7240
44.400002	101.308	160.2580
45.000000	101.255	159.8866
45.500000	101.212	159.5857
46.200001	101.152	159.1604
46.799999	101.099	158.8066
47.500000	101.040	158.4132
48.200001	100.982	158.0048
48.700001	100.938	157.7088
49.400002	100.874	157.3267
50.000000	100.821	157.0155
50.799999	100.749	156.6057
51.500000	100.687	156.3085
52.200001	100.639	156.0074
53.000000	100.582	155.5095
53.799999	100.493	155.0414
54.500000	100.416	154.8110
55.200001	100.358	154.5915
56.000000	100.290	154.2533
57.000000	100.195	153.8978
58.000000	100.112	153.5409
59.000000	100.022	153.1476
60.000000	99.929	152.7883
60.799999	99.854	152.5261
61.500000	99.792	152.3199
62.200001	99.733	152.1052
63.000000	99.663	151.8539
64.000000	99.575	151.5575
65.000000	99.484	151.2869
66.000000	99.399	151.0527
67.000000	99.312	150.7834
68.000000	99.223	150.5640
69.000000	99.138	150.3232
70.000000	99.047	150.1292
71.000000	98.967	149.9297
72.000000	98.875	149.7216
73.000000	98.795	149.6112
74.000000	98.711	149.3768
75.000000	98.613	149.2885
76.199997	98.528	149.1842
77.500000	98.417	148.9187
78.800003	98.296	148.8067
80.000000	98.203	148.7131
81.199997	98.102	148.5724
82.500000	98.000	148.5128
83.800003	97.898	148.3881
85.000000	97.799	148.3805
86.199997	97.720	148.3312
87.500000	97.607	148.2398
88.500000	97.529	148.3099
90.000000	97.422	148.2842
91.199997	97.331	148.2741
92.500000	97.231	148.3134
93.800003	97.144	148.3283
95.000000	97.050	148.3168
96.199997	96.960	148.4252
97.500000	96.877	148.4948
98.800003	96.787	148.5344
100.000000	96.699	148.5814
101.500000	96.595	148.7458
103.000000	96.502	148.8381
104.400002	96.410	148.9449
106.000000	96.309	149.0929
107.500000	96.214	149.2797
109.000000	96.126	149.4471
110.599998	96.029	149.6295
112.000000	95.941	149.7812
113.800003	95.830	150.0362
115.000000	95.763	150.2040
117.199997	95.645	150.4481
118.000000	95.605	150.5960
120.599998	95.449	150.9366
122.000000	95.397	151.1719
124.099998	95.282	151.5418
125.000000	95.234	151.7031
126.500000	95.167	151.9949
128.000000	95.096	152.2047
131.500000	94.940	152.8066
132.000000	94.917	152.9222
134.000000	94.833	153.2894
136.000000	94.748	153.6201
138.000000	94.655	153.9957
140.000000	94.581	154.3358
143.000000	94.469	154.9355
145.000000	94.398	155.3321
147.500000	94.307	155.8197
150.000000	94.219	156.3325
152.500000	94.138	156.8369
155.000000	94.053	157.3136
157.500000	93.977	157.7842
160.000000	93.910	158.1599
162.500000	93.844	158.7831
165.000000	93.776	159.3069
167.500000	93.712	159.8342
170.000000	93.650	160.2821
172.500000	93.595	160.7939
175.000000	93.529	161.2437
177.500000	93.479	161.7411
180.000000	93.433	162.2165
182.500000	93.380	162.7122
185.000000	93.326	163.1914
187.500000	93.284	163.6776
190.000000	93.237	164.1617
192.500000	93.199	164.6214
195.000000	93.156	165.1486
197.500000	93.114	165.6340
200.000000	93.082	166.1127
203.000000	93.044	166.7166
206.000000	93.009	167.2715
209.000000	92.985	167.8027
212.000000	92.960	168.3887
214.000000	92.940	168.6536
218.000000	92.906	169.3004
220.000000	92.891	169.6075
224.000000	92.859	170.2007
227.000000	92.828	170.6192
230.000000	92.805	171.0613
233.000000	92.781	171.5058
236.000000	92.759	171.9283
240.000000	92.720	172.4691
243.000000	92.699	172.9326
247.000000	92.674	173.4774
250.000000	92.652	173.8952
254.000000	92.632	174.4499
258.000000	92.605	174.9801
262.000000	92.585	175.4839
265.000000	92.566	175.9239
269.000000	92.546	176.3987
272.000000	92.525	176.7352
276.000000	92.511	177.2314
280.000000	92.488	177.7028
285.000000	92.463	178.2924
290.000000	92.437	178.8972
295.000000	92.416	179.4898
300.000000	92.393	-179.9637
304.000000	92.374	-179.4966
307.000000	92.362	-179.1643
311.000000	92.344	-178.7107
315.000000	92.329	-178.2783
320.000000	92.310	-177.7007
325.000000	92.296	-177.1696
330.000000	92.274	-176.6399
335.000000	92.252	-176.1012
340.000000	92.242	-175.5760
345.000000	92.223	-175.0675
350.000000	92.208	-174.5455
355.000000	92.190	-174.0538
360.000000	92.176	-173.5354
365.000000	92.158	-173.0396
370.000000	92.148	-172.5477
375.000000	92.129	-172.0675
382.000000	92.107	-171.3873
387.000000	92.095	-170.9113
395.000000	92.076	-170.1096
400.000000	92.061	-169.6488
406.000000	92.048	-169.0932
412.000000	92.028	-168.5357
418.000000	92.014	-167.9630
425.000000	92.001	-167.2905
431.000000	91.986	-166.7287
437.000000	91.969	-166.1750
444.000000	91.957	-165.5314
450.000000	91.943	-164.9625
455.000000	91.935	-164.4973
462.000000	91.926	-163.8287
468.000000	91.916	-163.3416
475.000000	91.907	-162.7126
482.000000	91.896	-162.1187
487.000000	91.887	-161.7011
494.000000	91.871	-161.1086
500.000000	91.864	-160.5983
508.000000	91.841	-159.9509
515.000000	91.825	-159.3454
522.000000	91.809	-158.7389
530.000000	91.793	-158.0369
538.000000	91.774	-157.3573
545.000000	91.755	-156.7237
552.000000	91.743	-156.1297
560.000000	91.728	-155.4127
570.000000	91.708	-154.5018
580.000000	91.690	-153.6505
590.000000	91.668	-152.7405
600.000000	91.655	-151.8382
608.000000	91.635	-151.1152
615.000000	91.626	-150.4885
622.000000	91.616	-149.8865
630.000000	91.602	-149.1496
640.000000	91.591	-148.2291
650.000000	91.577	-147.3082
660.000000	91.562	-146.4009
670.000000	91.554	-145.4683
680.000000	91.542	-144.5560
690.000000	91.533	-143.6085
700.000000	91.523	-142.6465
710.000000	91.520	-141.7208
720.000000	91.515	-140.7797
730.000000	91.508	-139.8149
740.000000	91.508	-138.8492
750.000000	91.504	-137.8700
762.000000	91.505	-136.7324
775.000000	91.510	-135.4920
788.000000	91.518	-134.2208
800.000000	91.529	-133.0102
812.000000	91.539	-131.8128
825.000000	91.554	-130.5393
838.000000	91.572	-129.2507
850.000000	91.596	-128.0403
862.000000	91.623	-126.8415
875.000000	91.656	-125.5576
885.000000	91.683	-124.5459
900.000000	91.729	-123.0670
912.000000	91.770	-121.8665
925.000000	91.825	-120.5847
938.000000	91.874	-119.3124
950.000000	91.930	-118.1447
962.000000	91.986	-117.0214
975.000000	92.055	-115.8080
988.000000	92.128	-114.5983
1000.000000	92.198	-113.5030
1015.000000	92.287	-112.1655
1030.000000	92.387	-110.8507
1044.000000	92.479	-109.6986
1060.000000	92.592	-108.4160
1075.000000	92.697	-107.2592
1090.000000	92.807	-106.0999
1106.000000	92.924	-104.9604
1120.000000	93.029	-103.9827
1138.000000	93.161	-102.7779
1150.000000	93.247	-102.0323
1172.000000	93.411	-100.7111
1180.000000	93.465	-100.2387
1206.000000	93.651	-98.8060
1220.000000	93.746	-98.0562
1241.000000	93.886	-96.9774
1250.000000	93.947	-96.5391
1265.000000	94.043	-95.8022
1280.000000	94.137	-95.1292
1315.000000	94.346	-93.5572
1320.000000	94.373	-93.3486
1340.000000	94.488	-92.5078
1360.000000	94.592	-91.6977
1380.000000	94.695	-90.9285
1400.000000	94.789	-90.1587
1430.000000	94.924	-89.0553
1450.000000	95.003	-88.3184
1475.000000	95.093	-87.4155
1500.000000	95.179	-86.4573
1525.000000	95.254	-85.5102
1550.000000	95.323	-84.5283
1575.000000	95.395	-83.4884
1600.000000	95.460	-82.4290
1625.000000	95.532	-81.3768
1650.000000	95.599	-80.2696
1675.000000	95.668	-79.1534
1700.000000	95.737	-78.0150
1725.000000	95.810	-76.8834
1750.000000	95.887	-75.7289
1775.000000	95.965	-74.6193
1800.000000	96.045	-73.4626
1825.000000	96.128	-72.3268
1850.000000	96.214	-71.1939
1875.000000	96.303	-70.0690
1900.000000	96.393	-68.9741
1925.000000	96.487	-67.8787
1950.000000	96.580	-66.8008
1975.000000	96.681	-65.7511
2000.000000	96.779	-64.7126
2030.000000	96.901	-63.5164
2060.000000	97.026	-62.3507
2090.000000	97.150	-61.2086
2120.000000	97.279	-60.1101
2140.000000	97.362	-59.4020
2180.000000	97.535	-58.0655
2200.000000	97.621	-57.4138
2240.000000	97.791	-56.2104
2270.000000	97.918	-55.3436
2300.000000	98.043	-54.5527
2330.000000	98.165	-53.7942
2360.000000	98.281	-53.0689
2400.000000	98.434	-52.2020
2430.000000	98.542	-51.5858
2470.000000	98.676	-50.8504
2500.000000	98.770	-50.3187
2540.000000	98.885	-49.6957
2580.000000	98.989	-49.1106
2620.000000	99.080	-48.5714
2650.000000	99.140	-48.1787
2690.000000	99.208	-47.6931
2720.000000	99.249	-47.3351
2760.000000	99.293	-46.8697
2800.000000	99.326	-46.4103
2850.000000	99.345	-45.8037
2900.000000	99.350	-45.1908
2950.000000	99.337	-44.5356
3000.000000	99.312	-43.8260
3040.000000	99.285	-43.2066
3070.000000	99.258	-42.7178
3110.000000	99.219	-42.0604
3150.000000	99.177	-41.3488
3200.000000	99.119	-40.4399
3250.000000	99.055	-39.4636
3300.000000	98.987	-38.4534
3350.000000	98.921	-37.3956
3400.000000	98.854	-36.3073
3450.000000	98.783	-35.1926
3500.000000	98.713	-34.0899
3550.000000	98.636	-32.9593
3600.000000	98.555	-31.7002
3650.000000	98.503	-30.4760
3700.000000	98.439	-29.3661
3750.000000	98.364	-28.2294
3820.000000	98.255	-26.6174
3870.000000	98.178	-25.4401
3950.000000	98.048	-23.5330
4000.000000	97.967	-22.3281
4060.000000	97.864	-20.8898
4120.000000	97.762	-19.4036
4180.000000	97.661	-17.8658
4250.000000	97.551	-16.0396
4310.000000	97.469	-14.4178
4370.000000	97.409	-12.8055
4440.000000	97.356	-11.0201
4500.000000	97.331	-9.6299
4550.000000	97.316	-8.5919
4620.000000	97.301	-7.3561
4680.000000	97.283	-6.5338
4750.000000	97.248	-5.7741
4820.000000	97.180	-5.2925
4870.000000	97.111	-5.0702
4940.000000	96.980	-4.8517
5000.000000	96.838	-4.6991
5080.000000	96.598	-4.5247
5150.000000	96.354	-4.3344
5220.000000	96.076	-4.0248
5300.000000	95.726	-3.5213
5380.000000	95.359	-2.8190
5450.000000	95.028	-2.0534
5520.000000	94.695	-1.1376
5600.000000	94.319	0.0991
5700.000000	93.876	1.8036
5800.000000	93.455	3.7389
5900.000000	93.088	5.7371
6000.000000	92.761	7.7890
6080.000000	92.551	9.3891
6150.000000	92.391	10.7210
6220.000000	92.261	11.9905
6300.000000	92.148	13.3137
6400.000000	92.070	14.7175
6500.000000	92.047	15.7559
6600.000000	92.076	16.4406
6700.000000	92.165	16.6929
6800.000000	92.290	16.4248
6900.000000	92.466	15.6331
7000.000000	92.646	14.3288
7100.000000	92.843	12.4886
7200.000000	93.031	10.2666
7300.000000	93.214	7.5857
7400.000000	93.372	4.5200
7500.000000	93.487	1.2905
7620.000000	93.599	-2.6383
7750.000000	93.687	-6.9390
7880.000000	93.746	-11.2806
8000.000000	93.791	-15.3062
8120.000000	93.804	-19.4002
8250.000000	93.783	-24.0518
8380.000000	93.693	-28.9873
8500.000000	93.499	-33.8418
8620.000000	93.136	-38.8955
8750.000000	92.474	-43.8054
8850.000000	91.803	-46.5215
9000.000000	90.734	-48.5693
9120.000000	89.886	-48.9076
9250.000000	88.999	-48.1936
9380.000000	88.119	-46.5904
9500.000000	87.352	-44.3773
9620.000000	86.646	-41.5511
9750.000000	85.904	-37.5762
9880.000000	85.226	-33.2910
10000.000000	84.657	-28.8878
10150.000000	84.012	-22.6063
10300.000000	83.474	-16.2905
10440.000000	83.023	-9.7594
10600.000000	82.608	-2.0680
10750.000000	82.326	5.6317
10900.000000	82.147	13.2008
11060.000000	82.077	21.3342
11200.000000	82.062	28.2712
11380.000000	82.130	36.9389
11500.000000	82.152	42.5105
11720.000000	82.476	55.2280
11800.000000	82.933	58.9579
12060.000000	83.737	66.2133
12200.000000	84.009	70.3946
12410.000000	84.392	77.3465
12500.000000	84.603	80.6994
12650.000000	85.133	86.6311
12800.000000	86.018	92.1109
13150.000000	88.624	95.3723
13200.000000	88.971	94.8080
13400.000000	90.178	90.4883
13600.000000	90.996	83.9378
13800.000000	91.405	76.4909
14000.000000	91.504	69.1567
14300.000000	91.406	59.4285
14500.000000	91.384	53.0459
14750.000000	91.427	44.0783
15000.000000	91.483	32.7670
15250.000000	91.348	18.7130
15500.000000	90.774	2.9588
15750.000000	89.744	-12.4799
16000.000000	88.445	-25.9768
16250.000000	87.161	-37.6394
16500.000000	86.095	-47.8092
16750.000000	85.352	-57.9241
17000.000000	84.903	-69.8340
17250.000000	84.545	-84.0547
17500.000000	84.191	-98.8463
17750.000000	84.352	-113.2101
18000.000000	85.536	-133.5408
18250.000000	86.876	-163.9605
18500.000000	87.942	156.0412
18750.000000	88.194	106.8399
19000.000000	87.552	53.8529
19250.000000	87.310	-4.5403
19500.000000	86.937	-81.5348
19750.000000	84.705	-174.9291
