* Measurement data measured by REW V5.31.3
* Source: USB-C to 3.5mm Headphone Jack Adapter, , 0, volume: 0.343
* Format: 256k Log Swept Sine, 1 sweep at -12.0 dBFS with no timing reference
* Dated: Feb 13, 2026 2:08:08 PM
* REW Settings:
*  C-weighting compensation: Off
*  Target level: 75.0 dB
* Note: ; 
* Measurement: silver R
* Smoothing: None
* Frequency Step: 1/48 octave
* Start Frequency: 20.000 Hz
*
* Freq(Hz)	SPL(dB)	Phase(degrees)
20.000000	108.852	-151.3594
20.299999	108.874	-152.1572
20.600000	108.893	-152.9548
20.900000	108.908	-153.7419
21.200001	108.919	-154.5071
21.400000	108.924	-155.0009
21.799999	108.933	-155.9491
22.000000	108.938	-156.4067
22.400000	108.948	-157.3012
22.700001	108.957	-157.9662
23.000000	108.965	-158.6325
23.299999	108.971	-159.3008
23.600000	108.975	-159.9665
24.000000	108.975	-160.8362
24.299999	108.972	-161.4653
24.700001	108.967	-162.2664
25.000000	108.963	-162.8416
25.400000	108.960	-163.5860
25.799999	108.959	-164.3211
26.200001	108.957	-165.0566
26.500000	108.955	-165.6075
26.900000	108.950	-166.3328
27.200001	108.944	-166.8637
27.600000	108.935	-167.5499
28.000000	108.925	-168.2129
28.500000	108.913	-169.0177
29.000000	108.900	-169.8020
29.500000	108.886	-170.5648
30.000000	108.871	-171.3064
30.400000	108.858	-171.8891
30.700001	108.848	-172.3216
31.100000	108.834	-172.8912
31.500000	108.818	-173.4475
32.000000	108.796	-174.1197
32.500000	108.776	-174.7731
33.000000	108.755	-175.4221
33.500000	108.731	-176.0675
34.000000	108.704	-176.6913
34.500000	108.676	-177.2795
35.000000	108.650	-177.8422
35.500000	108.627	-178.4023
36.000000	108.603	-178.9694
36.500000	108.576	-179.5322
37.000000	108.547	179.9249
37.500000	108.518	179.4041
38.200001	108.479	178.6929
38.700001	108.450	178.1898
39.500000	108.403	177.3996
40.000000	108.371	176.9198
40.599998	108.332	176.3596
41.200001	108.291	175.8228
41.799999	108.250	175.3215
42.500000	108.206	174.7822
43.099998	108.175	174.3218
43.700001	108.146	173.8181
44.400002	108.104	173.1905
45.000000	108.055	172.6940
45.500000	108.014	172.3466
46.200001	107.965	171.9319
46.799999	107.934	171.5716
47.500000	107.903	171.0781
48.200001	107.863	170.5147
48.700001	107.823	170.1211
49.400002	107.761	169.6681
50.000000	107.715	169.3623
50.799999	107.671	168.9261
51.500000	107.630	168.4700
52.200001	107.579	168.0462
53.000000	107.526	167.6331
53.799999	107.480	167.1770
54.500000	107.432	166.7590
55.200001	107.378	166.4089
56.000000	107.326	166.0536
57.000000	107.262	165.5562
58.000000	107.190	165.1132
59.000000	107.129	164.6848
60.000000	107.059	164.2120
60.799999	106.999	163.9196
61.500000	106.957	163.6745
62.200001	106.916	163.3842
63.000000	106.862	163.0652
64.000000	106.799	162.7181
65.000000	106.736	162.3416
66.000000	106.669	162.0054
67.000000	106.607	161.7012
68.000000	106.545	161.3702
69.000000	106.477	161.0740
70.000000	106.418	160.8229
71.000000	106.361	160.5030
72.000000	106.291	160.2286
73.000000	106.232	160.0124
74.000000	106.173	159.7516
75.000000	106.112	159.5235
76.199997	106.043	159.2375
77.500000	105.964	158.9454
78.800003	105.887	158.6859
80.000000	105.817	158.4462
81.199997	105.748	158.2337
82.500000	105.675	158.0004
83.800003	105.603	157.7977
85.000000	105.537	157.5770
86.199997	105.467	157.4147
87.500000	105.398	157.2323
88.500000	105.343	157.0965
90.000000	105.263	156.8991
91.199997	105.198	156.7649
92.500000	105.131	156.6174
93.800003	105.063	156.4872
95.000000	105.003	156.3744
96.199997	104.943	156.2566
97.500000	104.877	156.1446
98.800003	104.813	156.0396
100.000000	104.753	155.9475
101.500000	104.682	155.8441
103.000000	104.610	155.7441
104.400002	104.544	155.6629
106.000000	104.470	155.5852
107.500000	104.402	155.5220
109.000000	104.335	155.4570
110.599998	104.265	155.3980
112.000000	104.203	155.3543
113.800003	104.126	155.3051
115.000000	104.075	155.2809
117.199997	103.983	155.2490
118.000000	103.951	155.2287
120.599998	103.843	155.1977
122.000000	103.786	155.1978
124.099998	103.705	155.1829
125.000000	103.669	155.1947
126.500000	103.615	155.1986
128.000000	103.555	155.2123
131.500000	103.425	155.2712
132.000000	103.408	155.2839
134.000000	103.337	155.3022
136.000000	103.266	155.3315
138.000000	103.198	155.3864
140.000000	103.130	155.4580
143.000000	103.030	155.5512
145.000000	102.963	155.6119
147.500000	102.884	155.7013
150.000000	102.807	155.8106
152.500000	102.731	155.9093
155.000000	102.659	156.0252
157.500000	102.584	156.1324
160.000000	102.513	156.2733
162.500000	102.441	156.4148
165.000000	102.370	156.5428
167.500000	102.306	156.6840
170.000000	102.240	156.8297
172.500000	102.174	156.9718
175.000000	102.111	157.1157
177.500000	102.051	157.2738
180.000000	101.988	157.4649
182.500000	101.927	157.6014
185.000000	101.870	157.7479
187.500000	101.813	157.9205
190.000000	101.755	158.0807
192.500000	101.697	158.2691
195.000000	101.638	158.4308
197.500000	101.584	158.6195
200.000000	101.529	158.8184
203.000000	101.460	159.0675
206.000000	101.397	159.3080
209.000000	101.330	159.5953
212.000000	101.261	159.9067
214.000000	101.221	160.1548
218.000000	101.149	160.7087
220.000000	101.123	161.0252
224.000000	101.104	161.5727
227.000000	101.104	161.7974
230.000000	101.090	161.9005
233.000000	101.063	161.9507
236.000000	101.023	162.0233
240.000000	100.964	162.1853
243.000000	100.919	162.3183
247.000000	100.857	162.5401
250.000000	100.809	162.7222
254.000000	100.752	162.9833
258.000000	100.697	163.2562
262.000000	100.643	163.5391
265.000000	100.604	163.7759
269.000000	100.553	164.0447
272.000000	100.514	164.2642
276.000000	100.466	164.5709
280.000000	100.421	164.8676
285.000000	100.364	165.2379
290.000000	100.309	165.6369
295.000000	100.255	165.9961
300.000000	100.201	166.3837
304.000000	100.161	166.6747
307.000000	100.130	166.8946
311.000000	100.092	167.2337
315.000000	100.055	167.5447
320.000000	100.009	167.9532
325.000000	99.969	168.3909
330.000000	99.936	168.8299
335.000000	99.908	169.2619
340.000000	99.883	169.6321
345.000000	99.864	169.9343
350.000000	99.835	170.2453
355.000000	99.805	170.5150
360.000000	99.772	170.8193
365.000000	99.739	171.1032
370.000000	99.705	171.4406
375.000000	99.671	171.7594
382.000000	99.625	172.2320
387.000000	99.597	172.5602
395.000000	99.550	173.0687
400.000000	99.521	173.4284
406.000000	99.489	173.8247
412.000000	99.457	174.2029
418.000000	99.426	174.6000
425.000000	99.396	175.0704
431.000000	99.365	175.4761
437.000000	99.334	175.8848
444.000000	99.309	176.3342
450.000000	99.283	176.7169
455.000000	99.261	177.0284
462.000000	99.233	177.5068
468.000000	99.210	177.8770
475.000000	99.185	178.3429
482.000000	99.160	178.7835
487.000000	99.144	179.1138
494.000000	99.121	179.5524
500.000000	99.103	179.9460
508.000000	99.078	-179.5373
515.000000	99.058	-179.1035
522.000000	99.039	-178.6480
530.000000	99.017	-178.1415
538.000000	98.998	-177.6490
545.000000	98.979	-177.1921
552.000000	98.961	-176.7518
560.000000	98.945	-176.2507
570.000000	98.925	-175.6077
580.000000	98.907	-175.0004
590.000000	98.889	-174.3519
600.000000	98.870	-173.7482
608.000000	98.857	-173.2278
615.000000	98.848	-172.7968
622.000000	98.839	-172.3580
630.000000	98.829	-171.8592
640.000000	98.818	-171.2365
650.000000	98.810	-170.6160
660.000000	98.799	-169.9982
670.000000	98.794	-169.3435
680.000000	98.786	-168.7025
690.000000	98.783	-168.0743
700.000000	98.778	-167.4353
710.000000	98.780	-166.8072
720.000000	98.780	-166.1580
730.000000	98.780	-165.5174
740.000000	98.783	-164.8791
750.000000	98.787	-164.2389
762.000000	98.799	-163.4791
775.000000	98.811	-162.6407
788.000000	98.826	-161.8098
800.000000	98.841	-161.0082
812.000000	98.863	-160.2367
825.000000	98.886	-159.3849
838.000000	98.915	-158.5269
850.000000	98.944	-157.7743
862.000000	98.978	-156.9932
875.000000	99.018	-156.1570
885.000000	99.046	-155.5054
900.000000	99.104	-154.5630
912.000000	99.149	-153.8166
925.000000	99.207	-153.0077
938.000000	99.266	-152.2137
950.000000	99.321	-151.5033
962.000000	99.385	-150.8125
975.000000	99.456	-150.0641
988.000000	99.529	-149.3368
1000.000000	99.601	-148.7101
1015.000000	99.691	-147.9308
1030.000000	99.790	-147.2036
1044.000000	99.882	-146.5267
1060.000000	99.993	-145.8167
1075.000000	100.099	-145.1924
1090.000000	100.206	-144.6141
1106.000000	100.323	-144.0224
1120.000000	100.421	-143.5759
1138.000000	100.552	-143.0101
1150.000000	100.638	-142.6680
1172.000000	100.792	-142.0837
1180.000000	100.848	-141.9213
1206.000000	101.023	-141.3657
1220.000000	101.113	-141.0732
1241.000000	101.249	-140.6686
1250.000000	101.307	-140.4988
1265.000000	101.408	-140.2582
1280.000000	101.508	-140.0811
1315.000000	101.710	-139.7421
1320.000000	101.738	-139.6945
1340.000000	101.844	-139.4914
1360.000000	101.946	-139.3008
1380.000000	102.044	-139.1343
1400.000000	102.142	-138.9650
1430.000000	102.278	-138.7338
1450.000000	102.369	-138.5700
1475.000000	102.475	-138.4090
1500.000000	102.577	-138.2120
1525.000000	102.675	-138.0482
1550.000000	102.773	-137.8686
1575.000000	102.866	-137.6733
1600.000000	102.960	-137.4772
1625.000000	103.053	-137.2816
1650.000000	103.141	-137.0937
1675.000000	103.231	-136.9008
1700.000000	103.322	-136.6958
1725.000000	103.410	-136.5056
1750.000000	103.501	-136.3083
1775.000000	103.592	-136.1251
1800.000000	103.681	-135.9449
1825.000000	103.771	-135.7700
1850.000000	103.860	-135.6006
1875.000000	103.951	-135.4329
1900.000000	104.041	-135.2681
1925.000000	104.130	-135.1089
1950.000000	104.222	-134.9653
1975.000000	104.313	-134.8059
2000.000000	104.406	-134.6343
2030.000000	104.522	-134.4618
2060.000000	104.650	-134.3188
2090.000000	104.777	-134.2325
2120.000000	104.902	-134.2329
2140.000000	104.983	-134.2568
2180.000000	105.136	-134.3390
2200.000000	105.211	-134.3963
2240.000000	105.355	-134.5133
2270.000000	105.461	-134.6016
2300.000000	105.565	-134.7217
2330.000000	105.666	-134.8581
2360.000000	105.766	-134.9913
2400.000000	105.896	-135.2075
2430.000000	105.992	-135.3891
2470.000000	106.115	-135.6213
2500.000000	106.207	-135.8363
2540.000000	106.326	-136.1220
2580.000000	106.439	-136.4305
2620.000000	106.553	-136.7661
2650.000000	106.632	-137.0339
2690.000000	106.737	-137.3997
2720.000000	106.815	-137.6726
2760.000000	106.914	-138.0628
2800.000000	107.010	-138.4612
2850.000000	107.127	-138.9979
2900.000000	107.239	-139.5422
2950.000000	107.347	-140.1090
3000.000000	107.453	-140.7059
3040.000000	107.536	-141.2112
3070.000000	107.597	-141.5987
3110.000000	107.676	-142.1550
3150.000000	107.748	-142.7372
3200.000000	107.831	-143.5038
3250.000000	107.906	-144.2875
3300.000000	107.971	-145.0675
3350.000000	108.033	-145.8475
3400.000000	108.094	-146.6332
3450.000000	108.155	-147.4539
3500.000000	108.214	-148.3734
3550.000000	108.256	-149.3818
3600.000000	108.280	-150.4203
3650.000000	108.283	-151.4228
3700.000000	108.274	-152.3518
3750.000000	108.262	-153.1786
3820.000000	108.259	-154.3089
3870.000000	108.264	-155.1873
3950.000000	108.256	-156.7829
4000.000000	108.232	-157.8459
4060.000000	108.181	-159.1537
4120.000000	108.110	-160.4440
4180.000000	108.015	-161.7074
4250.000000	107.877	-163.1026
4310.000000	107.737	-164.1961
4370.000000	107.584	-165.1846
4440.000000	107.394	-166.1791
4500.000000	107.227	-166.9130
4550.000000	107.082	-167.4554
4620.000000	106.881	-168.1232
4680.000000	106.712	-168.6209
4750.000000	106.505	-169.1269
4820.000000	106.300	-169.5513
4870.000000	106.147	-169.8163
4940.000000	105.925	-170.0716
5000.000000	105.735	-170.1836
5080.000000	105.485	-170.1031
5150.000000	105.279	-169.8768
5220.000000	105.096	-169.5631
5300.000000	104.912	-169.2005
5380.000000	104.749	-168.8141
5450.000000	104.612	-168.5014
5520.000000	104.489	-168.2074
5600.000000	104.351	-167.8465
5700.000000	104.199	-167.4694
5800.000000	104.065	-167.1169
5900.000000	103.949	-166.9108
6000.000000	103.845	-166.9130
6080.000000	103.748	-167.1380
6150.000000	103.650	-167.4577
6220.000000	103.512	-167.8739
6300.000000	103.312	-168.3088
6400.000000	102.997	-168.5314
6500.000000	102.642	-168.1635
6600.000000	102.310	-167.0412
6700.000000	102.039	-165.3554
6800.000000	101.868	-163.2818
6900.000000	101.830	-161.1636
7000.000000	101.879	-159.4521
7100.000000	101.984	-157.9375
7200.000000	102.161	-156.7660
7300.000000	102.407	-156.0913
7400.000000	102.709	-155.9872
7500.000000	103.041	-156.6268
7620.000000	103.460	-158.4551
7750.000000	103.875	-161.9568
7880.000000	104.153	-167.1355
8000.000000	104.182	-173.1572
8120.000000	103.921	-179.6659
8250.000000	103.297	173.7233
8380.000000	102.411	168.2594
8500.000000	101.435	164.5280
8620.000000	100.367	162.0451
8750.000000	99.141	160.9385
8850.000000	98.180	161.1357
9000.000000	96.758	163.4666
9120.000000	95.695	167.0293
9250.000000	94.679	172.7998
9380.000000	93.943	-179.4513
9500.000000	93.650	-170.9301
9620.000000	93.868	-162.2105
9750.000000	94.725	-154.5327
9880.000000	95.968	-151.0525
10000.000000	97.113	-151.9341
10150.000000	98.083	-157.2475
10300.000000	98.387	-163.7877
10440.000000	98.226	-168.8768
10600.000000	97.819	-172.5900
10750.000000	97.402	-174.3451
10900.000000	97.043	-175.0007
11060.000000	96.774	-174.9807
11200.000000	96.620	-174.4510
11380.000000	96.565	-173.6188
11500.000000	96.608	-172.8031
11720.000000	96.877	-171.6025
11800.000000	97.033	-171.2577
12060.000000	97.761	-170.4030
12200.000000	98.312	-170.3391
12410.000000	99.396	-170.9571
12500.000000	99.966	-171.5309
12650.000000	101.062	-173.2420
12800.000000	102.414	-176.0032
13150.000000	106.859	168.2737
13200.000000	107.658	163.9575
13400.000000	110.712	135.6647
13600.000000	110.836	92.8361
13800.000000	107.953	62.9661
14000.000000	105.142	47.0024
14300.000000	102.162	32.3798
14500.000000	100.798	24.4935
14750.000000	99.623	14.8073
15000.000000	98.913	4.0057
15250.000000	98.650	-8.1263
15500.000000	98.679	-23.2897
15750.000000	98.885	-41.6987
16000.000000	99.132	-63.9619
16250.000000	99.203	-90.1124
16500.000000	98.904	-119.3695
16750.000000	98.205	-150.3234
17000.000000	97.148	177.9501
17250.000000	95.837	146.0895
17500.000000	94.505	114.5300
17750.000000	93.334	81.7786
18000.000000	92.322	45.8308
18250.000000	91.349	6.0931
18500.000000	90.272	-38.8483
18750.000000	88.931	-89.0298
19000.000000	87.283	-145.3606
19250.000000	85.143	151.7781
19500.000000	82.479	80.9590
19750.000000	79.072	0.1324
