* Measurement data measured by REW V5.20
* Source: USB-C to 3.5mm Headphone Jack Adapter, USB-C to 3.5mm Headphone Jack Adapter, 0, volume: 0.138
* Format: 256k Log Swept Sine, 1 sweep at -12.0 dBFS with no timing reference
* Dated: Apr 17, 2024 4:51:39 PM
* REW Settings:
*  C-weighting compensation: Off
*  Target level: 75.0 dB
* Note: 
* Measurement: L
* Smoothing: None
* Frequency Step: 1/48 octave
* Start Frequency: 20.000 Hz
*
* Freq(Hz)	SPL(dB)	Phase(degrees)
20.000000	103.657257	-166.1013
20.299999	103.657974	-166.7611
20.600000	103.652916	-167.4072
20.900000	103.642059	-168.0248
21.200001	103.626663	-168.5986
21.400000	103.615173	-168.9508
21.799999	103.594452	-169.5874
22.000000	103.587219	-169.8826
22.400000	103.580383	-170.4651
22.700001	103.579422	-170.9316
23.000000	103.576988	-171.4356
23.299999	103.568558	-171.9634
23.600000	103.552383	-172.4819
24.000000	103.524307	-173.1005
24.299999	103.507256	-173.5067
24.700001	103.500137	-174.0423
25.000000	103.504112	-174.5212
25.400000	103.504669	-175.3324
25.799999	103.473099	-176.2741
26.200001	103.397881	-177.1258
26.500000	103.324066	-177.5615
26.900000	103.238297	-177.8120
27.200001	103.206894	-177.8297
27.600000	103.220337	-177.8923
28.000000	103.274109	-178.2480
28.500000	103.329308	-179.1836
29.000000	103.318298	179.7053
29.500000	103.256935	178.8501
30.000000	103.202652	178.3505
30.400000	103.186218	178.0570
30.700001	103.186897	177.8089
31.100000	103.193085	177.3977
31.500000	103.193726	176.9222
32.000000	103.181366	176.3221
32.500000	103.159592	175.7720
33.000000	103.134827	175.2716
33.500000	103.109360	174.7998
34.000000	103.083023	174.3375
34.500000	103.054260	173.8732
35.000000	103.021492	173.4106
35.500000	102.985283	172.9610
36.000000	102.947815	172.5263
36.500000	102.910400	172.1006
37.000000	102.873810	171.6833
37.500000	102.839951	171.2719
38.200001	102.797997	170.6762
38.700001	102.768517	170.2314
39.500000	102.721802	169.5275
40.000000	102.694267	169.0736
40.599998	102.651741	168.5109
41.200001	102.595749	168.0645
41.799999	102.553932	167.7951
42.500000	102.540878	167.4022
43.099998	102.514015	166.8693
43.700001	102.453178	166.4727
44.400002	102.411896	166.2880
45.000000	102.410225	165.8893
45.500000	102.374992	165.3449
46.200001	102.261902	164.8997
46.799999	102.205078	164.9507
47.500000	102.213928	164.6353
48.200001	102.154320	163.8350
48.700001	102.062759	163.5753
49.400002	102.004326	163.6825
50.000000	102.023880	163.4177
50.799999	101.972885	162.5472
51.500000	101.876381	162.2925
52.200001	101.859238	162.2305
53.000000	101.845551	161.5684
53.799999	101.742271	161.0820
54.500000	101.685493	161.1104
55.200001	101.679245	160.9287
56.000000	101.633362	160.4478
57.000000	101.547791	160.2122
58.000000	101.512856	159.9790
59.000000	101.474365	159.5286
60.000000	101.423935	158.9715
60.799999	101.359100	158.5117
61.500000	101.293243	158.2524
62.200001	101.242668	158.0967
63.000000	101.204521	157.8534
64.000000	101.142113	157.4018
65.000000	101.059448	157.1104
66.000000	101.003387	156.8813
67.000000	100.939201	156.5162
68.000000	100.867203	156.2828
69.000000	100.813034	156.0109
70.000000	100.744736	155.7202
71.000000	100.686333	155.5236
72.000000	100.632584	155.2492
73.000000	100.570099	154.9892
74.000000	100.504211	154.7543
75.000000	100.441986	154.5934
76.199997	100.378426	154.2859
77.500000	100.286629	154.0334
78.800003	100.220146	153.7731
80.000000	100.144867	153.5381
81.199997	100.078568	153.3121
82.500000	99.998329	153.1241
83.800003	99.929192	152.9211
85.000000	99.856689	152.7444
86.199997	99.793617	152.5811
87.500000	99.718773	152.3503
88.500000	99.661682	152.2323
90.000000	99.579384	152.0122
91.199997	99.509743	151.9235
92.500000	99.450127	151.8013
93.800003	99.373779	151.6323
95.000000	99.311798	151.6119
96.199997	99.258148	151.4310
97.500000	99.176697	151.3518
98.800003	99.123779	151.2610
100.000000	99.058037	151.1159
101.500000	98.982796	151.0321
103.000000	98.912743	150.9051
104.400002	98.839752	150.7922
106.000000	98.763924	150.7035
107.500000	98.692719	150.6202
109.000000	98.618279	150.5248
110.599998	98.542297	150.4839
112.000000	98.477638	150.4055
113.800003	98.391289	150.3373
115.000000	98.345024	150.2992
117.199997	98.251328	150.2290
118.000000	98.210175	150.2113
120.599998	98.121117	150.1085
122.000000	98.034737	150.1986
124.099998	97.937805	150.1768
125.000000	97.904327	150.1674
126.500000	97.838631	150.1321
128.000000	97.779617	150.1167
131.500000	97.639305	150.1637
132.000000	97.618294	150.1809
134.000000	97.542694	150.2122
136.000000	97.461479	150.2374
138.000000	97.389488	150.2612
140.000000	97.314384	150.3270
143.000000	97.204544	150.3807
145.000000	97.133499	150.4315
147.500000	97.045273	150.4919
150.000000	96.956528	150.5806
152.500000	96.872917	150.6646
155.000000	96.788223	150.7693
157.500000	96.704750	150.8835
160.000000	96.624420	150.9982
162.500000	96.544922	151.1514
165.000000	96.466827	151.2390
167.500000	96.390228	151.3193
170.000000	96.317673	151.4713
172.500000	96.242424	151.6015
175.000000	96.166481	151.7567
177.500000	96.091164	151.8825
180.000000	96.004158	151.8002
182.500000	95.964073	152.1404
185.000000	95.897797	152.3478
187.500000	95.827942	152.5524
190.000000	95.760162	152.7026
192.500000	95.700661	152.8750
195.000000	95.637039	153.0662
197.500000	95.576286	153.2272
200.000000	95.512924	153.4179
203.000000	95.443039	153.6753
206.000000	95.375412	153.8263
209.000000	95.307556	154.0367
212.000000	95.241379	154.2874
214.000000	95.196434	154.4238
218.000000	95.111893	154.7357
220.000000	95.072403	154.8934
224.000000	94.988411	155.2148
227.000000	94.927368	155.4665
230.000000	94.868126	155.6796
233.000000	94.809708	155.9088
236.000000	94.756439	156.1442
240.000000	94.705780	156.3697
243.000000	94.623947	156.7268
247.000000	94.558029	157.0625
250.000000	94.508347	157.2735
254.000000	94.442055	157.6373
258.000000	94.376999	157.9323
262.000000	94.311768	158.2623
265.000000	94.263123	158.5137
269.000000	94.197266	158.8506
272.000000	94.155350	159.0921
276.000000	94.097900	159.4443
280.000000	94.035614	159.7802
285.000000	93.969826	160.1758
290.000000	93.899666	160.6136
295.000000	93.838799	161.0212
300.000000	93.708832	161.4710
304.000000	93.718002	161.7712
307.000000	93.681366	162.0577
311.000000	93.628235	162.3874
315.000000	93.584908	162.7571
320.000000	93.520676	163.2122
325.000000	93.466362	163.7014
330.000000	93.422012	164.1961
335.000000	93.380981	164.6438
340.000000	93.339973	165.0148
345.000000	93.296036	165.4164
350.000000	93.253105	165.8075
355.000000	93.208229	166.2195
360.000000	93.139709	166.6266
365.000000	93.127380	166.9583
370.000000	93.088394	167.3755
375.000000	93.038704	167.7501
382.000000	92.983948	168.2646
387.000000	92.942825	168.6678
395.000000	92.877747	169.2961
400.000000	92.838493	169.7066
406.000000	92.790054	170.1751
412.000000	92.749374	170.7011
418.000000	92.704391	171.2110
425.000000	92.656914	171.8020
431.000000	92.619553	172.2737
437.000000	92.580864	172.7955
444.000000	92.540138	173.3800
450.000000	92.507133	173.9016
455.000000	92.478310	174.3049
462.000000	92.442818	174.9277
468.000000	92.410538	175.4474
475.000000	92.384109	176.0494
482.000000	92.341209	176.6421
487.000000	92.326584	177.0535
494.000000	92.297821	177.6824
500.000000	92.275894	178.2048
508.000000	92.250748	178.8964
515.000000	92.232758	179.5424
522.000000	92.216476	-179.8451
530.000000	92.199142	-179.1319
538.000000	92.193634	-178.4260
545.000000	92.179901	-177.8493
552.000000	92.182770	-177.2425
560.000000	92.180862	-176.5669
570.000000	92.187439	-175.7661
580.000000	92.195076	-174.9692
590.000000	92.205933	-174.2336
600.000000	92.251137	-173.3910
608.000000	92.237221	-173.0151
615.000000	92.247704	-172.5498
622.000000	92.256767	-172.1088
630.000000	92.262665	-171.6382
640.000000	92.280975	-171.0491
650.000000	92.290749	-170.4882
660.000000	92.299469	-170.1978
670.000000	92.303284	-169.3786
680.000000	92.306618	-168.8244
690.000000	92.311378	-168.2583
700.000000	92.310585	-167.6990
710.000000	92.313339	-167.1287
720.000000	92.270447	-166.5595
730.000000	92.314827	-165.9519
740.000000	92.321869	-165.3692
750.000000	92.323097	-164.7529
762.000000	92.328270	-164.0491
775.000000	92.333626	-163.2132
788.000000	92.342957	-162.4159
800.000000	92.350578	-161.6515
812.000000	92.367790	-160.8682
825.000000	92.384628	-159.9990
838.000000	92.408264	-159.1307
850.000000	92.438782	-158.3280
862.000000	92.466591	-157.5086
875.000000	92.504128	-156.6574
885.000000	92.537498	-155.9709
900.000000	92.602165	-154.9508
912.000000	92.636871	-154.1984
925.000000	92.695488	-153.3880
938.000000	92.756088	-152.5509
950.000000	92.818192	-151.8075
962.000000	92.882782	-151.0965
975.000000	92.954063	-150.3022
988.000000	93.033333	-149.5467
1000.000000	93.109154	-148.8799
1015.000000	93.207207	-148.0770
1030.000000	93.311310	-147.3202
1044.000000	93.409866	-146.6536
1060.000000	93.525414	-145.9149
1075.000000	93.633469	-145.2537
1090.000000	93.753990	-144.6888
1106.000000	93.877129	-144.1043
1120.000000	93.981865	-143.6642
1138.000000	94.122932	-143.0953
1150.000000	94.213814	-142.7712
1172.000000	94.380051	-142.2484
1180.000000	94.439743	-142.0722
1206.000000	94.625183	-141.5706
1220.000000	94.723877	-141.3302
1241.000000	94.868011	-141.0274
1250.000000	94.929543	-140.9038
1265.000000	95.026993	-140.7194
1280.000000	95.115959	-140.5819
1315.000000	95.322281	-140.2393
1320.000000	95.331116	-140.1439
1340.000000	95.459854	-140.0501
1360.000000	95.564552	-139.8969
1380.000000	95.667831	-139.6879
1400.000000	95.762138	-139.6166
1430.000000	95.905678	-139.4585
1450.000000	95.993530	-139.3447
1475.000000	96.103798	-139.1935
1500.000000	96.221123	-139.1393
1525.000000	96.313736	-138.8994
1550.000000	96.417198	-138.7832
1575.000000	96.517212	-138.6451
1600.000000	96.616257	-138.5243
1625.000000	96.712120	-138.4094
1650.000000	96.812981	-138.2848
1675.000000	96.911438	-138.1956
1700.000000	97.004723	-138.1136
1725.000000	97.102440	-138.0394
1750.000000	97.196938	-137.9814
1775.000000	97.291107	-137.9370
1800.000000	97.380379	-137.9199
1825.000000	97.477364	-137.8933
1850.000000	97.570602	-137.9018
1875.000000	97.658943	-137.9131
1900.000000	97.748390	-137.9568
1925.000000	97.832977	-138.0184
1950.000000	97.917938	-138.0901
1975.000000	98.001717	-138.1882
2000.000000	98.082008	-138.3106
2030.000000	98.173401	-138.4682
2060.000000	98.265541	-138.6487
2090.000000	98.352753	-138.8516
2120.000000	98.434013	-139.0750
2140.000000	98.484604	-139.2239
2180.000000	98.580879	-139.5591
2200.000000	98.627129	-139.7453
2240.000000	98.711227	-140.1203
2270.000000	98.767426	-140.3941
2300.000000	98.819679	-140.6922
2330.000000	98.865128	-140.9919
2360.000000	98.908012	-141.2806
2400.000000	98.949654	-141.7416
2430.000000	98.984352	-141.9477
2470.000000	99.016014	-142.3056
2500.000000	99.034103	-142.5719
2540.000000	99.051041	-142.8666
2580.000000	99.065567	-143.2103
2620.000000	99.074158	-143.4291
2650.000000	99.074989	-143.5879
2690.000000	99.072830	-143.7889
2720.000000	99.071579	-143.9102
2760.000000	99.060837	-144.0451
2800.000000	99.056549	-144.1204
2850.000000	99.044273	-144.1722
2900.000000	99.031967	-144.1693
2950.000000	99.023933	-144.1134
3000.000000	99.014603	-144.0487
3040.000000	99.010948	-143.9109
3070.000000	99.009750	-143.8108
3110.000000	99.011215	-143.6626
3150.000000	99.015701	-143.5123
3200.000000	99.024658	-143.2968
3250.000000	99.037125	-143.0827
3300.000000	99.061737	-142.8286
3350.000000	99.079475	-142.6400
3400.000000	99.105026	-142.4276
3450.000000	99.135757	-142.2248
3500.000000	99.169693	-142.0431
3550.000000	99.203094	-141.8728
3600.000000	99.242180	-141.7493
3650.000000	99.280998	-141.5905
3700.000000	99.323288	-141.4702
3750.000000	99.364273	-141.3894
3820.000000	99.425880	-141.3101
3870.000000	99.468758	-141.2942
3950.000000	99.533554	-141.2726
4000.000000	99.573135	-141.3186
4060.000000	99.623436	-141.3581
4120.000000	99.665680	-141.4608
4180.000000	99.705154	-141.5431
4250.000000	99.751190	-141.6765
4310.000000	99.789078	-141.8099
4370.000000	99.827774	-141.9171
4440.000000	99.873917	-142.0715
4500.000000	99.918190	-142.2608
4550.000000	99.948570	-142.4549
4620.000000	99.995659	-142.7877
4680.000000	100.031052	-143.0716
4750.000000	100.069641	-143.5253
4820.000000	100.094772	-144.0116
4870.000000	100.112297	-144.3905
4940.000000	100.117470	-144.9523
5000.000000	100.114525	-145.4281
5080.000000	100.100311	-146.0570
5150.000000	100.084351	-146.5802
5220.000000	100.060753	-147.0826
5300.000000	100.026505	-147.7139
5380.000000	99.987579	-148.3713
5450.000000	99.937317	-148.9809
5520.000000	99.871552	-149.5727
5600.000000	99.785400	-150.1902
5700.000000	99.654572	-150.8444
5800.000000	99.506638	-151.3298
5900.000000	99.354195	-151.6157
6000.000000	99.192055	-151.7047
6080.000000	99.079140	-151.6532
6150.000000	98.982193	-151.5299
6220.000000	98.892799	-151.2852
6300.000000	98.810356	-150.9570
6400.000000	98.722115	-150.4913
6500.000000	98.662468	-149.9067
6600.000000	98.633308	-149.2182
6700.000000	98.639313	-148.4974
6800.000000	98.685173	-147.7319
6900.000000	98.776985	-147.0177
7000.000000	98.912453	-146.3279
7100.000000	99.110588	-145.7628
7200.000000	99.373306	-145.3391
7300.000000	99.704407	-145.3094
7400.000000	100.097466	-145.7381
7500.000000	100.539101	-146.7801
7620.000000	101.120346	-149.0918
7750.000000	101.754974	-153.1302
7880.000000	102.300491	-158.9495
8000.000000	102.623497	-165.8050
8120.000000	102.675377	-173.5096
8250.000000	102.401222	178.1680
8380.000000	101.852600	170.7103
8500.000000	101.193192	164.8610
8620.000000	100.449463	159.9998
8750.000000	99.593452	155.8594
8850.000000	98.931053	153.3658
9000.000000	97.963379	150.5645
9120.000000	97.217445	148.7611
9250.000000	96.482361	147.5525
9380.000000	95.762474	146.5522
9500.000000	95.122009	145.9615
9620.000000	94.509521	145.6920
9750.000000	93.881546	145.8812
9880.000000	93.326378	146.4717
10000.000000	92.881660	147.3207
10150.000000	92.448738	148.3739
10300.000000	92.132797	149.4749
10440.000000	91.944656	150.2197
10600.000000	91.816620	150.8175
10750.000000	91.795776	150.7852
10900.000000	91.844627	150.2200
11060.000000	91.943489	148.8779
11200.000000	92.060287	147.1204
11380.000000	92.222977	144.3857
11500.000000	92.374687	142.3420
11720.000000	92.896011	137.0060
11800.000000	93.140289	133.9084
12060.000000	93.528252	119.3316
12200.000000	93.259010	110.3798
12410.000000	92.412384	98.1907
12500.000000	91.951294	93.6281
12650.000000	91.168243	87.0154
12800.000000	90.360931	81.2060
13150.000000	88.685440	69.4250
13200.000000	88.428291	67.7570
13400.000000	87.583107	61.5125
13600.000000	86.797516	55.1515
13800.000000	86.059036	48.6406
14000.000000	85.338417	42.2036
14300.000000	84.401695	32.8389
14500.000000	83.968887	26.4902
14750.000000	83.619720	18.0687
15000.000000	83.523560	7.7105
15250.000000	83.846069	-2.7772
15500.000000	84.393173	-16.9141
15750.000000	85.258331	-35.1565
16000.000000	86.137886	-59.7164
16250.000000	86.481293	-90.7188
16500.000000	85.739983	-124.8532
16750.000000	84.109474	-157.1307
17000.000000	82.216537	173.7028
17250.000000	80.402107	145.7834
17500.000000	78.606384	115.7558
17750.000000	76.378624	88.4604
18000.000000	75.076393	62.7095
18250.000000	74.105034	31.8519
18500.000000	73.417473	-5.9801
18750.000000	72.626305	-47.8445
19000.000000	72.066132	-97.2422
19250.000000	71.068993	-156.1494
19500.000000	69.700249	133.8728
19750.000000	67.592674	51.8734
