* Measurement data measured by REW V5.31.3
* Source: USB-C to 3.5mm Headphone Jack Adapter, , 0, volume: 0.343
* Format: 256k Log Swept Sine, 1 sweep at -12.0 dBFS with no timing reference
* Dated: Feb 13, 2026 2:02:35 PM
* REW Settings:
*  C-weighting compensation: Off
*  Target level: 75.0 dB
* Note: ; 
* Measurement: silver L
* Smoothing: None
* Frequency Step: 1/48 octave
* Start Frequency: 20.000 Hz
*
* Freq(Hz)	SPL(dB)	Phase(degrees)
20.000000	108.544	-152.9261
20.299999	108.565	-153.7244
20.600000	108.579	-154.5312
20.900000	108.587	-155.3151
21.200001	108.589	-156.0508
21.400000	108.591	-156.5106
21.799999	108.598	-157.3819
22.000000	108.605	-157.8100
22.400000	108.623	-158.6820
22.700001	108.635	-159.3613
23.000000	108.643	-160.0513
23.299999	108.646	-160.7320
23.600000	108.644	-161.3845
24.000000	108.640	-162.1983
24.299999	108.639	-162.7767
24.700001	108.640	-163.5327
25.000000	108.642	-164.1028
25.400000	108.643	-164.8696
25.799999	108.639	-165.6271
26.200001	108.632	-166.3562
26.500000	108.625	-166.8808
26.900000	108.617	-167.5577
27.200001	108.611	-168.0550
27.600000	108.602	-168.7092
28.000000	108.592	-169.3515
28.500000	108.577	-170.1312
29.000000	108.563	-170.8877
29.500000	108.547	-171.6340
30.000000	108.530	-172.3752
30.400000	108.513	-172.9566
30.700001	108.499	-173.3798
31.100000	108.480	-173.9237
31.500000	108.461	-174.4487
32.000000	108.439	-175.0944
32.500000	108.418	-175.7415
33.000000	108.393	-176.3842
33.500000	108.367	-177.0060
34.000000	108.339	-177.6004
34.500000	108.313	-178.1770
35.000000	108.288	-178.7479
35.500000	108.262	-179.3117
36.000000	108.234	-179.8590
36.500000	108.207	179.6126
37.000000	108.180	179.0955
37.500000	108.152	178.5864
38.200001	108.111	177.9024
38.700001	108.083	177.4356
39.500000	108.039	176.6778
40.000000	108.007	176.1951
40.599998	107.961	175.6636
41.200001	107.920	175.1996
41.799999	107.888	174.7157
42.500000	107.844	174.0565
43.099998	107.787	173.5447
43.700001	107.735	173.1880
44.400002	107.706	172.7717
45.000000	107.685	172.2521
45.500000	107.651	171.7968
46.200001	107.599	171.3001
46.799999	107.574	170.8901
47.500000	107.539	170.2361
48.200001	107.465	169.6494
48.700001	107.412	169.4301
49.400002	107.374	169.1974
50.000000	107.354	168.8445
50.799999	107.301	168.3006
51.500000	107.247	167.9521
52.200001	107.203	167.6158
53.000000	107.148	167.1925
53.799999	107.092	166.8122
54.500000	107.048	166.4617
55.200001	106.999	166.0935
56.000000	106.941	165.7162
57.000000	106.876	165.2476
58.000000	106.808	164.7719
59.000000	106.737	164.3398
60.000000	106.668	163.9733
60.799999	106.621	163.6887
61.500000	106.579	163.4040
62.200001	106.532	163.1250
63.000000	106.477	162.8546
64.000000	106.417	162.5144
65.000000	106.353	162.1497
66.000000	106.288	161.8234
67.000000	106.224	161.4987
68.000000	106.158	161.2260
69.000000	106.102	160.9646
70.000000	106.042	160.6536
71.000000	105.977	160.3847
72.000000	105.914	160.1199
73.000000	105.847	159.8681
74.000000	105.781	159.6583
75.000000	105.720	159.4715
76.199997	105.654	159.2524
77.500000	105.587	158.9705
78.800003	105.509	158.6679
80.000000	105.436	158.4525
81.199997	105.366	158.2457
82.500000	105.291	158.0396
83.800003	105.219	157.8407
85.000000	105.153	157.6530
86.199997	105.087	157.4847
87.500000	105.019	157.3048
88.500000	104.964	157.1796
90.000000	104.885	157.0036
91.199997	104.819	156.8820
92.500000	104.755	156.7562
93.800003	104.685	156.6177
95.000000	104.627	156.5384
96.199997	104.568	156.4094
97.500000	104.504	156.3230
98.800003	104.441	156.1970
100.000000	104.380	156.1265
101.500000	104.306	156.0375
103.000000	104.237	155.9600
104.400002	104.171	155.8802
106.000000	104.098	155.7914
107.500000	104.026	155.7398
109.000000	103.961	155.6977
110.599998	103.890	155.6566
112.000000	103.829	155.6092
113.800003	103.752	155.5726
115.000000	103.699	155.5537
117.199997	103.608	155.5291
118.000000	103.576	155.5201
120.599998	103.470	155.5137
122.000000	103.414	155.5029
124.099998	103.331	155.5132
125.000000	103.298	155.5255
126.500000	103.239	155.5305
128.000000	103.183	155.5788
131.500000	103.051	155.6284
132.000000	103.033	155.6380
134.000000	102.959	155.6722
136.000000	102.888	155.7350
138.000000	102.815	155.8002
140.000000	102.747	155.8432
143.000000	102.643	155.9869
145.000000	102.578	156.0679
147.500000	102.495	156.2071
150.000000	102.410	156.3452
152.500000	102.328	156.5014
155.000000	102.250	156.6856
157.500000	102.173	156.9052
160.000000	102.099	157.1188
162.500000	102.028	157.3722
165.000000	101.961	157.6400
167.500000	101.903	157.9411
170.000000	101.855	158.2516
172.500000	101.816	158.5436
175.000000	101.788	158.7822
177.500000	101.767	158.9261
180.000000	101.749	158.9383
182.500000	101.700	158.9659
185.000000	101.651	158.9976
187.500000	101.602	159.0316
190.000000	101.544	159.1300
192.500000	101.485	159.2809
195.000000	101.427	159.3670
197.500000	101.375	159.4918
200.000000	101.324	159.6343
203.000000	101.262	159.8614
206.000000	101.203	160.0594
209.000000	101.147	160.2411
212.000000	101.092	160.4762
214.000000	101.058	160.6412
218.000000	100.992	160.9177
220.000000	100.958	161.0190
224.000000	100.888	161.3272
227.000000	100.842	161.5410
230.000000	100.793	161.7774
233.000000	100.748	161.9535
236.000000	100.703	162.1860
240.000000	100.642	162.4459
243.000000	100.602	162.7071
247.000000	100.543	163.0055
250.000000	100.501	163.2167
254.000000	100.445	163.5508
258.000000	100.392	163.8958
262.000000	100.341	164.2104
265.000000	100.309	164.4742
269.000000	100.266	164.8231
272.000000	100.239	165.0631
276.000000	100.204	165.3545
280.000000	100.167	165.6310
285.000000	100.117	165.9613
290.000000	100.069	166.2697
295.000000	100.021	166.6113
300.000000	99.970	166.9569
304.000000	99.931	167.2530
307.000000	99.905	167.4572
311.000000	99.867	167.7499
315.000000	99.832	168.0622
320.000000	99.790	168.4189
325.000000	99.744	168.7657
330.000000	99.709	169.1495
335.000000	99.666	169.5122
340.000000	99.628	169.8538
345.000000	99.592	170.2077
350.000000	99.556	170.5866
355.000000	99.523	170.9498
360.000000	99.492	171.3259
365.000000	99.462	171.6688
370.000000	99.432	172.0425
375.000000	99.404	172.4088
382.000000	99.368	172.8643
387.000000	99.343	173.2126
395.000000	99.305	173.7267
400.000000	99.277	174.0564
406.000000	99.252	174.4185
412.000000	99.222	174.8596
418.000000	99.193	175.2372
425.000000	99.160	175.6761
431.000000	99.133	176.0809
437.000000	99.103	176.4756
444.000000	99.075	176.9545
450.000000	99.055	177.3048
455.000000	99.032	177.6606
462.000000	99.005	178.0944
468.000000	98.985	178.4912
475.000000	98.961	178.9497
482.000000	98.935	179.4063
487.000000	98.919	179.7254
494.000000	98.901	-179.8304
500.000000	98.882	-179.4651
508.000000	98.853	-178.9267
515.000000	98.840	-178.4947
522.000000	98.818	-178.0570
530.000000	98.798	-177.5264
538.000000	98.780	-177.0191
545.000000	98.766	-176.5743
552.000000	98.749	-176.1384
560.000000	98.732	-175.6277
570.000000	98.713	-175.0023
580.000000	98.699	-174.3671
590.000000	98.680	-173.7224
600.000000	98.665	-173.1121
608.000000	98.655	-172.6187
615.000000	98.647	-172.1732
622.000000	98.634	-171.7146
630.000000	98.629	-171.2220
640.000000	98.616	-170.5767
650.000000	98.609	-169.9563
660.000000	98.604	-169.2786
670.000000	98.598	-168.6852
680.000000	98.592	-168.0622
690.000000	98.590	-167.4197
700.000000	98.588	-166.7752
710.000000	98.589	-166.1293
720.000000	98.591	-165.5090
730.000000	98.597	-164.8604
740.000000	98.602	-164.2015
750.000000	98.608	-163.5557
762.000000	98.620	-162.7659
775.000000	98.629	-161.9269
788.000000	98.646	-161.0926
800.000000	98.668	-160.3117
812.000000	98.690	-159.5222
825.000000	98.716	-158.6737
838.000000	98.749	-157.8027
850.000000	98.780	-157.0209
862.000000	98.816	-156.2374
875.000000	98.856	-155.3913
885.000000	98.893	-154.7679
900.000000	98.952	-153.8050
912.000000	99.000	-153.0211
925.000000	99.057	-152.2370
938.000000	99.124	-151.4549
950.000000	99.182	-150.7300
962.000000	99.248	-150.0277
975.000000	99.324	-149.2836
988.000000	99.401	-148.5508
1000.000000	99.474	-147.8895
1015.000000	99.570	-147.1009
1030.000000	99.670	-146.3622
1044.000000	99.772	-145.7170
1060.000000	99.890	-144.9869
1075.000000	100.000	-144.3650
1090.000000	100.111	-143.7755
1106.000000	100.232	-143.1902
1120.000000	100.341	-142.7261
1138.000000	100.479	-142.1670
1150.000000	100.574	-141.8386
1172.000000	100.738	-141.2782
1180.000000	100.801	-141.0858
1206.000000	100.995	-140.5632
1220.000000	101.097	-140.2990
1241.000000	101.250	-139.9855
1250.000000	101.315	-139.8639
1265.000000	101.419	-139.6901
1280.000000	101.528	-139.5716
1315.000000	101.757	-139.4084
1320.000000	101.787	-139.4296
1340.000000	101.901	-139.4930
1360.000000	101.988	-139.5909
1380.000000	102.056	-139.5748
1400.000000	102.120	-139.4615
1430.000000	102.215	-139.1872
1450.000000	102.282	-138.9581
1475.000000	102.371	-138.6449
1500.000000	102.465	-138.3188
1525.000000	102.564	-138.0548
1550.000000	102.664	-137.7730
1575.000000	102.763	-137.5372
1600.000000	102.860	-137.2788
1625.000000	102.959	-137.0613
1650.000000	103.055	-136.8278
1675.000000	103.154	-136.5967
1700.000000	103.251	-136.3909
1725.000000	103.348	-136.2005
1750.000000	103.446	-135.9955
1775.000000	103.543	-135.8040
1800.000000	103.643	-135.6384
1825.000000	103.739	-135.4789
1850.000000	103.840	-135.3220
1875.000000	103.936	-135.1781
1900.000000	104.035	-135.0431
1925.000000	104.132	-134.9254
1950.000000	104.230	-134.8223
1975.000000	104.329	-134.7312
2000.000000	104.428	-134.6352
2030.000000	104.547	-134.5504
2060.000000	104.672	-134.4809
2090.000000	104.793	-134.4565
2120.000000	104.917	-134.4815
2140.000000	104.996	-134.5099
2180.000000	105.155	-134.6471
2200.000000	105.230	-134.7042
2240.000000	105.378	-134.9024
2270.000000	105.484	-135.0518
2300.000000	105.587	-135.2192
2330.000000	105.688	-135.4042
2360.000000	105.786	-135.6108
2400.000000	105.914	-135.8989
2430.000000	106.008	-136.1329
2470.000000	106.128	-136.4595
2500.000000	106.213	-136.7355
2540.000000	106.325	-137.1120
2580.000000	106.428	-137.5048
2620.000000	106.529	-137.9219
2650.000000	106.599	-138.2293
2690.000000	106.690	-138.6529
2720.000000	106.753	-138.9733
2760.000000	106.836	-139.4030
2800.000000	106.915	-139.8405
2850.000000	107.011	-140.3839
2900.000000	107.097	-140.9443
2950.000000	107.184	-141.4980
3000.000000	107.264	-142.0551
3040.000000	107.324	-142.5122
3070.000000	107.371	-142.8624
3110.000000	107.428	-143.3411
3150.000000	107.482	-143.8317
3200.000000	107.550	-144.4630
3250.000000	107.611	-145.1114
3300.000000	107.666	-145.7853
3350.000000	107.713	-146.4739
3400.000000	107.755	-147.1723
3450.000000	107.789	-147.8675
3500.000000	107.819	-148.5399
3550.000000	107.850	-149.2074
3600.000000	107.879	-149.9048
3650.000000	107.908	-150.6428
3700.000000	107.929	-151.4231
3750.000000	107.940	-152.2409
3820.000000	107.939	-153.3837
3870.000000	107.929	-154.2029
3950.000000	107.898	-155.5180
4000.000000	107.868	-156.3519
4060.000000	107.816	-157.3184
4120.000000	107.752	-158.2560
4180.000000	107.679	-159.1281
4250.000000	107.586	-160.0873
4310.000000	107.502	-160.8771
4370.000000	107.414	-161.6598
4440.000000	107.303	-162.5180
4500.000000	107.198	-163.2645
4550.000000	107.100	-163.8827
4620.000000	106.953	-164.6634
4680.000000	106.814	-165.2589
4750.000000	106.640	-165.8443
4820.000000	106.469	-166.2843
4870.000000	106.348	-166.5323
4940.000000	106.181	-166.8146
5000.000000	106.042	-166.9969
5080.000000	105.862	-167.2103
5150.000000	105.707	-167.3273
5220.000000	105.555	-167.4061
5300.000000	105.387	-167.4428
5380.000000	105.227	-167.3867
5450.000000	105.092	-167.3525
5520.000000	104.966	-167.2711
5600.000000	104.836	-167.1769
5700.000000	104.685	-167.0981
5800.000000	104.541	-167.1479
5900.000000	104.402	-167.2742
6000.000000	104.249	-167.5249
6080.000000	104.116	-167.8307
6150.000000	103.980	-168.1136
6220.000000	103.832	-168.3649
6300.000000	103.628	-168.6255
6400.000000	103.343	-168.6933
6500.000000	103.038	-168.3672
6600.000000	102.750	-167.5508
6700.000000	102.503	-166.3286
6800.000000	102.319	-164.8388
6900.000000	102.213	-163.2215
7000.000000	102.186	-161.6696
7100.000000	102.226	-160.2089
7200.000000	102.340	-158.9639
7300.000000	102.531	-158.1060
7400.000000	102.784	-157.7704
7500.000000	103.085	-158.0576
7620.000000	103.479	-159.4101
7750.000000	103.898	-162.4077
7880.000000	104.211	-167.0627
8000.000000	104.306	-172.6897
8120.000000	104.130	-179.0735
8250.000000	103.597	174.0881
8380.000000	102.750	168.1961
8500.000000	101.783	163.9949
8620.000000	100.671	161.1963
8750.000000	99.369	159.9633
8850.000000	98.337	160.3348
9000.000000	96.845	163.4060
9120.000000	95.768	168.1102
9250.000000	94.877	175.2332
9380.000000	94.414	-175.6751
9500.000000	94.563	-166.9864
9620.000000	95.262	-159.9764
9750.000000	96.428	-156.1375
9880.000000	97.614	-157.0687
10000.000000	98.410	-161.4205
10150.000000	98.746	-168.5051
10300.000000	98.519	-174.7378
10440.000000	98.051	-178.6794
10600.000000	97.433	178.8463
10750.000000	96.911	177.9894
10900.000000	96.470	177.8906
11060.000000	96.115	178.3769
11200.000000	95.877	179.1806
11380.000000	95.723	-179.6406
11500.000000	95.678	-178.8000
11720.000000	95.769	-177.3988
11800.000000	95.854	-176.8955
12060.000000	96.326	-175.7451
12200.000000	96.695	-175.3583
12410.000000	97.451	-175.4398
12500.000000	97.847	-175.6921
12650.000000	98.611	-176.5862
12800.000000	99.546	-178.0556
13150.000000	102.472	174.3610
13200.000000	102.998	172.5298
13400.000000	105.408	161.9234
13600.000000	108.129	142.4267
13800.000000	109.845	109.4721
14000.000000	108.749	74.5566
14300.000000	105.272	43.5966
14500.000000	103.409	31.0164
14750.000000	101.724	18.2290
15000.000000	100.629	6.0425
15250.000000	100.074	-7.3302
15500.000000	99.880	-23.1844
15750.000000	99.877	-42.6434
16000.000000	99.820	-65.9005
16250.000000	99.504	-92.6096
16500.000000	98.765	-121.6306
16750.000000	97.609	-151.2712
17000.000000	96.205	179.1543
17250.000000	94.739	149.6835
17500.000000	93.162	118.7067
17750.000000	91.356	90.1961
18000.000000	90.418	60.2993
18250.000000	89.621	25.7335
18500.000000	88.962	-13.2845
18750.000000	88.390	-58.8311
19000.000000	87.928	-109.5002
19250.000000	87.354	-170.0399
19500.000000	86.429	117.2975
19750.000000	84.749	31.0714
