* Measurement data measured by REW V5.20
* Source: USB-C to 3.5mm Headphone Jack Adapter, USB-C to 3.5mm Headphone Jack Adapter, 0, volume: 0.138
* Format: 256k Log Swept Sine, 1 sweep at -12.0 dBFS with no timing reference
* Dated: Aug 2, 2024 3:59:35 PM
* REW Settings:
*  C-weighting compensation: Off
*  Target level: 75.0 dB
* Note: ; 
* Measurement: silver R
* Smoothing: None
* Frequency Step: 1/48 octave
* Start Frequency: 20.300 Hz
*
* Freq(Hz)	SPL(dB)	Phase(degrees)
20.299999	103.338547	-158.8570
20.600000	103.353134	-159.4741
20.900000	103.365646	-160.0256
21.200001	103.378242	-160.5938
21.400000	103.385574	-160.9893
21.799999	103.393967	-161.8046
22.000000	103.394287	-162.2108
22.400000	103.388901	-162.9910
22.700001	103.383499	-163.5357
23.000000	103.380356	-164.0561
23.299999	103.380798	-164.5727
23.600000	103.383881	-165.1056
24.000000	103.387367	-165.8516
24.299999	103.386620	-166.4211
24.700001	103.380547	-167.1527
25.000000	103.374786	-167.6588
25.400000	103.370026	-168.2728
25.799999	103.370926	-168.8449
26.200001	103.374863	-169.4104
26.500000	103.376579	-169.8406
26.900000	103.374138	-170.4174
27.200001	103.368378	-170.8455
27.600000	103.357216	-171.4049
28.000000	103.344604	-171.9553
28.500000	103.329155	-172.6420
29.000000	103.314560	-173.3278
29.500000	103.300949	-174.0001
30.000000	103.288826	-174.6496
30.400000	103.279922	-175.1537
30.700001	103.273209	-175.5242
31.100000	103.263641	-176.0086
31.500000	103.253059	-176.4825
32.000000	103.238289	-177.0606
32.500000	103.221893	-177.6232
33.000000	103.204369	-178.1684
33.500000	103.186783	-178.6971
34.000000	103.169708	-179.2174
34.500000	103.152313	-179.7364
35.000000	103.133514	179.7501
35.500000	103.113739	179.2501
36.000000	103.094276	178.7616
36.500000	103.074905	178.2751
37.000000	103.053986	177.7904
37.500000	103.031250	177.3206
38.200001	103.000877	176.6974
38.700001	102.982056	176.2586
39.500000	102.950729	175.5441
40.000000	102.927284	175.1104
40.599998	102.897415	174.6211
41.200001	102.868317	174.1490
41.799999	102.839096	173.6762
42.500000	102.803185	173.1311
43.099998	102.772316	172.6784
43.700001	102.742462	172.2321
44.400002	102.707558	171.7137
45.000000	102.676826	171.2820
45.500000	102.651398	170.9385
46.200001	102.617477	170.4755
46.799999	102.588943	170.0742
47.500000	102.552040	169.5944
48.200001	102.512169	169.1385
48.700001	102.486412	168.8350
49.400002	102.454239	168.4057
50.000000	102.422363	168.0324
50.799999	102.373352	167.5833
51.500000	102.336998	167.1808
52.200001	102.299889	166.6853
53.000000	102.243484	166.1638
53.799999	102.198051	165.8204
54.500000	102.173248	165.5023
55.200001	102.140701	165.1215
56.000000	102.095276	164.7210
57.000000	102.039490	164.2408
58.000000	101.979790	163.7872
59.000000	101.926880	163.1654
60.000000	101.848648	162.5669
60.799999	101.808136	162.3815
61.500000	101.793259	162.1850
62.200001	101.760101	161.8905
63.000000	101.703484	161.5884
64.000000	101.647095	161.1831
65.000000	101.591919	160.7484
66.000000	101.538742	160.4001
67.000000	101.482689	160.0197
68.000000	101.424026	159.6614
69.000000	101.370255	159.3177
70.000000	101.314079	158.9706
71.000000	101.257248	158.6312
72.000000	101.202171	158.3116
73.000000	101.148659	158.0135
74.000000	101.094978	157.7050
75.000000	101.038399	157.4073
76.199997	100.975166	157.0829
77.500000	100.903450	156.7078
78.800003	100.832802	156.3672
80.000000	100.769531	156.0562
81.199997	100.700806	155.7596
82.500000	100.627075	155.4855
83.800003	100.566666	155.1581
85.000000	100.500595	154.8659
86.199997	100.436905	154.6240
87.500000	100.368752	154.3387
88.500000	100.314972	154.1535
90.000000	100.238167	153.8680
91.199997	100.174118	153.6277
92.500000	100.111298	153.4119
93.800003	100.043152	153.2046
95.000000	99.983589	153.0024
96.199997	99.921928	152.7942
97.500000	99.854912	152.5987
98.800003	99.789917	152.4238
100.000000	99.735130	152.2445
101.500000	99.660690	152.0478
103.000000	99.586426	151.8383
104.400002	99.518501	151.6789
106.000000	99.437508	151.4871
107.500000	99.368515	151.3185
109.000000	99.300529	151.1595
110.599998	99.224213	151.0195
112.000000	99.161179	150.8697
113.800003	99.076294	150.7109
115.000000	99.021309	150.5940
117.199997	98.923584	150.4136
118.000000	98.884384	150.3719
120.599998	98.777603	150.1445
122.000000	98.715446	150.1179
124.099998	98.623444	150.0070
125.000000	98.589439	149.9445
126.500000	98.520164	149.9077
128.000000	98.457474	149.8390
131.500000	98.305801	149.6495
132.000000	98.286148	149.6538
134.000000	98.212532	149.5424
136.000000	98.141869	149.5426
138.000000	98.057106	149.5046
140.000000	97.979286	149.4141
143.000000	97.872124	149.3715
145.000000	97.790787	149.3588
147.500000	97.700775	149.3057
150.000000	97.607620	149.3132
152.500000	97.517967	149.2700
155.000000	97.429977	149.2884
157.500000	97.341957	149.2787
160.000000	97.260765	149.3252
162.500000	97.177109	149.3263
165.000000	97.086311	149.6712
167.500000	96.999466	149.3933
170.000000	96.920769	149.4679
172.500000	96.844284	149.5089
175.000000	96.762100	149.5805
177.500000	96.684341	149.6660
180.000000	96.596039	149.6396
182.500000	96.531502	149.7894
185.000000	96.455009	149.8821
187.500000	96.384552	149.9930
190.000000	96.306267	150.0807
192.500000	96.237259	150.2072
195.000000	96.163742	150.3064
197.500000	96.090897	150.4260
200.000000	96.018410	150.5466
203.000000	95.938049	150.7170
206.000000	95.852715	150.8749
209.000000	95.771957	151.0784
212.000000	95.692322	151.2829
214.000000	95.635025	151.4662
218.000000	95.532860	151.8108
220.000000	95.484032	152.0350
224.000000	95.405579	152.5056
227.000000	95.364799	152.8549
230.000000	95.333054	153.0883
233.000000	95.303558	153.2091
236.000000	95.259872	153.2403
240.000000	95.178215	153.3298
243.000000	95.127640	153.4111
247.000000	95.040085	153.5616
250.000000	94.980492	153.7042
254.000000	94.895958	153.9284
258.000000	94.816139	154.1415
262.000000	94.736771	154.4314
265.000000	94.684464	154.6040
269.000000	94.611252	154.8974
272.000000	94.556870	155.1060
276.000000	94.490379	155.3910
280.000000	94.425270	155.6475
285.000000	94.347198	155.9867
290.000000	94.265297	156.3047
295.000000	94.188110	156.6221
300.000000	94.119881	157.1044
304.000000	94.051041	157.2719
307.000000	94.008011	157.4890
311.000000	93.947495	157.7695
315.000000	93.890038	158.0726
320.000000	93.820549	158.4207
325.000000	93.751450	158.8137
330.000000	93.681557	159.2333
335.000000	93.621803	159.5642
340.000000	93.559311	159.9189
345.000000	93.495636	160.2944
350.000000	93.440025	160.7007
355.000000	93.382721	161.0756
360.000000	93.326897	161.4352
365.000000	93.271935	161.8293
370.000000	93.219162	162.1953
375.000000	93.164795	162.5916
382.000000	93.094574	163.1316
387.000000	93.046303	163.4992
395.000000	92.972290	164.1090
400.000000	92.926079	164.4930
406.000000	92.869881	164.9462
412.000000	92.823486	165.3913
418.000000	92.775780	165.8747
425.000000	92.711899	166.3992
431.000000	92.660835	166.8457
437.000000	92.617737	167.3518
444.000000	92.562714	167.8405
450.000000	92.521408	168.3230
455.000000	92.482513	168.7045
462.000000	92.441582	169.2512
468.000000	92.394119	169.6909
475.000000	92.349792	170.2548
482.000000	92.309608	170.7895
487.000000	92.274971	171.2235
494.000000	92.236458	171.7940
500.000000	92.208084	172.2925
508.000000	92.177017	172.8876
515.000000	92.146553	173.3943
522.000000	92.114334	173.9090
530.000000	92.082504	174.4821
538.000000	92.041687	175.0717
545.000000	92.013962	175.6001
552.000000	91.986046	176.0864
560.000000	91.948990	176.7091
570.000000	91.909828	177.4514
580.000000	91.878105	178.2090
590.000000	91.848846	178.9650
600.000000	91.813751	179.7450
608.000000	91.793884	-179.6504
615.000000	91.772934	-179.1376
622.000000	91.760193	-178.5697
630.000000	91.740654	-177.9884
640.000000	91.724014	-177.2230
650.000000	91.706528	-176.4655
660.000000	91.673729	-175.6619
670.000000	91.685173	-174.9490
680.000000	91.674561	-174.1809
690.000000	91.671402	-173.4541
700.000000	91.671219	-172.7094
710.000000	91.671837	-171.9837
720.000000	91.674194	-171.2240
730.000000	91.674576	-170.5028
740.000000	91.685524	-169.7542
750.000000	91.692970	-169.0255
762.000000	91.707359	-168.1936
775.000000	91.726227	-167.2835
788.000000	91.749954	-166.3454
800.000000	91.776207	-165.5468
812.000000	91.802399	-164.7009
825.000000	91.831573	-163.8479
838.000000	91.868294	-162.9715
850.000000	91.903976	-162.1951
862.000000	91.946991	-161.4157
875.000000	91.987358	-160.5623
885.000000	92.026642	-159.9205
900.000000	92.093224	-158.8509
912.000000	92.135384	-158.2602
925.000000	92.197281	-157.4976
938.000000	92.253830	-156.7405
950.000000	92.316948	-156.0198
962.000000	92.381546	-155.3657
975.000000	92.449051	-154.6436
988.000000	92.526703	-153.9494
1000.000000	92.595123	-153.3463
1015.000000	92.689438	-152.5819
1030.000000	92.784714	-151.9042
1044.000000	92.877373	-151.2662
1060.000000	92.984818	-150.5898
1075.000000	93.092621	-150.0149
1090.000000	93.196701	-149.4715
1106.000000	93.308395	-148.9247
1120.000000	93.409248	-148.5174
1138.000000	93.535515	-147.9886
1150.000000	93.620697	-147.7229
1172.000000	93.771805	-147.2635
1180.000000	93.822990	-147.0901
1206.000000	93.994446	-146.6618
1220.000000	94.082405	-146.4477
1241.000000	94.209938	-146.1906
1250.000000	94.259750	-146.0845
1265.000000	94.345436	-145.9202
1280.000000	94.428345	-145.7897
1315.000000	94.607193	-145.5249
1320.000000	94.635406	-145.5026
1340.000000	94.723633	-145.3547
1360.000000	94.812698	-145.2337
1380.000000	94.888657	-145.1057
1400.000000	94.976257	-145.0117
1430.000000	95.090370	-144.8633
1450.000000	95.160805	-144.7272
1475.000000	95.246834	-144.6131
1500.000000	95.335114	-144.4812
1525.000000	95.415009	-144.2972
1550.000000	95.493340	-144.1470
1575.000000	95.570938	-144.0232
1600.000000	95.646118	-143.8663
1625.000000	95.721558	-143.7050
1650.000000	95.796104	-143.5592
1675.000000	95.867561	-143.4150
1700.000000	95.942856	-143.2817
1725.000000	96.014503	-143.1382
1750.000000	96.086777	-143.0095
1775.000000	96.156830	-142.8769
1800.000000	96.228951	-142.7505
1825.000000	96.299438	-142.6749
1850.000000	96.369492	-142.5821
1875.000000	96.438995	-142.4996
1900.000000	96.506165	-142.4373
1925.000000	96.574295	-142.3646
1950.000000	96.641167	-142.3106
1975.000000	96.704926	-142.2911
2000.000000	96.769005	-142.2626
2030.000000	96.844803	-142.2475
2060.000000	96.916969	-142.2250
2090.000000	96.987221	-142.2628
2120.000000	97.053200	-142.2742
2140.000000	97.100121	-142.2840
2180.000000	97.185638	-142.3673
2200.000000	97.225105	-142.4025
2240.000000	97.302887	-142.5075
2270.000000	97.355858	-142.5896
2300.000000	97.405228	-142.6621
2330.000000	97.451523	-142.7511
2360.000000	97.498688	-142.8318
2400.000000	97.550491	-142.9488
2430.000000	97.588470	-143.0423
2470.000000	97.635117	-143.1569
2500.000000	97.670517	-143.2449
2540.000000	97.707886	-143.3252
2580.000000	97.740311	-143.4469
2620.000000	97.773956	-143.5039
2650.000000	97.791382	-143.5500
2690.000000	97.818138	-143.5782
2720.000000	97.834427	-143.6206
2760.000000	97.851364	-143.6347
2800.000000	97.873093	-143.6400
2850.000000	97.899025	-143.6165
2900.000000	97.918617	-143.5943
2950.000000	97.941795	-143.5191
3000.000000	97.965179	-143.4141
3040.000000	97.980789	-143.3474
3070.000000	97.994286	-143.2643
3110.000000	98.014503	-143.1658
3150.000000	98.036995	-143.0763
3200.000000	98.064705	-142.9470
3250.000000	98.094574	-142.8218
3300.000000	98.124031	-142.6989
3350.000000	98.160736	-142.6051
3400.000000	98.194084	-142.5018
3450.000000	98.228607	-142.4174
3500.000000	98.262817	-142.3526
3550.000000	98.296486	-142.3202
3600.000000	98.325760	-142.2934
3650.000000	98.360764	-142.2812
3700.000000	98.390182	-142.2869
3750.000000	98.417114	-142.3116
3820.000000	98.450523	-142.3557
3870.000000	98.472466	-142.4080
3950.000000	98.498543	-142.4886
4000.000000	98.508385	-142.5312
4060.000000	98.523117	-142.6147
4120.000000	98.527428	-142.6832
4180.000000	98.528526	-142.7498
4250.000000	98.526031	-142.7554
4310.000000	98.520248	-142.7594
4370.000000	98.509918	-142.7080
4440.000000	98.501129	-142.6144
4500.000000	98.495605	-142.4883
4550.000000	98.494392	-142.3413
4620.000000	98.504745	-142.0877
4680.000000	98.530777	-141.8772
4750.000000	98.581421	-141.6910
4820.000000	98.637741	-141.6671
4870.000000	98.679321	-141.7775
4940.000000	98.723335	-141.9734
5000.000000	98.745651	-142.2044
5080.000000	98.769264	-142.5205
5150.000000	98.771835	-142.7791
5220.000000	98.774307	-142.9990
5300.000000	98.776436	-143.2175
5380.000000	98.786377	-143.4337
5450.000000	98.796303	-143.6744
5520.000000	98.801750	-143.9908
5600.000000	98.804230	-144.3832
5700.000000	98.788681	-144.9473
5800.000000	98.747307	-145.5340
5900.000000	98.686996	-146.0845
6000.000000	98.603043	-146.5237
6080.000000	98.522430	-146.7401
6150.000000	98.443924	-146.8134
6220.000000	98.370255	-146.7755
6300.000000	98.287903	-146.5328
6400.000000	98.216965	-145.9592
6500.000000	98.198769	-145.1931
6600.000000	98.239059	-144.3265
6700.000000	98.341385	-143.5195
6800.000000	98.494957	-142.8554
6900.000000	98.701599	-142.3517
7000.000000	98.954147	-142.0619
7100.000000	99.259369	-142.0102
7200.000000	99.625885	-142.2749
7300.000000	100.046822	-142.9832
7400.000000	100.513908	-144.2927
7500.000000	101.022087	-146.2719
7620.000000	101.667603	-149.7697
7750.000000	102.349808	-155.2862
7880.000000	102.905991	-162.8895
8000.000000	103.170921	-171.4997
8120.000000	103.090302	179.0514
8250.000000	102.595268	169.1701
8380.000000	101.783638	160.7172
8500.000000	100.882393	154.3287
8620.000000	99.906219	149.2752
8750.000000	98.799988	145.1813
8850.000000	97.972672	142.9075
9000.000000	96.780060	140.5507
9120.000000	95.877304	139.2545
9250.000000	94.943443	138.5430
9380.000000	94.046600	138.3937
9500.000000	93.259369	138.7923
9620.000000	92.549202	139.5871
9750.000000	91.854309	140.8994
9880.000000	91.246811	142.4786
10000.000000	90.766678	143.9799
10150.000000	90.256950	145.9513
10300.000000	89.840851	148.0160
10440.000000	89.514343	149.8161
10600.000000	89.212181	151.9797
10750.000000	89.021439	154.2424
10900.000000	88.967186	157.1019
11060.000000	89.161232	160.4550
11200.000000	89.660934	162.9098
11380.000000	90.785423	162.9881
11500.000000	91.608864	160.2209
11720.000000	92.732773	150.2504
11800.000000	92.965240	145.7773
12060.000000	93.112183	130.3505
12200.000000	92.917847	122.2856
12410.000000	92.334442	110.8577
12500.000000	92.033081	106.3871
12650.000000	91.458328	99.3512
12800.000000	90.856552	92.7875
13150.000000	89.445183	79.5063
13200.000000	89.273148	77.6249
13400.000000	88.550705	70.8009
13600.000000	87.919739	64.0982
13800.000000	87.417427	57.2883
14000.000000	87.005325	50.2829
14300.000000	86.676590	39.3116
14500.000000	86.687103	31.0036
14750.000000	86.967491	18.9633
15000.000000	87.547012	5.9998
15250.000000	88.328369	-14.9506
15500.000000	89.076248	-40.7559
15750.000000	89.062317	-73.2647
16000.000000	87.660843	-107.3569
16250.000000	85.337906	-136.8531
16500.000000	82.850601	-161.1548
16750.000000	80.634186	177.5259
17000.000000	78.718796	156.7387
17250.000000	77.110718	135.8458
17500.000000	75.896202	113.6924
17750.000000	74.971367	87.6685
18000.000000	73.844025	51.9534
18250.000000	70.905785	28.8438
18500.000000	70.669121	0.9492
18750.000000	70.545662	-37.4310
19000.000000	70.247643	-82.0871
19250.000000	70.135941	-136.2954
19500.000000	69.588470	157.4497
19750.000000	68.627411	78.9724
