* Measurement data measured by REW V5.31.3
* Source: USB-C to 3.5mm Headphone Jack Adapter, USB-C to 3.5mm Headphone Jack Adapter, 0, volume: 0.138
* Format: 256k Log Swept Sine, 1 sweep at -12.0 dBFS with no timing reference
* Dated: Jul 18, 2025 3:30:47 PM
* REW Settings:
*  C-weighting compensation: Off
*  Target level: 75.0 dB
* Note: ; 
* Measurement: silver L
* Smoothing: None
* Frequency Step: 1/48 octave
* Start Frequency: 20.300 Hz
*
* Freq(Hz)	SPL(dB)	Phase(degrees)
20.299999	102.456	-149.2462
20.600000	102.473	-149.9935
20.900000	102.486	-150.6580
21.200001	102.502	-151.3263
21.400000	102.515	-151.7840
21.799999	102.544	-152.7320
22.000000	102.559	-153.2171
22.400000	102.585	-154.1869
22.700001	102.600	-154.8907
23.000000	102.613	-155.5616
23.299999	102.622	-156.1978
23.600000	102.631	-156.8053
24.000000	102.640	-157.5883
24.299999	102.646	-158.1667
24.700001	102.654	-158.9342
25.000000	102.660	-159.5072
25.400000	102.668	-160.2645
25.799999	102.677	-161.0101
26.200001	102.684	-161.7400
26.500000	102.688	-162.2749
26.900000	102.691	-162.9687
27.200001	102.691	-163.4745
27.600000	102.690	-164.1339
28.000000	102.688	-164.7827
28.500000	102.685	-165.5863
29.000000	102.681	-166.3751
29.500000	102.675	-167.1328
30.000000	102.669	-167.8524
30.400000	102.664	-168.4087
30.700001	102.660	-168.8216
31.100000	102.654	-169.3728
31.500000	102.646	-169.9258
32.000000	102.635	-170.6138
32.500000	102.622	-171.2899
33.000000	102.609	-171.9491
33.500000	102.595	-172.5867
34.000000	102.579	-173.1950
34.500000	102.561	-173.7719
35.000000	102.544	-174.3307
35.500000	102.528	-174.8921
36.000000	102.510	-175.4636
36.500000	102.491	-176.0337
37.000000	102.473	-176.5887
37.500000	102.456	-177.1310
38.200001	102.431	-177.8847
38.700001	102.409	-178.4062
39.500000	102.370	-179.1620
40.000000	102.349	-179.6044
40.599998	102.328	179.8424
41.200001	102.304	179.2620
41.799999	102.273	178.7001
42.500000	102.237	178.1024
43.099998	102.207	177.6194
43.700001	102.179	177.1377
44.400002	102.145	176.5561
45.000000	102.114	176.0410
45.500000	102.086	175.6249
46.200001	102.046	175.1034
46.799999	102.017	174.6993
47.500000	101.988	174.2139
48.200001	101.953	173.6934
48.700001	101.924	173.3199
49.400002	101.880	172.8279
50.000000	101.846	172.4479
50.799999	101.808	171.9650
51.500000	101.773	171.5164
52.200001	101.730	171.0761
53.000000	101.683	170.6266
53.799999	101.642	170.1551
54.500000	101.600	169.7291
55.200001	101.558	169.3417
56.000000	101.514	168.8915
57.000000	101.455	168.3709
58.000000	101.412	167.9342
59.000000	101.352	167.3369
60.000000	101.270	166.8892
60.799999	101.235	166.5722
61.500000	101.208	166.2125
62.200001	101.169	165.8916
63.000000	101.125	165.5872
64.000000	101.070	165.1387
65.000000	101.011	164.7054
66.000000	100.956	164.3267
67.000000	100.900	163.9664
68.000000	100.844	163.6039
69.000000	100.787	163.2505
70.000000	100.731	162.9089
71.000000	100.672	162.5650
72.000000	100.618	162.2440
73.000000	100.568	161.9113
74.000000	100.509	161.6239
75.000000	100.451	161.3699
76.199997	100.385	160.9930
77.500000	100.311	160.6343
78.800003	100.246	160.3076
80.000000	100.179	159.9694
81.199997	100.113	159.6937
82.500000	100.046	159.3927
83.800003	99.976	159.0906
85.000000	99.913	158.8343
86.199997	99.849	158.5929
87.500000	99.782	158.3275
88.500000	99.729	158.1249
90.000000	99.653	157.8603
91.199997	99.590	157.6496
92.500000	99.525	157.4396
93.800003	99.460	157.2345
95.000000	99.399	157.0461
96.199997	99.340	156.8712
97.500000	99.275	156.6861
98.800003	99.210	156.5131
100.000000	99.152	156.3528
101.500000	99.081	156.1626
103.000000	99.007	155.9984
104.400002	98.941	155.8378
106.000000	98.866	155.6850
107.500000	98.796	155.5342
109.000000	98.727	155.4026
110.599998	98.652	155.2715
112.000000	98.589	155.1503
113.800003	98.508	155.0264
115.000000	98.455	154.9501
117.199997	98.357	154.8151
118.000000	98.324	154.7719
120.599998	98.212	154.6380
122.000000	98.151	154.5588
124.099998	98.065	154.4995
125.000000	98.025	154.4504
126.500000	97.964	154.3939
128.000000	97.904	154.3427
131.500000	97.763	154.2542
132.000000	97.743	154.2454
134.000000	97.665	154.2245
136.000000	97.585	154.1784
138.000000	97.506	154.1768
140.000000	97.432	154.1638
143.000000	97.317	154.1776
145.000000	97.240	154.1830
147.500000	97.146	154.2034
150.000000	97.052	154.2560
152.500000	96.958	154.3176
155.000000	96.865	154.4030
157.500000	96.767	154.5026
160.000000	96.679	154.6400
162.500000	96.585	154.8456
165.000000	96.496	155.0983
167.500000	96.415	155.4494
170.000000	96.349	155.8495
172.500000	96.315	156.2229
175.000000	96.302	156.4530
177.500000	96.283	156.5042
180.000000	96.255	156.4244
182.500000	96.203	156.3875
185.000000	96.142	156.3235
187.500000	96.078	156.3198
190.000000	96.008	156.3394
192.500000	95.945	156.4053
195.000000	95.877	156.4658
197.500000	95.809	156.5671
200.000000	95.745	156.7143
203.000000	95.668	156.8669
206.000000	95.595	157.0314
209.000000	95.528	157.2293
212.000000	95.457	157.4052
214.000000	95.413	157.5483
218.000000	95.323	157.8045
220.000000	95.282	157.9262
224.000000	95.196	158.2035
227.000000	95.135	158.4286
230.000000	95.071	158.6400
233.000000	95.011	158.8628
236.000000	94.954	159.0807
240.000000	94.872	159.3513
243.000000	94.821	159.6354
247.000000	94.747	159.9539
250.000000	94.698	160.1913
254.000000	94.628	160.5176
258.000000	94.565	160.8481
262.000000	94.496	161.1812
265.000000	94.445	161.4435
269.000000	94.386	161.8163
272.000000	94.342	162.0591
276.000000	94.284	162.4380
280.000000	94.229	162.7899
285.000000	94.166	163.2696
290.000000	94.108	163.6711
295.000000	94.045	164.0937
300.000000	93.986	164.5187
304.000000	93.943	164.8847
307.000000	93.912	165.1165
311.000000	93.866	165.4705
315.000000	93.826	165.8035
320.000000	93.772	166.2331
325.000000	93.719	166.6725
330.000000	93.670	167.1091
335.000000	93.627	167.5560
340.000000	93.584	167.9737
345.000000	93.539	168.4191
350.000000	93.498	168.8357
355.000000	93.455	169.2995
360.000000	93.419	169.7308
365.000000	93.384	170.1711
370.000000	93.346	170.5976
375.000000	93.310	171.0637
382.000000	93.267	171.6646
387.000000	93.240	172.1136
395.000000	93.192	172.8256
400.000000	93.170	173.2783
406.000000	93.149	173.8329
412.000000	93.128	174.3700
418.000000	93.118	174.8653
425.000000	93.103	175.4095
431.000000	93.089	175.8506
437.000000	93.074	176.2531
444.000000	93.055	176.7350
450.000000	93.034	177.1502
455.000000	93.016	177.4904
462.000000	92.999	177.9930
468.000000	92.983	178.4436
475.000000	92.964	178.9349
482.000000	92.946	179.4396
487.000000	92.938	179.7817
494.000000	92.923	-179.7283
500.000000	92.916	-179.2860
508.000000	92.901	-178.7498
515.000000	92.895	-178.2657
522.000000	92.885	-177.7814
530.000000	92.878	-177.2361
538.000000	92.870	-176.7002
545.000000	92.865	-176.2474
552.000000	92.864	-175.7757
560.000000	92.860	-175.2514
570.000000	92.865	-174.6194
580.000000	92.863	-174.0148
590.000000	92.868	-173.3665
600.000000	92.873	-172.7777
608.000000	92.875	-172.2837
615.000000	92.881	-171.8767
622.000000	92.886	-171.4813
630.000000	92.896	-171.0328
640.000000	92.905	-170.4408
650.000000	92.917	-169.8941
660.000000	92.934	-169.3472
670.000000	92.950	-168.8076
680.000000	92.965	-168.2964
690.000000	92.978	-167.7762
700.000000	92.996	-167.2693
710.000000	93.016	-166.7848
720.000000	93.033	-166.3151
730.000000	93.054	-165.8459
740.000000	93.076	-165.3909
750.000000	93.097	-164.9589
762.000000	93.118	-164.4425
775.000000	93.144	-163.9220
788.000000	93.166	-163.4221
800.000000	93.188	-162.9096
812.000000	93.208	-162.5395
825.000000	93.226	-162.0544
838.000000	93.243	-161.5995
850.000000	93.249	-161.1863
862.000000	93.264	-160.7334
875.000000	93.272	-160.2564
885.000000	93.274	-159.9089
900.000000	93.279	-159.3188
912.000000	93.281	-158.8257
925.000000	93.286	-158.3090
938.000000	93.286	-157.7403
950.000000	93.285	-157.2314
962.000000	93.287	-156.6455
975.000000	93.290	-156.0460
988.000000	93.295	-155.3633
1000.000000	93.303	-154.7570
1015.000000	93.313	-153.9444
1030.000000	93.330	-153.1291
1044.000000	93.350	-152.2917
1060.000000	93.381	-151.3435
1075.000000	93.420	-150.4567
1090.000000	93.466	-149.5483
1106.000000	93.525	-148.5903
1120.000000	93.582	-147.7680
1138.000000	93.671	-146.7532
1150.000000	93.733	-146.1311
1172.000000	93.831	-145.1517
1180.000000	93.851	-144.8143
1206.000000	93.926	-142.9297
1220.000000	94.031	-141.8349
1241.000000	94.212	-140.4497
1250.000000	94.300	-139.8615
1265.000000	94.479	-138.9567
1280.000000	94.678	-138.3783
1315.000000	95.059	-137.6746
1320.000000	95.109	-137.5813
1340.000000	95.305	-137.2715
1360.000000	95.498	-137.0234
1380.000000	95.688	-136.8789
1400.000000	95.868	-136.8274
1430.000000	96.124	-136.8869
1450.000000	96.284	-137.0266
1475.000000	96.469	-137.2579
1500.000000	96.635	-137.5287
1525.000000	96.786	-137.8954
1550.000000	96.919	-138.2850
1575.000000	97.038	-138.6570
1600.000000	97.149	-139.0909
1625.000000	97.235	-139.4660
1650.000000	97.318	-139.8441
1675.000000	97.387	-140.2335
1700.000000	97.444	-140.5558
1725.000000	97.494	-140.8939
1750.000000	97.534	-141.1613
1775.000000	97.568	-141.4073
1800.000000	97.597	-141.5912
1825.000000	97.622	-141.7400
1850.000000	97.641	-141.8422
1875.000000	97.657	-141.8763
1900.000000	97.674	-141.9142
1925.000000	97.693	-141.8983
1950.000000	97.709	-141.8438
1975.000000	97.726	-141.7678
2000.000000	97.739	-141.6475
2030.000000	97.756	-141.4392
2060.000000	97.777	-141.1838
2090.000000	97.806	-140.8631
2120.000000	97.837	-140.4835
2140.000000	97.864	-140.2181
2180.000000	97.933	-139.6465
2200.000000	97.979	-139.3468
2240.000000	98.078	-138.7894
2270.000000	98.161	-138.3864
2300.000000	98.256	-138.0177
2330.000000	98.357	-137.6931
2360.000000	98.465	-137.4077
2400.000000	98.619	-137.1033
2430.000000	98.741	-136.9269
2470.000000	98.912	-136.8227
2500.000000	99.039	-136.8291
2540.000000	99.211	-136.9614
2580.000000	99.378	-137.2097
2620.000000	99.539	-137.5899
2650.000000	99.653	-137.9339
2690.000000	99.797	-138.4854
2720.000000	99.897	-138.9584
2760.000000	100.020	-139.6495
2800.000000	100.126	-140.4015
2850.000000	100.243	-141.4093
2900.000000	100.341	-142.4770
2950.000000	100.417	-143.6055
3000.000000	100.477	-144.7922
3040.000000	100.512	-145.8183
3070.000000	100.528	-146.6433
3110.000000	100.533	-147.8230
3150.000000	100.514	-149.1101
3200.000000	100.435	-150.8417
3250.000000	100.268	-152.6038
3300.000000	99.988	-154.1336
3350.000000	99.602	-154.9175
3400.000000	99.190	-154.4757
3450.000000	98.870	-152.9481
3500.000000	98.703	-150.9263
3550.000000	98.671	-149.0690
3600.000000	98.722	-147.5722
3650.000000	98.808	-146.5081
3700.000000	98.904	-145.7573
3750.000000	99.001	-145.2340
3820.000000	99.126	-144.7377
3870.000000	99.206	-144.5117
3950.000000	99.328	-144.2986
4000.000000	99.399	-144.2057
4060.000000	99.481	-144.1309
4120.000000	99.573	-144.1031
4180.000000	99.671	-144.1534
4250.000000	99.790	-144.3630
4310.000000	99.888	-144.6982
4370.000000	99.977	-145.1615
4440.000000	100.064	-145.7918
4500.000000	100.125	-146.4191
4550.000000	100.171	-146.9778
4620.000000	100.219	-147.8431
4680.000000	100.245	-148.6388
4750.000000	100.256	-149.6314
4820.000000	100.241	-150.6507
4870.000000	100.218	-151.3583
4940.000000	100.165	-152.3519
5000.000000	100.107	-153.1329
5080.000000	100.000	-154.1479
5150.000000	99.879	-154.9053
5220.000000	99.751	-155.2900
5300.000000	99.667	-155.5726
5380.000000	99.580	-156.2669
5450.000000	99.463	-156.8358
5520.000000	99.331	-157.2400
5600.000000	99.175	-157.4810
5700.000000	99.002	-157.4996
5800.000000	98.858	-157.2852
5900.000000	98.754	-156.9764
6000.000000	98.689	-156.5978
6080.000000	98.667	-156.2954
6150.000000	98.671	-156.0066
6220.000000	98.702	-155.8057
6300.000000	98.767	-155.6678
6400.000000	98.889	-155.7169
6500.000000	99.054	-156.0923
6600.000000	99.258	-156.9479
6700.000000	99.477	-158.3573
6800.000000	99.689	-160.3845
6900.000000	99.873	-163.1062
7000.000000	99.978	-166.4751
7100.000000	99.970	-170.2340
7200.000000	99.860	-174.1156
7300.000000	99.613	-177.9448
7400.000000	99.291	178.5781
7500.000000	98.901	175.4907
7620.000000	98.384	172.3190
7750.000000	97.810	169.4269
7880.000000	97.219	166.8645
8000.000000	96.639	164.4906
8120.000000	95.967	162.1169
8250.000000	94.911	159.3267
8380.000000	93.156	173.2517
8500.000000	93.773	165.7950
8620.000000	94.739	173.0439
8750.000000	94.345	165.5575
8850.000000	93.857	163.8614
9000.000000	93.218	162.9872
9120.000000	92.766	162.9588
9250.000000	92.350	163.3277
9380.000000	92.015	164.0572
9500.000000	91.793	164.8992
9620.000000	91.685	165.8539
9750.000000	91.720	166.3663
9880.000000	91.870	166.0139
10000.000000	92.063	164.4426
10150.000000	92.203	160.9193
10300.000000	92.144	156.4744
10440.000000	91.934	152.0107
10600.000000	91.546	147.0939
10750.000000	91.072	142.5609
10900.000000	90.480	138.4679
11060.000000	89.749	134.8176
11200.000000	89.131	132.3606
11380.000000	88.376	129.7232
11500.000000	87.950	128.0320
11720.000000	87.123	124.5846
11800.000000	86.810	123.3902
12060.000000	85.850	120.4463
12200.000000	85.399	119.1522
12410.000000	84.860	117.4553
12500.000000	84.665	116.6888
12650.000000	84.422	115.2859
12800.000000	84.261	113.7666
13150.000000	84.267	109.0612
13200.000000	84.313	108.2584
13400.000000	84.654	103.9585
13600.000000	85.154	98.5867
13800.000000	85.811	91.1417
14000.000000	86.651	81.3844
14300.000000	87.955	60.8491
14500.000000	88.552	42.7112
14750.000000	88.509	16.5243
15000.000000	87.484	-9.0226
15250.000000	86.182	-31.9437
15500.000000	84.655	-52.2570
15750.000000	83.292	-71.3252
16000.000000	82.114	-91.1917
16250.000000	80.882	-113.0630
16500.000000	79.347	-136.9182
16750.000000	77.604	-160.6436
17000.000000	75.616	174.1600
17250.000000	73.345	149.2877
17500.000000	70.722	124.2911
17750.000000	68.231	100.7077
18000.000000	66.141	76.3574
18250.000000	64.166	44.3376
18500.000000	60.657	4.9366
18750.000000	52.543	-2.9648
19000.000000	60.163	-2.7868
19250.000000	62.592	-79.5500
19500.000000	60.618	-162.3672
19750.000000	56.991	107.5376
