* Measurement data measured by REW V5.20
* Source: USB-C to 3.5mm Headphone Jack Adapter, USB-C to 3.5mm Headphone Jack Adapter, 0, volume: 0.138
* Format: 256k Log Swept Sine, 1 sweep at -12.0 dBFS with no timing reference
* Dated: Aug 8, 2024 5:13:04 PM
* REW Settings:
*  C-weighting compensation: Off
*  Target level: 75.0 dB
* Note: 
* Measurement: L
* Smoothing: None
* Frequency Step: 1/48 octave
* Start Frequency: 20.300 Hz
*
* Freq(Hz)	SPL(dB)	Phase(degrees)
20.299999	104.875336	-170.5188
20.600000	104.874741	-171.1079
20.900000	104.867004	-171.6371
21.200001	104.856895	-172.1583
21.400000	104.849884	-172.5023
21.799999	104.836433	-173.1827
22.000000	104.830177	-173.5189
22.400000	104.818260	-174.1839
22.700001	104.809067	-174.6773
23.000000	104.798927	-175.1671
23.299999	104.787331	-175.6532
23.600000	104.774239	-176.1347
24.000000	104.755203	-176.7666
24.299999	104.740784	-177.2315
24.700001	104.722755	-177.8397
25.000000	104.710503	-178.2879
25.400000	104.695358	-178.8752
25.799999	104.680054	-179.4468
26.200001	104.663200	-179.9966
26.500000	104.649300	179.6071
26.900000	104.629501	179.0962
27.200001	104.614052	178.7202
27.600000	104.592743	178.2184
28.000000	104.570351	177.7119
28.500000	104.540627	177.0800
29.000000	104.510460	176.4696
29.500000	104.482147	175.8898
30.000000	104.455780	175.3298
30.400000	104.434258	174.8881
30.700001	104.416817	174.5604
31.100000	104.391464	174.1324
31.500000	104.364777	173.7176
32.000000	104.332069	173.2122
32.500000	104.301208	172.7053
33.000000	104.270088	172.1904
33.500000	104.236153	171.6831
34.000000	104.199722	171.2073
34.500000	104.163757	170.7688
35.000000	104.130569	170.3478
35.500000	104.099442	169.9194
36.000000	104.067680	169.4747
36.500000	104.033325	169.0236
37.000000	103.996704	168.5836
37.500000	103.959641	168.1653
38.200001	103.910217	167.6129
38.700001	103.876999	167.2287
39.500000	103.822983	166.6126
40.000000	103.785912	166.2334
40.599998	103.738510	165.8017
41.200001	103.691605	165.3961
41.799999	103.647423	164.9973
42.500000	103.596840	164.5230
43.099998	103.551598	164.1212
43.700001	103.505501	163.7369
44.400002	103.452805	163.2998
45.000000	103.407921	162.9254
45.500000	103.370186	162.6212
46.200001	103.317863	162.2189
46.799999	103.273727	161.8915
47.500000	103.221245	161.5215
48.200001	103.168701	161.1605
48.700001	103.132439	160.8963
49.400002	103.080803	160.5142
50.000000	103.034027	160.2105
50.799999	102.974541	159.8594
51.500000	102.924591	159.5231
52.200001	102.864159	159.1493
53.000000	102.789810	158.8040
53.799999	102.736397	158.5155
54.500000	102.698112	158.2023
55.200001	102.650261	157.8852
56.000000	102.590248	157.5897
57.000000	102.516876	157.2252
58.000000	102.440582	156.8548
59.000000	102.364899	156.4582
60.000000	102.286362	156.0922
60.799999	102.233772	155.8552
61.500000	102.190689	155.6359
62.200001	102.141197	155.4235
63.000000	102.082619	155.2067
64.000000	102.013542	154.8959
65.000000	101.940781	154.5992
66.000000	101.872467	154.3661
67.000000	101.802948	154.0885
68.000000	101.728989	153.8297
69.000000	101.663109	153.6095
70.000000	101.596977	153.3845
71.000000	101.529160	153.1603
72.000000	101.460396	152.9288
73.000000	101.391747	152.7382
74.000000	101.326530	152.5329
75.000000	101.256760	152.3254
76.199997	101.180992	152.1339
77.500000	101.096901	151.8922
78.800003	101.012161	151.6809
80.000000	100.939812	151.5322
81.199997	100.866928	151.3397
82.500000	100.775230	151.1752
83.800003	100.707031	151.0136
85.000000	100.632217	150.8618
86.199997	100.562561	150.7341
87.500000	100.483215	150.5801
88.500000	100.424316	150.4948
90.000000	100.335220	150.3508
91.199997	100.265999	150.2447
92.500000	100.194092	150.1432
93.800003	100.120140	150.0456
95.000000	100.050575	149.9632
96.199997	99.984016	149.8820
97.500000	99.913124	149.7999
98.800003	99.842339	149.7263
100.000000	99.777130	149.6733
101.500000	99.698212	149.5887
103.000000	99.617851	149.5521
104.400002	99.545876	149.5078
106.000000	99.461403	149.4203
107.500000	99.385727	149.4335
109.000000	99.311867	149.3855
110.599998	99.232964	149.3634
112.000000	99.161369	149.3740
113.800003	99.077728	149.3640
115.000000	99.022507	149.3373
117.199997	98.919159	149.3650
118.000000	98.880806	149.3694
120.599998	98.760117	149.3824
122.000000	98.703842	149.4259
124.099998	98.610519	149.4907
125.000000	98.567169	149.4971
126.500000	98.505089	149.5035
128.000000	98.442078	149.5480
131.500000	98.291962	149.6836
132.000000	98.272919	149.6859
134.000000	98.185799	149.7573
136.000000	98.109474	149.8367
138.000000	98.026588	149.9751
140.000000	97.944252	150.1024
143.000000	97.833015	150.2631
145.000000	97.760979	150.3757
147.500000	97.668671	150.5269
150.000000	97.580360	150.7004
152.500000	97.489624	150.9177
155.000000	97.405846	151.0543
157.500000	97.321587	151.3301
160.000000	97.238663	151.5640
162.500000	97.160912	151.6891
165.000000	97.157394	151.8935
167.500000	97.017517	152.2838
170.000000	96.955948	152.4724
172.500000	96.888741	152.7128
175.000000	96.823837	152.9822
177.500000	96.769943	153.2015
180.000000	96.713394	153.4169
182.500000	96.668167	153.5834
185.000000	96.614281	153.7530
187.500000	96.560631	153.8983
190.000000	96.502968	154.0334
192.500000	96.442490	154.1856
195.000000	96.384506	154.3464
197.500000	96.326790	154.5173
200.000000	96.266708	154.6843
203.000000	96.196304	154.9192
206.000000	96.129425	155.1534
209.000000	96.061752	155.3943
212.000000	95.994293	155.6349
214.000000	95.950500	155.8038
218.000000	95.870293	156.1559
220.000000	95.831856	156.3336
224.000000	95.751877	156.6959
227.000000	95.693275	156.9632
230.000000	95.638397	157.2128
233.000000	95.582184	157.4684
236.000000	95.530144	157.7336
240.000000	95.451714	158.0996
243.000000	95.404175	158.3601
247.000000	95.334999	158.7118
250.000000	95.284439	158.9893
254.000000	95.219193	159.3629
258.000000	95.155937	159.7147
262.000000	95.091942	160.1124
265.000000	95.049835	160.3765
269.000000	94.989380	160.7754
272.000000	94.942978	161.0702
276.000000	94.892334	161.4650
280.000000	94.836868	161.8696
285.000000	94.773834	162.3558
290.000000	94.720428	162.8614
295.000000	94.669655	163.3438
300.000000	94.622086	163.7685
304.000000	94.579544	164.1295
307.000000	94.552216	164.3958
311.000000	94.507111	164.7175
315.000000	94.465912	165.0552
320.000000	94.410721	165.4904
325.000000	94.359512	165.9199
330.000000	94.308838	166.3521
335.000000	94.262833	166.8419
340.000000	94.220123	167.3088
345.000000	94.178772	167.7862
350.000000	94.143616	168.2310
355.000000	94.106476	168.6887
360.000000	94.076630	169.1201
365.000000	94.044235	169.5268
370.000000	94.016327	169.9346
375.000000	93.979713	170.2850
382.000000	93.931725	170.8602
387.000000	93.901497	171.2395
395.000000	93.849091	171.8715
400.000000	93.814606	172.3087
406.000000	93.777252	172.7528
412.000000	93.741806	173.2660
418.000000	93.705620	173.7105
425.000000	93.664482	174.2934
431.000000	93.631424	174.7867
437.000000	93.600082	175.2606
444.000000	93.568108	175.8392
450.000000	93.536926	176.3171
455.000000	93.515671	176.7242
462.000000	93.484177	177.2801
468.000000	93.458885	177.7784
475.000000	93.431938	178.3057
482.000000	93.407349	178.8927
487.000000	93.388885	179.2949
494.000000	93.363213	179.8451
500.000000	93.342941	-179.6944
508.000000	93.317673	-179.0724
515.000000	93.293564	-178.5083
522.000000	93.279121	-177.9616
530.000000	93.254921	-177.3711
538.000000	93.233322	-176.7318
545.000000	93.221252	-176.2178
552.000000	93.201004	-175.6836
560.000000	93.184280	-175.0644
570.000000	93.161041	-174.2971
580.000000	93.143425	-173.5201
590.000000	93.129364	-172.7667
600.000000	93.116531	-171.9882
608.000000	93.105186	-171.3849
615.000000	93.098457	-170.8480
622.000000	93.088318	-170.3080
630.000000	93.085175	-169.6861
640.000000	93.077118	-168.9511
650.000000	93.071815	-168.2029
660.000000	93.070404	-167.4234
670.000000	93.063766	-166.6744
680.000000	93.065262	-165.9184
690.000000	93.065742	-165.1722
700.000000	93.072319	-164.3864
710.000000	93.072487	-163.6551
720.000000	93.082291	-162.8988
730.000000	93.085640	-162.1383
740.000000	93.097092	-161.3892
750.000000	93.111877	-160.6015
762.000000	93.123474	-159.6804
775.000000	93.142853	-158.7111
788.000000	93.171432	-157.6854
800.000000	93.191734	-156.7356
812.000000	93.223679	-155.8501
825.000000	93.259445	-154.8353
838.000000	93.297379	-153.8125
850.000000	93.336105	-152.8806
862.000000	93.377960	-151.9743
875.000000	93.425705	-150.9503
885.000000	93.470596	-150.1824
900.000000	93.532455	-149.0145
912.000000	93.594208	-148.0788
925.000000	93.660591	-147.0713
938.000000	93.735359	-146.0813
950.000000	93.806221	-145.1322
962.000000	93.880318	-144.2285
975.000000	93.973801	-143.2098
988.000000	94.071999	-142.1886
1000.000000	94.165695	-141.2939
1015.000000	94.304504	-140.1336
1030.000000	94.451973	-139.0578
1044.000000	94.608406	-138.0923
1060.000000	94.803337	-137.1285
1075.000000	94.994125	-136.4117
1090.000000	95.185989	-135.7963
1106.000000	95.381737	-135.3149
1120.000000	95.551048	-135.0110
1138.000000	95.738762	-134.6846
1150.000000	95.859421	-134.5147
1172.000000	96.063324	-134.2290
1180.000000	96.132385	-134.1161
1206.000000	96.345711	-133.7919
1220.000000	96.458214	-133.6442
1241.000000	96.615967	-133.3698
1250.000000	96.681084	-133.2646
1265.000000	96.790794	-133.1018
1280.000000	96.893661	-132.9373
1315.000000	97.114166	-132.3723
1320.000000	97.150742	-132.2919
1340.000000	97.304108	-131.9912
1360.000000	97.453461	-131.7983
1380.000000	97.585854	-131.6315
1400.000000	97.716362	-131.4534
1430.000000	97.905685	-131.1508
1450.000000	98.034149	-130.9466
1475.000000	98.192810	-130.7052
1500.000000	98.353798	-130.4756
1525.000000	98.512520	-130.2567
1550.000000	98.674332	-130.0438
1575.000000	98.837418	-129.8539
1600.000000	99.000702	-129.6918
1625.000000	99.167412	-129.5393
1650.000000	99.332924	-129.4258
1675.000000	99.501366	-129.3255
1700.000000	99.671921	-129.2712
1725.000000	99.843681	-129.2493
1750.000000	100.016777	-129.2623
1775.000000	100.188652	-129.3082
1800.000000	100.363434	-129.3936
1825.000000	100.535698	-129.5479
1850.000000	100.708504	-129.7233
1875.000000	100.880524	-129.9633
1900.000000	101.051071	-130.2404
1925.000000	101.221375	-130.5724
1950.000000	101.388077	-130.9641
1975.000000	101.551971	-131.4050
2000.000000	101.713318	-131.8916
2030.000000	101.897934	-132.5370
2060.000000	102.076965	-133.2751
2090.000000	102.246628	-134.0721
2120.000000	102.407173	-134.9148
2140.000000	102.507324	-135.5213
2180.000000	102.691772	-136.7959
2200.000000	102.776131	-137.4732
2240.000000	102.924835	-138.8519
2270.000000	103.021957	-139.9171
2300.000000	103.104050	-140.9969
2330.000000	103.169876	-142.0753
2360.000000	103.224129	-143.1534
2400.000000	103.278328	-144.5511
2430.000000	103.304199	-145.5798
2470.000000	103.315865	-146.8965
2500.000000	103.312920	-147.8296
2540.000000	103.294830	-148.9989
2580.000000	103.263649	-150.0622
2620.000000	103.220390	-151.0294
2650.000000	103.182732	-151.6824
2690.000000	103.130386	-152.4679
2720.000000	103.086121	-152.9866
2760.000000	103.027084	-153.5842
2800.000000	102.968010	-154.0975
2850.000000	102.896889	-154.6100
2900.000000	102.834534	-155.0286
2950.000000	102.778259	-155.3369
3000.000000	102.734200	-155.5759
3040.000000	102.706390	-155.7260
3070.000000	102.687729	-155.8093
3110.000000	102.673904	-155.9386
3150.000000	102.663979	-156.0285
3200.000000	102.662422	-156.1492
3250.000000	102.672791	-156.2974
3300.000000	102.692207	-156.4391
3350.000000	102.722122	-156.6366
3400.000000	102.757431	-156.8773
3450.000000	102.800407	-157.1796
3500.000000	102.845444	-157.5392
3550.000000	102.895020	-157.9720
3600.000000	102.943672	-158.4733
3650.000000	102.994705	-159.0370
3700.000000	103.040321	-159.6834
3750.000000	103.085655	-160.3686
3820.000000	103.149094	-161.4684
3870.000000	103.192505	-162.3225
3950.000000	103.253136	-163.9436
4000.000000	103.276428	-165.1121
4060.000000	103.288307	-166.6330
4120.000000	103.271347	-168.2417
4180.000000	103.230217	-169.9353
4250.000000	103.145706	-171.9797
4310.000000	103.042435	-173.7486
4370.000000	102.908867	-175.5288
4440.000000	102.717979	-177.5843
4500.000000	102.519341	-179.2883
4550.000000	102.328445	179.3386
4620.000000	102.030334	177.5846
4680.000000	101.750854	176.2233
4750.000000	101.403618	174.8704
4820.000000	101.040047	173.7264
4870.000000	100.773186	173.0088
4940.000000	100.389984	172.1820
5000.000000	100.053375	171.5908
5080.000000	99.596725	171.0525
5150.000000	99.183907	170.8054
5220.000000	98.774261	170.7843
5300.000000	98.305649	170.9759
5380.000000	97.848770	171.4758
5450.000000	97.451477	172.1140
5520.000000	97.069412	173.0315
5600.000000	96.695541	174.2211
5700.000000	96.221474	175.7518
5800.000000	95.779961	177.6560
5900.000000	95.390984	179.8088
6000.000000	95.050056	-177.8728
6080.000000	94.817413	-176.0153
6150.000000	94.638435	-174.3136
6220.000000	94.474342	-172.5747
6300.000000	94.317123	-170.5756
6400.000000	94.162361	-168.0411
6500.000000	94.056473	-165.4007
6600.000000	94.013054	-162.7934
6700.000000	94.018333	-160.1678
6800.000000	94.098122	-157.6750
6900.000000	94.221809	-155.2989
7000.000000	94.419151	-153.0613
7100.000000	94.685074	-150.9260
7200.000000	95.031815	-149.0851
7300.000000	95.470932	-147.5948
7400.000000	96.009941	-146.6716
7500.000000	96.641724	-146.3806
7620.000000	97.521095	-147.4059
7750.000000	98.605309	-150.7799
7880.000000	99.696121	-157.5752
8000.000000	100.448715	-167.5518
8120.000000	100.602776	179.7925
8250.000000	99.908707	166.2568
8380.000000	98.601753	155.9808
8500.000000	97.196762	149.6183
8620.000000	95.769012	145.7548
8750.000000	94.284248	143.6691
8850.000000	93.204460	143.0818
9000.000000	91.707870	143.5872
9120.000000	90.630974	144.9408
9250.000000	89.570770	146.9844
9380.000000	88.606102	149.6356
9500.000000	87.802505	152.2567
9620.000000	87.079033	155.2072
9750.000000	86.331619	158.7527
9880.000000	85.675156	162.4712
10000.000000	85.136139	166.0126
10150.000000	84.540039	171.2003
10300.000000	84.013634	176.6793
10440.000000	83.644936	-177.4848
10600.000000	83.422997	-170.1543
10750.000000	83.594398	-162.7166
10900.000000	84.138351	-155.6828
11060.000000	85.190109	-150.4969
11200.000000	86.302979	-149.3889
11380.000000	87.483765	-152.0783
11500.000000	88.046761	-154.9872
11720.000000	88.659027	-160.8327
11800.000000	88.810829	-162.9722
12060.000000	89.249580	-169.1598
12200.000000	89.512863	-172.5701
12410.000000	89.920822	-178.4816
12500.000000	90.120316	178.6318
12650.000000	90.424927	173.2826
12800.000000	90.714966	167.0864
13150.000000	91.056015	150.0679
13200.000000	91.060089	147.3886
13400.000000	90.964844	136.6506
13600.000000	90.694725	126.0287
13800.000000	90.343399	115.7364
14000.000000	89.942322	105.7769
14300.000000	89.396255	91.9131
14500.000000	89.185661	83.0020
14750.000000	89.138412	71.5728
15000.000000	89.390419	59.2668
15250.000000	90.166473	44.8102
15500.000000	91.388519	25.9839
15750.000000	92.907379	-1.0847
16000.000000	93.559181	-40.3754
16250.000000	91.766350	-82.3195
16500.000000	88.704086	-114.7612
16750.000000	85.783783	-139.6780
17000.000000	83.300606	-161.3623
17250.000000	81.240486	176.3568
17500.000000	79.541496	154.6334
17750.000000	78.056648	129.3215
18000.000000	76.473511	102.6841
18250.000000	75.454155	75.5063
18500.000000	74.974190	42.2889
18750.000000	74.487946	1.1498
19000.000000	73.664642	-48.3763
19250.000000	72.343979	-102.4135
19500.000000	71.352745	-163.2668
19750.000000	70.549835	121.1565
