* Measurement data measured by REW V5.20
* Source: USB-C to 3.5mm Headphone Jack Adapter, USB-C to 3.5mm Headphone Jack Adapter, 0, volume: 0.138
* Format: 256k Log Swept Sine, 1 sweep at -12.0 dBFS with no timing reference
* Dated: Aug 8, 2024 5:14:58 PM
* REW Settings:
*  C-weighting compensation: Off
*  Target level: 75.0 dB
* Note: 
* Measurement: R
* Smoothing: None
* Frequency Step: 1/48 octave
* Start Frequency: 20.300 Hz
*
* Freq(Hz)	SPL(dB)	Phase(degrees)
20.299999	103.993919	-160.4809
20.600000	104.000153	-161.1688
20.900000	103.999649	-161.7993
21.200001	103.998299	-162.4441
21.400000	103.997719	-162.8864
21.799999	103.996689	-163.7899
22.000000	103.995743	-164.2408
22.400000	103.992477	-165.1143
22.700001	103.989197	-165.7254
23.000000	103.985916	-166.2963
23.299999	103.982849	-166.8362
23.600000	103.979401	-167.3605
24.000000	103.971832	-168.0581
24.299999	103.962601	-168.5841
24.700001	103.946083	-169.2791
25.000000	103.933281	-169.7857
25.400000	103.920624	-170.4386
25.799999	103.916603	-171.0818
26.200001	103.919533	-171.7379
26.500000	103.922462	-172.2431
26.900000	103.921684	-172.9194
27.200001	103.915314	-173.4118
27.600000	103.899559	-174.0266
28.000000	103.879005	-174.5894
28.500000	103.853043	-175.2468
29.000000	103.830399	-175.9023
29.500000	103.809921	-176.5793
30.000000	103.789253	-177.2643
30.400000	103.772041	-177.8011
30.700001	103.758774	-178.1911
31.100000	103.740761	-178.6930
31.500000	103.722389	-179.1779
32.000000	103.698662	-179.7716
32.500000	103.673492	179.6370
33.000000	103.646294	179.0457
33.500000	103.617523	178.4650
34.000000	103.588951	177.9059
34.500000	103.561859	177.3690
35.000000	103.535286	176.8484
35.500000	103.507004	176.3448
36.000000	103.476517	175.8640
36.500000	103.445694	175.4016
37.000000	103.416328	174.9368
37.500000	103.387695	174.4506
38.200001	103.344826	173.7480
38.700001	103.312157	173.2672
39.500000	103.262337	172.5768
40.000000	103.234100	172.1809
40.599998	103.200562	171.7142
41.200001	103.164307	171.2418
41.799999	103.124176	170.7631
42.500000	103.074631	170.2157
43.099998	103.033829	169.7682
43.700001	102.996063	169.3307
44.400002	102.951096	168.8182
45.000000	102.908592	168.3922
45.500000	102.872643	168.0568
46.200001	102.826050	167.5988
46.799999	102.787979	167.1982
47.500000	102.740456	166.7411
48.200001	102.689896	166.3157
48.700001	102.653183	166.0169
49.400002	102.600952	165.5894
50.000000	102.557602	165.2245
50.799999	102.505119	164.7418
51.500000	102.457397	164.3297
52.200001	102.404259	163.9780
53.000000	102.350418	163.6299
53.799999	102.306686	163.2046
54.500000	102.262840	162.7892
55.200001	102.212959	162.4543
56.000000	102.159485	162.1730
57.000000	102.088699	161.7766
58.000000	102.003464	161.3114
59.000000	101.939888	160.8293
60.000000	101.891785	160.3179
60.799999	101.839310	160.0439
61.500000	101.787697	159.8932
62.200001	101.733376	159.6842
63.000000	101.668327	159.3402
64.000000	101.603081	158.9163
65.000000	101.549530	158.5973
66.000000	101.477844	158.3650
67.000000	101.401978	158.0487
68.000000	101.340981	157.6444
69.000000	101.286118	157.3525
70.000000	101.220512	157.1698
71.000000	101.148132	156.9110
72.000000	101.082733	156.6072
73.000000	101.026535	156.3619
74.000000	100.960434	156.1451
75.000000	100.892128	155.9284
76.199997	100.821793	155.6247
77.500000	100.742477	155.3571
78.800003	100.662735	155.0986
80.000000	100.591507	154.9014
81.199997	100.518654	154.6837
82.500000	100.431679	154.4713
83.800003	100.362717	154.2448
85.000000	100.291168	154.0386
86.199997	100.223808	153.8889
87.500000	100.149780	153.6831
88.500000	100.090324	153.5588
90.000000	100.006989	153.3838
91.199997	99.941330	153.2349
92.500000	99.870316	153.0912
93.800003	99.797142	152.9662
95.000000	99.730324	152.8490
96.199997	99.669197	152.7300
97.500000	99.602097	152.6358
98.800003	99.529694	152.5085
100.000000	99.467636	152.4407
101.500000	99.394005	152.3529
103.000000	99.315170	152.2631
104.400002	99.251442	152.1332
106.000000	99.168884	152.0784
107.500000	99.092049	152.0205
109.000000	99.022652	151.9717
110.599998	98.946815	151.9069
112.000000	98.878868	151.8348
113.800003	98.793709	151.7908
115.000000	98.741020	151.7762
117.199997	98.647018	151.7280
118.000000	98.611702	151.7302
120.599998	98.489159	151.7384
122.000000	98.427734	151.6744
124.099998	98.344406	151.6973
125.000000	98.307571	151.7180
126.500000	98.240746	151.7522
128.000000	98.180618	151.7127
131.500000	98.046043	151.7698
132.000000	98.023773	151.7809
134.000000	97.940292	151.8195
136.000000	97.865639	151.8237
138.000000	97.787216	151.9407
140.000000	97.712296	151.9788
143.000000	97.601196	152.0959
145.000000	97.533913	152.1540
147.500000	97.443985	152.2682
150.000000	97.361687	152.3542
152.500000	97.276367	152.5061
155.000000	97.192505	152.6146
157.500000	97.113365	152.7202
160.000000	97.035690	152.8633
162.500000	96.960373	153.0096
165.000000	96.894630	153.2272
167.500000	96.801529	153.3133
170.000000	96.734528	153.4679
172.500000	96.661415	153.6487
175.000000	96.587921	153.8100
177.500000	96.516273	153.9646
180.000000	96.451279	154.1397
182.500000	96.387993	154.3417
185.000000	96.321465	154.4726
187.500000	96.260880	154.7015
190.000000	96.192184	154.8697
192.500000	96.136955	155.0633
195.000000	96.072586	155.2297
197.500000	96.014992	155.4633
200.000000	95.952766	155.6436
203.000000	95.886536	155.8823
206.000000	95.816727	156.1392
209.000000	95.752068	156.3682
212.000000	95.685867	156.6431
214.000000	95.644409	156.7988
218.000000	95.560402	157.1544
220.000000	95.521370	157.3099
224.000000	95.440697	157.6764
227.000000	95.382164	157.9313
230.000000	95.327591	158.2068
233.000000	95.272728	158.4709
236.000000	95.218506	158.7402
240.000000	95.143814	159.1391
243.000000	95.095619	159.3961
247.000000	95.030518	159.7727
250.000000	94.982658	160.0457
254.000000	94.918839	160.4028
258.000000	94.857315	160.7904
262.000000	94.797073	161.1595
265.000000	94.753654	161.4614
269.000000	94.697601	161.8610
272.000000	94.650970	162.1648
276.000000	94.600410	162.5941
280.000000	94.553177	163.0464
285.000000	94.508812	163.5618
290.000000	94.470024	164.0460
295.000000	94.432129	164.4560
300.000000	94.389343	164.7468
304.000000	94.355560	165.0907
307.000000	94.325676	165.2779
311.000000	94.281189	165.5471
315.000000	94.241402	165.8483
320.000000	94.191551	166.2140
325.000000	94.137260	166.6091
330.000000	94.085136	167.0026
335.000000	94.034897	167.4407
340.000000	93.989777	167.8388
345.000000	93.946281	168.2338
350.000000	93.901291	168.6612
355.000000	93.857307	169.0789
360.000000	93.817619	169.4844
365.000000	93.776749	169.9028
370.000000	93.737106	170.3168
375.000000	93.699356	170.7538
382.000000	93.648262	171.3003
387.000000	93.617653	171.7391
395.000000	93.563972	172.3661
400.000000	93.530647	172.7991
406.000000	93.493042	173.2873
412.000000	93.458466	173.7594
418.000000	93.423920	174.2823
425.000000	93.382805	174.8431
431.000000	93.352486	175.3113
437.000000	93.320808	175.7875
444.000000	93.284637	176.3532
450.000000	93.255127	176.8275
455.000000	93.231392	177.2466
462.000000	93.198517	177.7776
468.000000	93.174026	178.2652
475.000000	93.144394	178.8488
482.000000	93.115738	179.3801
487.000000	93.098282	179.7729
494.000000	93.071869	-179.6558
500.000000	93.050377	-179.1556
508.000000	93.023453	-178.5496
515.000000	93.003792	-177.9865
522.000000	92.984505	-177.4328
530.000000	92.962471	-176.7921
538.000000	92.939705	-176.1484
545.000000	92.925064	-175.6028
552.000000	92.910583	-175.0504
560.000000	92.891602	-174.4426
570.000000	92.874786	-173.6544
580.000000	92.858414	-172.8627
590.000000	92.843292	-172.0995
600.000000	92.825508	-171.3643
608.000000	92.820053	-170.7486
615.000000	92.813156	-170.2254
622.000000	92.804230	-169.6810
630.000000	92.800201	-169.0779
640.000000	92.795410	-168.2839
650.000000	92.787483	-167.5471
660.000000	92.788116	-166.7777
670.000000	92.780777	-166.0395
680.000000	92.779900	-165.2891
690.000000	92.779381	-164.4905
700.000000	92.780014	-163.7644
710.000000	92.781326	-162.9834
720.000000	92.784241	-162.1771
730.000000	92.787292	-161.4021
740.000000	92.798035	-160.6451
750.000000	92.808250	-159.8328
762.000000	92.819771	-158.8779
775.000000	92.836838	-157.8363
788.000000	92.860664	-156.7673
800.000000	92.883560	-155.7833
812.000000	92.915138	-154.7967
825.000000	92.947014	-153.7006
838.000000	92.990791	-152.6213
850.000000	93.031975	-151.6011
862.000000	93.083366	-150.5675
875.000000	93.139755	-149.4252
885.000000	93.194763	-148.5537
900.000000	93.283760	-147.2209
912.000000	93.359009	-146.2218
925.000000	93.455467	-145.1155
938.000000	93.562134	-144.0117
950.000000	93.672882	-143.0859
962.000000	93.796082	-142.1763
975.000000	93.931946	-141.2777
988.000000	94.074997	-140.4703
1000.000000	94.207130	-139.8119
1015.000000	94.375778	-139.0597
1030.000000	94.537109	-138.4143
1044.000000	94.685257	-137.8896
1060.000000	94.846939	-137.3587
1075.000000	94.996078	-136.9128
1090.000000	95.136475	-136.4922
1106.000000	95.282867	-136.0621
1120.000000	95.408226	-135.7190
1138.000000	95.562744	-135.3088
1150.000000	95.663986	-135.0445
1172.000000	95.850281	-134.6249
1180.000000	95.914024	-134.4917
1206.000000	96.118805	-134.1040
1220.000000	96.219269	-133.9300
1241.000000	96.342812	-133.7255
1250.000000	96.384033	-133.5515
1265.000000	96.459808	-133.0296
1280.000000	96.586891	-132.5074
1315.000000	96.889130	-131.9890
1320.000000	96.924492	-131.9340
1340.000000	97.071869	-131.7401
1360.000000	97.212006	-131.5295
1380.000000	97.348412	-131.3178
1400.000000	97.480927	-131.1219
1430.000000	97.678276	-130.8319
1450.000000	97.807198	-130.6410
1475.000000	97.966461	-130.4108
1500.000000	98.126915	-130.1811
1525.000000	98.288712	-129.9751
1550.000000	98.449455	-129.7774
1575.000000	98.613876	-129.6033
1600.000000	98.779175	-129.4491
1625.000000	98.943916	-129.3116
1650.000000	99.112350	-129.2093
1675.000000	99.278915	-129.1269
1700.000000	99.447815	-129.0754
1725.000000	99.619408	-129.0686
1750.000000	99.791901	-129.0874
1775.000000	99.964920	-129.1559
1800.000000	100.137917	-129.2714
1825.000000	100.311523	-129.4250
1850.000000	100.484268	-129.6360
1875.000000	100.657753	-129.8916
1900.000000	100.827538	-130.1980
1925.000000	100.996323	-130.5638
1950.000000	101.162720	-130.9704
1975.000000	101.326698	-131.4444
2000.000000	101.485260	-131.9663
2030.000000	101.668869	-132.6611
2060.000000	101.842896	-133.4275
2090.000000	102.008957	-134.2664
2120.000000	102.164360	-135.1663
2140.000000	102.261673	-135.7964
2180.000000	102.438347	-137.1404
2200.000000	102.517448	-137.8353
2240.000000	102.656799	-139.2807
2270.000000	102.741699	-140.3888
2300.000000	102.813194	-141.4926
2330.000000	102.863617	-142.5667
2360.000000	102.901489	-143.6118
2400.000000	102.937973	-144.9082
2430.000000	102.955704	-145.8205
2470.000000	102.985458	-146.9881
2500.000000	103.001312	-147.8952
2540.000000	103.009575	-149.1645
2580.000000	102.989227	-150.3999
2620.000000	102.944717	-151.5555
2650.000000	102.900597	-152.3386
2690.000000	102.831093	-153.2747
2720.000000	102.774223	-153.8889
2760.000000	102.694229	-154.6019
2800.000000	102.613327	-155.2051
2850.000000	102.513466	-155.8340
2900.000000	102.415871	-156.3127
2950.000000	102.320763	-156.6714
3000.000000	102.232834	-156.9303
3040.000000	102.167801	-157.0533
3070.000000	102.120872	-157.0919
3110.000000	102.063766	-157.0792
3150.000000	102.021332	-156.9550
3200.000000	101.993019	-156.7328
3250.000000	102.003510	-156.4865
3300.000000	102.047142	-156.4261
3350.000000	102.098022	-156.5525
3400.000000	102.145821	-156.8263
3450.000000	102.185417	-157.1901
3500.000000	102.219933	-157.6128
3550.000000	102.247780	-158.0573
3600.000000	102.271408	-158.5390
3650.000000	102.293274	-159.0648
3700.000000	102.311279	-159.5914
3750.000000	102.326233	-160.1345
3820.000000	102.350349	-160.9167
3870.000000	102.376091	-161.5502
3950.000000	102.419212	-162.7350
4000.000000	102.437790	-163.6522
4060.000000	102.439957	-164.8607
4120.000000	102.420502	-166.1466
4180.000000	102.379730	-167.4876
4250.000000	102.303490	-169.0631
4310.000000	102.215302	-170.4384
4370.000000	102.114746	-171.7785
4440.000000	101.976791	-173.3673
4500.000000	101.839401	-174.7349
4550.000000	101.704224	-175.9025
4620.000000	101.489975	-177.5088
4680.000000	101.277100	-178.8313
4750.000000	100.997421	179.7487
4820.000000	100.687950	178.4834
4870.000000	100.449860	177.6870
4940.000000	100.098854	176.7462
5000.000000	99.788033	176.1348
5080.000000	99.359818	175.5685
5150.000000	98.985573	175.3046
5220.000000	98.611153	175.2389
5300.000000	98.182915	175.3810
5380.000000	97.756256	175.7451
5450.000000	97.381996	176.2933
5520.000000	97.002274	177.0865
5600.000000	96.583237	178.7051
5700.000000	96.370667	-179.2940
5800.000000	95.998886	-178.6093
5900.000000	95.596352	-177.0116
6000.000000	95.245735	-175.0519
6080.000000	95.004570	-173.3901
6150.000000	94.818542	-171.8007
6220.000000	94.656464	-170.1660
6300.000000	94.495941	-168.2759
6400.000000	94.352768	-165.8855
6500.000000	94.262917	-163.4214
6600.000000	94.215187	-160.9935
6700.000000	94.232361	-158.5421
6800.000000	94.298676	-156.2087
6900.000000	94.426239	-154.0098
7000.000000	94.621185	-151.9180
7100.000000	94.887512	-149.9592
7200.000000	95.235214	-148.3643
7300.000000	95.670013	-147.0811
7400.000000	96.185768	-146.2832
7500.000000	96.803055	-146.1387
7620.000000	97.671684	-147.1297
7750.000000	98.766373	-150.5099
7880.000000	99.905365	-157.3134
8000.000000	100.732307	-167.5686
8120.000000	100.965820	179.0601
8250.000000	100.291870	164.4165
8380.000000	98.918182	152.8930
8500.000000	97.399796	145.6512
8620.000000	95.825615	141.1929
8750.000000	94.179611	138.8792
8850.000000	92.988297	138.3844
9000.000000	91.379257	139.2494
9120.000000	90.234444	140.8608
9250.000000	89.112579	143.2248
9380.000000	88.119232	146.0537
9500.000000	87.294945	148.9157
9620.000000	86.551422	152.1338
9750.000000	85.800247	155.7173
9880.000000	85.128342	159.5963
10000.000000	84.587181	163.4639
10150.000000	83.967484	168.6494
10300.000000	83.432236	174.3136
10440.000000	83.110641	-179.6046
10600.000000	82.964584	-171.6293
10750.000000	83.242912	-163.8895
10900.000000	83.962990	-157.1009
11060.000000	85.143440	-153.3898
11200.000000	86.265381	-153.4385
11380.000000	87.282043	-157.4718
11500.000000	87.596161	-160.2468
11720.000000	88.258461	-164.7777
11800.000000	88.448692	-166.7206
12060.000000	88.906586	-172.8001
12200.000000	89.205566	-176.0432
12410.000000	89.721359	178.1410
12500.000000	89.965874	175.2655
12650.000000	90.367340	169.6201
12800.000000	90.734344	162.9040
13150.000000	91.190498	143.3950
13200.000000	91.169174	140.3902
13400.000000	90.940918	127.8509
13600.000000	90.435463	115.8561
13800.000000	89.757164	105.0194
14000.000000	89.065102	95.2454
14300.000000	88.183624	82.5300
14500.000000	87.807457	74.5474
14750.000000	87.638359	64.1177
15000.000000	87.901840	53.3499
15250.000000	88.593323	39.0237
15500.000000	89.832787	20.6750
15750.000000	91.421661	-6.3787
16000.000000	92.111870	-46.2948
16250.000000	90.240952	-88.8245
16500.000000	87.151093	-120.7194
16750.000000	84.328064	-145.2786
17000.000000	81.980713	-167.4945
17250.000000	79.981384	170.3560
17500.000000	78.301331	147.6140
17750.000000	76.992043	123.3535
18000.000000	75.827278	96.7342
18250.000000	74.973824	66.8820
18500.000000	74.208496	32.2113
18750.000000	73.957985	-7.5834
19000.000000	73.886833	-55.3885
19250.000000	72.169800	-122.2850
19500.000000	70.401573	-173.6854
19750.000000	70.113091	110.9202
