* Measurement data measured by REW V5.20
* Source: USB-C to 3.5mm Headphone Jack Adapter, USB-C to 3.5mm Headphone Jack Adapter, 0, volume: 0.138
* Format: 256k Log Swept Sine, 1 sweep at -12.0 dBFS with no timing reference
* Dated: May 30, 2024 5:42:20 PM
* REW Settings:
*  C-weighting compensation: Off
*  Target level: 75.0 dB
* Note: 
* Measurement: R
* Smoothing: None
* Frequency Step: 1/48 octave
* Start Frequency: 20.300 Hz
*
* Freq(Hz)	SPL(dB)	Phase(degrees)
20.299999	102.718719	-148.0616
20.600000	102.745377	-148.8128
20.900000	102.769310	-149.5018
21.200001	102.793854	-150.2041
21.400000	102.810379	-150.6804
21.799999	102.842087	-151.6322
22.000000	102.856804	-152.0970
22.400000	102.884018	-152.9884
22.700001	102.903130	-153.6216
23.000000	102.921432	-154.2362
23.299999	102.938446	-154.8477
23.600000	102.953133	-155.4690
24.000000	102.967270	-156.3182
24.299999	102.973694	-156.9610
24.700001	102.978615	-157.8022
25.000000	102.982033	-158.4064
25.400000	102.989235	-159.1671
25.799999	103.000740	-159.8814
26.200001	103.015015	-160.5647
26.500000	103.025558	-161.0674
26.900000	103.036591	-161.7356
27.200001	103.041260	-162.2395
27.600000	103.042160	-162.9131
28.000000	103.038528	-163.5806
28.500000	103.033295	-164.3931
29.000000	103.034409	-165.1876
29.500000	103.042503	-165.9924
30.000000	103.048630	-166.8166
30.400000	103.045731	-167.4610
30.700001	103.038528	-167.9111
31.100000	103.025726	-168.4481
31.500000	103.015564	-168.9245
32.000000	103.012169	-169.5030
32.500000	103.014671	-170.1386
33.000000	103.011543	-170.8368
33.500000	102.997910	-171.5337
34.000000	102.979599	-172.1737
34.500000	102.964371	-172.7610
35.000000	102.953819	-173.3337
35.500000	102.944473	-173.9129
36.000000	102.933487	-174.4968
36.500000	102.919937	-175.0830
37.000000	102.903038	-175.6704
37.500000	102.882339	-176.2452
38.200001	102.852135	-176.9958
38.700001	102.834740	-177.5014
39.500000	102.812469	-178.3197
40.000000	102.796890	-178.8416
40.599998	102.775574	-179.4614
41.200001	102.752930	179.9252
41.799999	102.727753	179.3257
42.500000	102.695946	178.6831
43.099998	102.671379	178.1786
43.700001	102.649292	177.6740
44.400002	102.622086	177.0770
45.000000	102.601036	176.5870
45.500000	102.588341	176.1913
46.200001	102.571419	175.6461
46.799999	102.547333	175.2234
47.500000	102.505653	174.8120
48.200001	102.452774	174.4122
48.700001	102.408531	174.0905
49.400002	102.346115	173.5993
50.000000	102.305397	173.1492
50.799999	102.273445	172.4996
51.500000	102.251366	171.9497
52.200001	102.225372	171.4954
53.000000	102.190598	171.0556
53.799999	102.148872	170.5939
54.500000	102.106346	170.1510
55.200001	102.062927	169.7139
56.000000	102.020782	169.2437
57.000000	101.971359	168.6406
58.000000	101.912094	168.0867
59.000000	101.861443	167.5433
60.000000	101.802887	166.9726
60.799999	101.755623	166.6300
61.500000	101.722984	166.3405
62.200001	101.686775	166.0060
63.000000	101.636864	165.6351
64.000000	101.578041	165.2029
65.000000	101.521477	164.7624
66.000000	101.464943	164.3416
67.000000	101.410164	163.9260
68.000000	101.356773	163.5297
69.000000	101.302322	163.1569
70.000000	101.246162	162.8050
71.000000	101.191223	162.4527
72.000000	101.134933	162.0892
73.000000	101.075317	161.7351
74.000000	101.021324	161.4008
75.000000	100.971840	161.0728
76.199997	100.906120	160.7299
77.500000	100.831284	160.3405
78.800003	100.762192	159.9529
80.000000	100.701729	159.6414
81.199997	100.635567	159.3229
82.500000	100.562622	158.9799
83.800003	100.496651	158.6616
85.000000	100.429558	158.3847
86.199997	100.367111	158.1236
87.500000	100.298157	157.8304
88.500000	100.247269	157.6235
90.000000	100.170341	157.3221
91.199997	100.105736	157.1047
92.500000	100.039406	156.8530
93.800003	99.974625	156.6116
95.000000	99.913551	156.4231
96.199997	99.854782	156.2180
97.500000	99.789108	156.0097
98.800003	99.725349	155.8188
100.000000	99.665672	155.6484
101.500000	99.594597	155.4386
103.000000	99.522598	155.2537
104.400002	99.453995	155.0771
106.000000	99.378555	154.8770
107.500000	99.312508	154.7292
109.000000	99.241920	154.5809
110.599998	99.168579	154.3974
112.000000	99.106705	154.2887
113.800003	99.026138	154.1321
115.000000	98.970970	154.0313
117.199997	98.872871	153.8559
118.000000	98.834244	153.7983
120.599998	98.738739	153.5863
122.000000	98.669350	153.5820
124.099998	98.578789	153.4461
125.000000	98.542046	153.4082
126.500000	98.481300	153.3603
128.000000	98.420975	153.2729
131.500000	98.279686	153.1600
132.000000	98.261383	153.1428
134.000000	98.184219	153.0621
136.000000	98.107391	153.0195
138.000000	98.031815	152.9799
140.000000	97.959938	152.9440
143.000000	97.849174	152.9045
145.000000	97.775642	152.8991
147.500000	97.685966	152.8921
150.000000	97.598953	152.8918
152.500000	97.513649	152.8943
155.000000	97.429237	152.9387
157.500000	97.346176	152.9446
160.000000	97.265045	152.9991
162.500000	97.182945	153.0404
165.000000	97.106644	153.0912
167.500000	97.027885	153.1439
170.000000	96.952347	153.2202
172.500000	96.881821	153.2918
175.000000	96.803642	153.3840
177.500000	96.733849	153.4724
180.000000	96.659050	153.5545
182.500000	96.594589	153.6783
185.000000	96.524818	153.7845
187.500000	96.456314	153.8743
190.000000	96.388969	153.9878
192.500000	96.327690	154.1083
195.000000	96.262650	154.2281
197.500000	96.200836	154.3533
200.000000	96.138557	154.4875
203.000000	96.065598	154.6540
206.000000	95.994385	154.8076
209.000000	95.923615	154.9788
212.000000	95.855766	155.1476
214.000000	95.811440	155.2834
218.000000	95.723228	155.4927
220.000000	95.680893	155.6347
224.000000	95.596504	155.8887
227.000000	95.537468	156.0643
230.000000	95.477570	156.2551
233.000000	95.416840	156.4649
236.000000	95.359116	156.6658
240.000000	95.271263	156.8246
243.000000	95.227623	157.1156
247.000000	95.153427	157.3942
250.000000	95.094406	157.5931
254.000000	95.026573	157.8309
258.000000	94.957359	158.1406
262.000000	94.885849	158.4137
265.000000	94.839600	158.6324
269.000000	94.774750	158.9058
272.000000	94.727341	159.1437
276.000000	94.659424	159.4353
280.000000	94.599083	159.7592
285.000000	94.522957	160.1367
290.000000	94.451416	160.5093
295.000000	94.381447	160.9122
300.000000	94.318169	161.2815
304.000000	94.253471	161.5941
307.000000	94.207748	161.8457
311.000000	94.155563	162.1990
315.000000	94.105446	162.5210
320.000000	94.037811	162.9462
325.000000	93.976929	163.3952
330.000000	93.919579	163.9191
335.000000	93.864105	164.4329
340.000000	93.818695	164.9097
345.000000	93.788177	165.4175
350.000000	93.756493	165.9027
355.000000	93.734360	166.3135
360.000000	93.708733	166.6689
365.000000	93.688377	167.0335
370.000000	93.663971	167.3611
375.000000	93.631836	167.6284
382.000000	93.585251	168.0246
387.000000	93.543930	168.3134
395.000000	93.475487	168.8419
400.000000	93.440895	169.1942
406.000000	93.399414	169.6066
412.000000	93.361450	170.0199
418.000000	93.322823	170.3984
425.000000	93.275215	170.8721
431.000000	93.237663	171.2486
437.000000	93.193848	171.6620
444.000000	93.150444	172.1393
450.000000	93.114204	172.5653
455.000000	93.080238	172.9052
462.000000	93.042168	173.4052
468.000000	93.011665	173.8098
475.000000	92.970299	174.3090
482.000000	92.935562	174.8102
487.000000	92.911163	175.1722
494.000000	92.878014	175.6615
500.000000	92.848495	176.0919
508.000000	92.809341	176.6404
515.000000	92.778488	177.1484
522.000000	92.751633	177.6469
530.000000	92.717972	178.2137
538.000000	92.685913	178.7939
545.000000	92.661674	179.2621
552.000000	92.636749	179.7682
560.000000	92.611275	-179.6657
570.000000	92.578842	-178.9624
580.000000	92.547333	-178.2567
590.000000	92.518814	-177.5796
600.000000	92.493706	-176.8860
608.000000	92.469910	-176.2783
615.000000	92.453140	-175.7693
622.000000	92.437363	-175.2927
630.000000	92.420959	-174.6963
640.000000	92.398209	-174.0004
650.000000	92.381081	-173.3226
660.000000	92.370117	-172.5969
670.000000	92.350693	-171.8633
680.000000	92.337257	-171.1556
690.000000	92.324646	-170.4296
700.000000	92.315292	-169.7114
710.000000	92.305267	-168.9794
720.000000	92.300972	-168.2193
730.000000	92.293449	-167.5105
740.000000	92.288383	-166.7379
750.000000	92.286316	-166.0106
762.000000	92.287453	-165.0976
775.000000	92.292130	-164.0794
788.000000	92.302208	-163.0447
800.000000	92.321304	-162.1162
812.000000	92.345573	-161.2078
825.000000	92.370880	-160.2218
838.000000	92.402344	-159.2804
850.000000	92.431198	-158.4105
862.000000	92.461205	-157.5100
875.000000	92.496391	-156.5300
885.000000	92.525093	-155.7980
900.000000	92.566261	-154.6636
912.000000	92.616295	-153.7129
925.000000	92.666710	-152.7267
938.000000	92.726608	-151.6949
950.000000	92.783279	-150.7716
962.000000	92.844345	-149.8290
975.000000	92.921089	-148.7882
988.000000	93.008301	-147.7560
1000.000000	93.094528	-146.7697
1015.000000	93.220551	-145.6000
1030.000000	93.362358	-144.4582
1044.000000	93.518250	-143.4485
1060.000000	93.705894	-142.4054
1075.000000	93.900604	-141.6085
1090.000000	94.103027	-140.9678
1106.000000	94.313278	-140.5260
1120.000000	94.486946	-140.2847
1138.000000	94.690598	-140.1238
1150.000000	94.812424	-140.0773
1172.000000	95.006180	-140.0658
1180.000000	95.064964	-140.0332
1206.000000	95.243317	-140.0308
1220.000000	95.328896	-139.9850
1241.000000	95.431297	-139.8539
1250.000000	95.473701	-139.7863
1265.000000	95.528084	-139.5938
1280.000000	95.577843	-139.2542
1315.000000	95.803528	-137.9162
1320.000000	95.848312	-137.8079
1340.000000	96.004631	-137.2751
1360.000000	96.232124	-136.8752
1380.000000	96.439362	-137.1526
1400.000000	96.569893	-137.5414
1430.000000	96.711502	-137.7994
1450.000000	96.799667	-137.8316
1475.000000	96.907150	-137.8071
1500.000000	97.017471	-137.7331
1525.000000	97.123169	-137.6145
1550.000000	97.236710	-137.5020
1575.000000	97.346725	-137.3631
1600.000000	97.461380	-137.2380
1625.000000	97.574493	-137.1028
1650.000000	97.690804	-136.9943
1675.000000	97.807053	-136.8732
1700.000000	97.923340	-136.7793
1725.000000	98.042931	-136.6880
1750.000000	98.161003	-136.6283
1775.000000	98.282951	-136.5714
1800.000000	98.402603	-136.5342
1825.000000	98.525955	-136.5286
1850.000000	98.645493	-136.5428
1875.000000	98.767700	-136.5833
1900.000000	98.887405	-136.6426
1925.000000	99.008743	-136.7291
1950.000000	99.126938	-136.8337
1975.000000	99.246384	-136.9808
2000.000000	99.364250	-137.1360
2030.000000	99.504089	-137.3871
2060.000000	99.640167	-137.6526
2090.000000	99.772049	-137.9674
2120.000000	99.902328	-138.3063
2140.000000	99.987900	-138.5574
2180.000000	100.147224	-139.1013
2200.000000	100.227158	-139.3945
2240.000000	100.375374	-140.0106
2270.000000	100.480568	-140.5247
2300.000000	100.580841	-141.0236
2330.000000	100.675476	-141.5788
2360.000000	100.763901	-142.1187
2400.000000	100.873856	-142.8878
2430.000000	100.946060	-143.4661
2470.000000	101.038811	-144.2409
2500.000000	101.098953	-144.8470
2540.000000	101.174210	-145.6199
2580.000000	101.235382	-146.3894
2620.000000	101.292183	-147.1364
2650.000000	101.329269	-147.6859
2690.000000	101.373650	-148.4184
2720.000000	101.400703	-148.9573
2760.000000	101.434677	-149.6391
2800.000000	101.464119	-150.3003
2850.000000	101.498917	-151.1060
2900.000000	101.525482	-151.8588
2950.000000	101.551834	-152.6149
3000.000000	101.575333	-153.3332
3040.000000	101.594223	-153.9189
3070.000000	101.607101	-154.3481
3110.000000	101.624283	-154.9143
3150.000000	101.641106	-155.4959
3200.000000	101.659256	-156.2321
3250.000000	101.679161	-156.9828
3300.000000	101.695763	-157.7646
3350.000000	101.709457	-158.5711
3400.000000	101.718407	-159.4108
3450.000000	101.721832	-160.2755
3500.000000	101.720840	-161.1909
3550.000000	101.710068	-162.1213
3600.000000	101.692406	-163.0942
3650.000000	101.664261	-164.0846
3700.000000	101.625488	-165.0900
3750.000000	101.579376	-166.1109
3820.000000	101.493805	-167.5432
3870.000000	101.419983	-168.5605
3950.000000	101.277039	-170.1643
4000.000000	101.173126	-171.1697
4060.000000	101.036728	-172.3172
4120.000000	100.885544	-173.4117
4180.000000	100.718613	-174.4573
4250.000000	100.509216	-175.6077
4310.000000	100.316811	-176.5246
4370.000000	100.114349	-177.3555
4440.000000	99.864418	-178.2305
4500.000000	99.639923	-178.9270
4550.000000	99.447235	-179.4152
4620.000000	99.170181	179.9744
4680.000000	98.925873	179.5663
4750.000000	98.631531	179.2011
4820.000000	98.337265	178.9531
4870.000000	98.121094	178.8593
4940.000000	97.820435	178.8384
5000.000000	97.557991	178.9211
5080.000000	97.217400	179.1874
5150.000000	96.920288	179.5707
5220.000000	96.626450	-179.9539
5300.000000	96.301926	-179.2576
5380.000000	95.984352	-178.3841
5450.000000	95.716484	-177.4809
5520.000000	95.469421	-176.4232
5600.000000	95.226021	-175.2124
5700.000000	94.917908	-173.6889
5800.000000	94.628326	-171.9891
5900.000000	94.372009	-170.0961
6000.000000	94.157623	-168.1004
6080.000000	94.009422	-166.4089
6150.000000	93.901596	-164.9583
6220.000000	93.807968	-163.4170
6300.000000	93.729530	-161.6742
6400.000000	93.675423	-159.4576
6500.000000	93.667587	-157.3166
6600.000000	93.702881	-155.0884
6700.000000	93.795555	-152.9514
6800.000000	93.948929	-150.9109
6900.000000	94.154221	-149.0257
7000.000000	94.429962	-147.3363
7100.000000	94.781647	-145.8961
7200.000000	95.217964	-144.8009
7300.000000	95.731064	-144.1981
7400.000000	96.338371	-144.2410
7500.000000	97.029991	-145.1991
7620.000000	97.977554	-147.9764
7750.000000	99.068764	-153.8280
7880.000000	100.018997	-163.7104
8000.000000	100.407440	-176.4186
8120.000000	100.012024	169.6175
8250.000000	98.761665	156.7632
8380.000000	97.096466	147.9854
8500.000000	95.468269	143.1358
8620.000000	93.909973	140.3132
8750.000000	92.287727	139.3495
8850.000000	91.105949	139.7457
9000.000000	89.455048	141.7013
9120.000000	88.269562	144.3065
9250.000000	87.082169	147.9969
9380.000000	86.012283	152.6233
9500.000000	85.116158	157.7784
9620.000000	84.346924	163.9871
9750.000000	83.730896	171.9045
9880.000000	83.475555	-178.9507
10000.000000	83.708847	-170.4119
10150.000000	84.657799	-162.0125
10300.000000	86.009575	-158.7530
10440.000000	87.132912	-160.6323
10600.000000	87.827110	-165.9286
10750.000000	87.939133	-170.9354
10900.000000	87.774429	-174.7211
11060.000000	87.518135	-177.3069
11200.000000	87.290154	-178.9268
11380.000000	86.979614	179.2845
11500.000000	86.675781	179.7344
11720.000000	86.927765	-179.9321
11800.000000	87.023270	179.3627
12060.000000	87.308014	176.3435
12200.000000	87.514946	174.1447
12410.000000	87.837860	170.0465
12500.000000	88.012817	167.7469
12650.000000	88.229691	163.4048
12800.000000	88.445648	158.4644
13150.000000	88.731529	144.2989
13200.000000	88.730011	141.9715
13400.000000	88.662781	132.7457
13600.000000	88.426979	123.3453
13800.000000	88.099556	114.4019
14000.000000	87.799835	105.5983
14300.000000	87.444519	92.8606
14500.000000	87.356346	84.5398
14750.000000	87.523499	73.0630
15000.000000	87.953629	59.4970
15250.000000	89.005737	43.8080
15500.000000	90.362610	21.7060
15750.000000	91.582550	-10.4062
16000.000000	91.217781	-51.5477
16250.000000	88.847366	-89.2762
16500.000000	85.878250	-118.3649
16750.000000	83.237167	-142.0283
17000.000000	80.924026	-163.5358
17250.000000	79.019852	176.6888
17500.000000	77.576729	154.0822
17750.000000	76.397507	129.9624
18000.000000	75.477478	103.3054
18250.000000	74.827698	73.5826
18500.000000	74.497963	38.0838
18750.000000	74.265152	-4.4488
19000.000000	73.211357	-63.8511
19250.000000	70.661835	-104.2790
19500.000000	70.800079	-164.1921
19750.000000	70.083328	118.2815
