* Measurement data measured by REW V5.20
* Source: USB-C to 3.5mm Headphone Jack Adapter, USB-C to 3.5mm Headphone Jack Adapter, 0, volume: 0.138
* Format: 256k Log Swept Sine, 1 sweep at -12.0 dBFS with no timing reference
* Dated: Aug 29, 2024 6:36:11 PM
* REW Settings:
*  C-weighting compensation: Off
*  Target level: 75.0 dB
* Note: 
* Measurement: R
* Smoothing: None
* Frequency Step: 1/48 octave
* Start Frequency: 20.300 Hz
*
* Freq(Hz)	SPL(dB)	Phase(degrees)
20.299999	102.792938	14.7537
20.600000	102.795929	14.2027
20.900000	102.791321	13.7320
21.200001	102.786034	13.2790
21.400000	102.783577	12.9772
21.799999	102.781113	12.3591
22.000000	102.780396	12.0408
22.400000	102.777977	11.3951
22.700001	102.774132	10.9185
23.000000	102.768791	10.4606
23.299999	102.762848	10.0260
23.600000	102.757286	9.6116
24.000000	102.750938	9.0752
24.299999	102.746124	8.6742
24.700001	102.737564	8.1367
25.000000	102.728638	7.7378
25.400000	102.713821	7.2255
25.799999	102.698425	6.7454
26.200001	102.685768	6.2905
26.500000	102.678978	5.9537
26.900000	102.672447	5.4940
27.200001	102.667801	5.1365
27.600000	102.659424	4.6506
28.000000	102.647591	4.1723
28.500000	102.629768	3.6127
29.000000	102.613098	3.0995
29.500000	102.599289	2.6094
30.000000	102.585655	2.1206
30.400000	102.572800	1.7325
30.700001	102.562019	1.4485
31.100000	102.547318	1.0821
31.500000	102.533821	0.7241
32.000000	102.518875	0.2723
32.500000	102.503479	-0.1910
33.000000	102.484955	-0.6476
33.500000	102.464081	-1.0746
34.000000	102.444008	-1.4713
34.500000	102.426071	-1.8594
35.000000	102.408302	-2.2587
35.500000	102.388130	-2.6691
36.000000	102.365105	-3.0760
36.500000	102.341026	-3.4681
37.000000	102.317932	-3.8443
37.500000	102.296631	-4.2086
38.200001	102.268951	-4.7009
38.700001	102.249916	-5.0381
39.500000	102.220078	-5.5602
40.000000	102.201065	-5.8885
40.599998	102.176086	-6.2906
41.200001	102.148598	-6.6878
41.799999	102.121292	-7.0662
42.500000	102.092308	-7.4939
43.099998	102.067398	-7.8631
43.700001	102.038971	-8.2282
44.400002	102.002663	-8.6314
45.000000	101.972816	-8.9610
45.500000	101.950356	-9.2348
46.200001	101.921204	-9.6256
46.799999	101.894775	-9.9639
47.500000	101.858543	-10.3432
48.200001	101.818832	-10.6924
48.700001	101.792358	-10.9346
49.400002	101.761017	-11.2971
50.000000	101.736618	-11.6355
50.799999	101.699989	-12.0652
51.500000	101.664696	-12.3571
52.200001	101.632774	-12.6035
53.000000	101.597427	-12.9429
53.799999	101.555923	-13.3333
54.500000	101.521500	-13.6530
55.200001	101.490318	-13.9589
56.000000	101.448494	-14.2805
57.000000	101.392700	-14.6733
58.000000	101.333633	-15.1392
59.000000	101.297356	-15.4710
60.000000	101.282578	-15.9223
60.799999	101.225739	-16.2895
61.500000	101.167480	-16.4340
62.200001	101.131729	-16.5987
63.000000	101.095421	-16.9441
64.000000	101.037781	-17.3167
65.000000	100.988190	-17.6185
66.000000	100.933212	-17.9522
67.000000	100.881638	-18.2616
68.000000	100.832710	-18.5827
69.000000	100.778442	-18.8854
70.000000	100.723579	-19.1735
71.000000	100.668213	-19.4572
72.000000	100.615685	-19.7325
73.000000	100.563416	-20.0234
74.000000	100.510094	-20.2613
75.000000	100.458504	-20.5045
76.199997	100.387772	-20.8042
77.500000	100.323524	-21.1298
78.800003	100.252037	-21.3940
80.000000	100.185989	-21.6502
81.199997	100.113953	-21.9146
82.500000	100.047691	-22.1853
83.800003	99.973892	-22.4462
85.000000	99.907532	-22.6578
86.199997	99.841721	-22.8664
87.500000	99.769402	-23.0972
88.500000	99.715294	-23.2614
90.000000	99.633865	-23.4808
91.199997	99.567429	-23.6499
92.500000	99.493301	-23.8475
93.800003	99.422066	-24.0148
95.000000	99.355438	-24.1514
96.199997	99.290207	-24.2978
97.500000	99.217697	-24.4542
98.800003	99.146210	-24.5661
100.000000	99.079964	-24.6730
101.500000	98.996078	-24.8113
103.000000	98.918091	-24.9231
104.400002	98.840256	-25.0308
106.000000	98.751343	-25.1200
107.500000	98.671051	-25.1894
109.000000	98.589455	-25.2586
110.599998	98.504311	-25.3368
112.000000	98.428551	-25.3426
113.800003	98.334778	-25.4299
115.000000	98.266846	-25.4108
117.199997	98.153419	-25.4180
118.000000	98.116959	-25.3579
120.599998	97.944305	-25.3720
122.000000	97.911026	-25.4060
124.099998	97.798409	-25.3030
125.000000	97.752975	-25.2845
126.500000	97.682854	-25.2209
128.000000	97.604813	-25.1571
131.500000	97.435371	-24.9515
132.000000	97.412697	-24.9169
134.000000	97.315987	-24.7751
136.000000	97.223808	-24.6462
138.000000	97.134033	-24.4605
140.000000	97.043930	-24.2553
143.000000	96.914513	-23.9416
145.000000	96.828308	-23.7370
147.500000	96.723709	-23.4521
150.000000	96.619896	-23.1442
152.500000	96.522560	-22.8198
155.000000	96.424873	-22.4689
157.500000	96.336479	-22.1336
160.000000	96.246284	-21.7540
162.500000	96.157211	-21.3713
165.000000	96.083160	-20.9503
167.500000	95.992088	-20.5647
170.000000	95.917183	-20.1715
172.500000	95.846710	-19.7403
175.000000	95.770721	-19.3034
177.500000	95.705711	-18.8435
180.000000	95.609734	-18.5022
182.500000	95.582573	-17.9909
185.000000	95.521034	-17.5370
187.500000	95.458847	-17.0487
190.000000	95.412697	-16.6154
192.500000	95.357735	-16.1354
195.000000	95.313629	-15.6905
197.500000	95.266830	-15.2214
200.000000	95.226990	-14.7257
203.000000	95.176605	-14.1829
206.000000	95.129875	-13.6102
209.000000	95.090454	-12.9950
212.000000	95.061394	-12.4346
214.000000	95.032745	-12.0366
218.000000	95.012016	-11.3503
220.000000	95.004265	-10.9399
224.000000	94.981918	-10.4143
227.000000	94.964508	-9.9624
230.000000	94.948898	-9.5453
233.000000	94.928719	-9.1122
236.000000	94.909607	-8.6860
240.000000	94.871353	-7.8474
243.000000	94.877548	-7.7145
247.000000	94.858162	-7.1662
250.000000	94.850517	-6.7706
254.000000	94.838264	-6.2354
258.000000	94.830368	-5.7377
262.000000	94.819748	-5.2489
265.000000	94.817383	-4.9088
269.000000	94.809090	-4.4443
272.000000	94.812637	-4.1078
276.000000	94.806458	-3.6711
280.000000	94.805939	-3.2350
285.000000	94.803001	-2.7729
290.000000	94.805511	-2.2691
295.000000	94.803535	-1.8494
300.000000	94.765030	-1.3764
304.000000	94.809311	-1.0586
307.000000	94.812485	-0.8252
311.000000	94.811813	-0.5066
315.000000	94.810959	-0.2120
320.000000	94.814789	0.1882
325.000000	94.815376	0.4947
330.000000	94.817505	0.9100
335.000000	94.822380	1.1703
340.000000	94.821968	1.4732
345.000000	94.822319	1.7718
350.000000	94.819511	2.0342
355.000000	94.818611	2.3521
360.000000	94.801003	2.6953
365.000000	94.799995	2.8577
370.000000	94.803406	3.1400
375.000000	94.794960	3.3905
382.000000	94.784737	3.7111
387.000000	94.777992	3.9861
395.000000	94.761055	4.3625
400.000000	94.749191	4.6206
406.000000	94.738022	4.8677
412.000000	94.729057	5.1782
418.000000	94.712822	5.3651
425.000000	94.689720	5.7715
431.000000	94.685066	5.9778
437.000000	94.664085	6.2858
444.000000	94.630219	6.5459
450.000000	94.633469	6.8075
455.000000	94.597832	7.0157
462.000000	94.582840	7.3236
468.000000	94.554016	7.5548
475.000000	94.528214	7.7392
482.000000	94.494553	8.2616
487.000000	94.469223	8.4079
494.000000	94.452065	8.7924
500.000000	94.448685	9.0539
508.000000	94.410568	9.2828
515.000000	94.358040	9.4694
522.000000	94.314713	9.8883
530.000000	94.271156	10.1998
538.000000	94.208023	10.7503
545.000000	94.206085	10.8431
552.000000	94.149864	11.2003
560.000000	94.097778	11.5895
570.000000	93.997147	12.0530
580.000000	93.895615	12.7133
590.000000	93.776627	13.6365
600.000000	93.737015	14.7195
608.000000	93.683891	15.8699
615.000000	93.690193	16.6910
622.000000	93.708466	17.3349
630.000000	93.736458	17.9523
640.000000	93.758385	18.6018
650.000000	93.770790	19.1164
660.000000	93.809601	19.4435
670.000000	93.730904	20.0880
680.000000	93.705879	20.6003
690.000000	93.682106	21.1117
700.000000	93.642662	21.6462
710.000000	93.604706	22.2223
720.000000	93.540886	23.0209
730.000000	93.525574	23.4444
740.000000	93.488457	24.1075
750.000000	93.445251	24.7446
762.000000	93.397255	25.5610
775.000000	93.350647	26.4903
788.000000	93.303894	27.4428
800.000000	93.268845	28.3677
812.000000	93.234695	29.2891
825.000000	93.212631	30.2700
838.000000	93.155563	31.2551
850.000000	93.132256	32.2658
862.000000	93.121284	33.2930
875.000000	93.112953	34.3721
885.000000	93.108284	35.1803
900.000000	93.057922	36.3170
912.000000	93.109261	37.2526
925.000000	93.116882	38.1865
938.000000	93.114883	39.0841
950.000000	93.111191	39.9339
962.000000	93.101860	40.6972
975.000000	93.081139	41.7129
988.000000	93.058426	42.7753
1000.000000	93.052536	43.8153
1015.000000	93.065147	45.1207
1030.000000	93.088455	46.4496
1044.000000	93.121063	47.6533
1060.000000	93.168335	48.9358
1075.000000	93.222244	50.1041
1090.000000	93.273102	51.1625
1106.000000	93.335739	52.3151
1120.000000	93.393890	53.2328
1138.000000	93.454742	54.3444
1150.000000	93.520454	55.0428
1172.000000	93.615433	56.2311
1180.000000	93.647095	56.5891
1206.000000	93.691513	57.9164
1220.000000	93.745415	58.7019
1241.000000	93.803276	59.7681
1250.000000	93.828163	60.1714
1265.000000	93.863739	60.8571
1280.000000	93.906113	61.5402
1315.000000	93.975281	63.1428
1320.000000	93.992111	63.5095
1340.000000	94.010269	64.2844
1360.000000	94.039581	65.1662
1380.000000	94.086838	65.8978
1400.000000	94.078285	67.0368
1430.000000	94.105522	68.4770
1450.000000	94.119659	69.4321
1475.000000	94.138466	70.7050
1500.000000	94.117058	71.9486
1525.000000	94.165939	73.2884
1550.000000	94.181328	74.6334
1575.000000	94.200668	75.9918
1600.000000	94.220688	77.3931
1625.000000	94.248047	78.8139
1650.000000	94.271606	80.2436
1675.000000	94.297882	81.7340
1700.000000	94.328171	83.2643
1725.000000	94.375664	84.8208
1750.000000	94.427795	86.4026
1775.000000	94.482224	87.9991
1800.000000	94.578941	89.6986
1825.000000	94.689766	91.2312
1850.000000	94.800659	92.5624
1875.000000	94.898735	93.7970
1900.000000	94.992096	95.0870
1925.000000	95.083771	96.3662
1950.000000	95.177162	97.6328
1975.000000	95.272858	98.8969
2000.000000	95.373932	100.1794
2030.000000	95.506088	101.6746
2060.000000	95.639572	103.1008
2090.000000	95.782997	104.5275
2120.000000	95.936920	105.8901
2140.000000	96.038681	106.7403
2180.000000	96.255188	108.4099
2200.000000	96.362534	109.1506
2240.000000	96.581573	110.5721
2270.000000	96.742889	111.5094
2300.000000	96.890358	112.3249
2330.000000	96.992149	113.1273
2360.000000	97.064064	114.6906
2400.000000	97.437622	116.4558
2430.000000	97.674896	116.8492
2470.000000	97.916817	117.2367
2500.000000	98.068130	117.5157
2540.000000	98.239113	117.9077
2580.000000	98.395088	118.5254
2620.000000	98.634499	119.0570
2650.000000	98.761292	119.1384
2690.000000	98.986847	119.4862
2720.000000	99.148308	119.0058
2760.000000	99.248764	118.3979
2800.000000	99.317177	117.8604
2850.000000	99.342911	117.4025
2900.000000	99.327881	117.0761
2950.000000	99.281143	117.0153
3000.000000	99.210709	117.1147
3040.000000	99.169785	117.3875
3070.000000	99.133453	117.6051
3110.000000	99.074104	117.9139
3150.000000	99.027359	118.3862
3200.000000	98.978096	118.9713
3250.000000	98.933281	119.4949
3300.000000	98.886078	119.9303
3350.000000	98.826973	120.3443
3400.000000	98.749054	120.6976
3450.000000	98.645790	121.0566
3500.000000	98.514107	121.4704
3550.000000	98.357811	121.9773
3600.000000	98.169495	122.7107
3650.000000	97.969337	123.6511
3700.000000	97.762154	124.9010
3750.000000	97.573128	126.5549
3820.000000	97.391708	129.2105
3870.000000	97.323875	131.1787
3950.000000	97.296021	134.0266
4000.000000	97.315720	135.5007
4060.000000	97.346519	136.9341
4120.000000	97.354729	137.9960
4180.000000	97.314560	138.7881
4250.000000	97.187538	139.6688
4310.000000	97.009109	140.5772
4370.000000	96.785698	141.9773
4440.000000	96.523003	144.3308
4500.000000	96.349197	146.8494
4550.000000	96.268440	149.1933
4620.000000	96.242630	152.5838
4680.000000	96.304115	155.2375
4750.000000	96.436661	158.0412
4820.000000	96.623268	160.3448
4870.000000	96.774521	161.6156
4940.000000	96.972366	162.9280
5000.000000	97.106796	163.7316
5080.000000	97.275452	164.5792
5150.000000	97.392273	164.8280
5220.000000	97.454109	164.8233
5300.000000	97.446823	164.6943
5380.000000	97.368958	164.5430
5450.000000	97.248894	164.5441
5520.000000	97.085258	164.7016
5600.000000	96.874535	165.2100
5700.000000	96.592621	166.1070
5800.000000	96.297318	167.4138
5900.000000	96.022049	169.0434
6000.000000	95.775490	170.8112
6080.000000	95.588898	172.1605
6150.000000	95.426086	173.3099
6220.000000	95.232315	174.3756
6300.000000	94.976303	175.7580
6400.000000	94.611916	178.0046
6500.000000	94.249786	-178.8406
6600.000000	93.979225	-174.9098
6700.000000	93.848434	-170.6293
6800.000000	93.845940	-166.2834
6900.000000	93.968819	-162.1544
7000.000000	94.177917	-158.4133
7100.000000	94.483826	-154.8680
7200.000000	94.889061	-151.9265
7300.000000	95.376274	-149.6756
7400.000000	95.900215	-148.2798
7500.000000	96.405090	-147.4549
7620.000000	97.183395	-147.6992
7750.000000	97.870102	-150.3849
7880.000000	98.308281	-154.7176
8000.000000	98.386536	-159.3734
8120.000000	98.147919	-163.6935
8250.000000	97.581032	-166.9886
8380.000000	96.754433	-167.9282
8500.000000	96.063263	-164.5923
8620.000000	95.966911	-161.0872
8750.000000	95.963242	-157.8984
8850.000000	96.062454	-155.9979
9000.000000	96.306992	-153.3516
9120.000000	96.632805	-152.0198
9250.000000	97.001038	-151.8672
9380.000000	97.272331	-152.6903
9500.000000	97.416794	-153.8090
9620.000000	97.472603	-154.9501
9750.000000	97.501091	-156.2721
9880.000000	97.439781	-157.3740
10000.000000	97.350220	-158.4780
10150.000000	97.165855	-159.9015
10300.000000	96.887634	-161.2241
10440.000000	96.546928	-162.1545
10600.000000	96.067673	-162.5361
10750.000000	95.591736	-162.0709
10900.000000	95.150032	-160.7327
11060.000000	94.777733	-158.7081
11200.000000	94.558289	-156.7389
11380.000000	94.394798	-154.2256
11500.000000	94.377304	-152.6389
11720.000000	94.576385	-150.2806
11800.000000	94.718086	-149.7347
12060.000000	95.399368	-150.3613
12200.000000	95.862206	-152.7969
12410.000000	96.443954	-159.8955
12500.000000	96.567604	-164.2266
12650.000000	96.465340	-172.6332
12800.000000	95.914246	178.7227
13150.000000	93.419128	164.4725
13200.000000	93.011017	163.3097
13400.000000	91.437027	160.5669
13600.000000	90.021805	159.7524
13800.000000	88.808929	160.1588
14000.000000	87.821060	161.3521
14300.000000	86.692757	163.2185
14500.000000	86.107437	163.9172
14750.000000	85.524689	164.5187
15000.000000	85.054932	163.4654
15250.000000	85.007378	163.1599
15500.000000	85.028259	160.8032
15750.000000	85.217644	156.4648
16000.000000	85.593597	150.0376
16250.000000	86.146240	141.1056
16500.000000	86.827789	128.8668
16750.000000	87.631783	113.2132
17000.000000	88.475319	93.1088
17250.000000	89.282684	68.3947
17500.000000	89.996933	39.2814
17750.000000	90.603119	5.7657
18000.000000	91.218307	-32.4045
18250.000000	91.869278	-76.6426
18500.000000	92.421021	-129.2679
18750.000000	92.281715	167.8052
19000.000000	90.657738	97.8087
19250.000000	87.798264	26.4332
19500.000000	84.514061	-48.5719
19750.000000	80.564148	-127.7295
