* Measurement data measured by REW V5.31.3
* Source: USB-C to 3.5mm Headphone Jack Adapter, , 0, volume: 0.138
* Format: 256k Log Swept Sine, 1 sweep at -12.0 dBFS with no timing reference
* Dated: Nov 11, 2025 8:09:16 PM
* REW Settings:
*  C-weighting compensation: Off
*  Target level: 75.0 dB
* Note: ; 
* Measurement: R
* Smoothing: None
* Frequency Step: 1/48 octave
* Start Frequency: 20.000 Hz
*
* Freq(Hz)	SPL(dB)	Phase(degrees)
20.000000	105.559	12.0978
20.299999	105.558	11.5222
20.600000	105.557	10.9567
20.900000	105.554	10.4003
21.200001	105.551	9.8532
21.400000	105.548	9.4941
21.799999	105.541	8.7897
22.000000	105.537	8.4443
22.400000	105.529	7.7662
22.700001	105.521	7.2685
23.000000	105.513	6.7808
23.299999	105.504	6.3042
23.600000	105.495	5.8395
24.000000	105.483	5.2370
24.299999	105.475	4.7936
24.700001	105.464	4.2059
25.000000	105.455	3.7643
25.400000	105.442	3.1766
25.799999	105.426	2.6003
26.200001	105.408	2.0470
26.500000	105.394	1.6489
26.900000	105.377	1.1332
27.200001	105.366	0.7504
27.600000	105.350	0.2378
28.000000	105.333	-0.2752
28.500000	105.309	-0.9000
29.000000	105.284	-1.4922
29.500000	105.260	-2.0616
30.000000	105.238	-2.6307
30.400000	105.220	-3.0898
30.700001	105.204	-3.4314
31.100000	105.183	-3.8755
31.500000	105.160	-4.3029
32.000000	105.133	-4.8208
32.500000	105.107	-5.3334
33.000000	105.079	-5.8444
33.500000	105.050	-6.3464
34.000000	105.021	-6.8335
34.500000	104.991	-7.3089
35.000000	104.961	-7.7787
35.500000	104.930	-8.2421
36.000000	104.898	-8.6916
36.500000	104.866	-9.1222
37.000000	104.835	-9.5398
37.500000	104.806	-9.9575
38.200001	104.765	-10.5536
38.700001	104.732	-10.9761
39.500000	104.678	-11.6178
40.000000	104.644	-12.0022
40.599998	104.605	-12.4584
41.200001	104.564	-12.9056
41.799999	104.523	-13.3377
42.500000	104.476	-13.8328
43.099998	104.435	-14.2564
43.700001	104.392	-14.6701
44.400002	104.343	-15.1344
45.000000	104.302	-15.5281
45.500000	104.266	-15.8564
46.200001	104.215	-16.3042
46.799999	104.170	-16.6686
47.500000	104.120	-17.0813
48.200001	104.069	-17.4917
48.700001	104.033	-17.7809
49.400002	103.981	-18.1749
50.000000	103.936	-18.5023
50.799999	103.877	-18.9258
51.500000	103.825	-19.2876
52.200001	103.772	-19.6434
53.000000	103.712	-20.0373
53.799999	103.652	-20.4252
54.500000	103.599	-20.7649
55.200001	103.543	-21.0889
56.000000	103.482	-21.4369
57.000000	103.406	-21.8707
58.000000	103.330	-22.2970
59.000000	103.253	-22.7103
60.000000	103.175	-23.0877
60.799999	103.115	-23.3801
61.500000	103.063	-23.6486
62.200001	103.007	-23.9052
63.000000	102.944	-24.1704
64.000000	102.867	-24.4949
65.000000	102.790	-24.8111
66.000000	102.714	-25.1263
67.000000	102.636	-25.4337
68.000000	102.557	-25.7137
69.000000	102.480	-25.9796
70.000000	102.405	-26.2348
71.000000	102.329	-26.4830
72.000000	102.252	-26.7227
73.000000	102.173	-26.9589
74.000000	102.093	-27.1529
75.000000	102.019	-27.3421
76.199997	101.929	-27.5973
77.500000	101.828	-27.8486
78.800003	101.730	-28.0802
80.000000	101.637	-28.2668
81.199997	101.551	-28.4192
82.500000	101.456	-28.6119
83.800003	101.359	-28.7620
85.000000	101.270	-28.9029
86.199997	101.179	-29.0213
87.500000	101.086	-29.1250
88.500000	101.014	-29.2159
90.000000	100.906	-29.3214
91.199997	100.820	-29.3931
92.500000	100.730	-29.4610
93.800003	100.635	-29.5125
95.000000	100.553	-29.5532
96.199997	100.467	-29.5847
97.500000	100.380	-29.6060
98.800003	100.290	-29.6044
100.000000	100.213	-29.6155
101.500000	100.108	-29.5806
103.000000	100.014	-29.5426
104.400002	99.922	-29.5057
106.000000	99.819	-29.4532
107.500000	99.721	-29.3953
109.000000	99.628	-29.3123
110.599998	99.529	-29.2012
112.000000	99.445	-29.1265
113.800003	99.339	-28.9949
115.000000	99.265	-28.8918
117.199997	99.137	-28.6356
118.000000	99.093	-28.5679
120.599998	98.965	-28.2316
122.000000	98.869	-28.1264
124.099998	98.750	-27.8909
125.000000	98.703	-27.7432
126.500000	98.627	-27.5710
128.000000	98.555	-27.3948
131.500000	98.370	-26.9493
132.000000	98.344	-26.8020
134.000000	98.259	-26.5112
136.000000	98.177	-26.1806
138.000000	98.082	-25.8424
140.000000	97.996	-25.4803
143.000000	97.866	-25.0388
145.000000	97.792	-24.6659
147.500000	97.686	-24.2416
150.000000	97.593	-23.8410
152.500000	97.504	-23.3515
155.000000	97.409	-22.8407
157.500000	97.321	-22.3779
160.000000	97.228	-21.8382
162.500000	97.153	-21.3814
165.000000	97.082	-20.8736
167.500000	97.007	-20.3874
170.000000	96.938	-19.9089
172.500000	96.872	-19.4240
175.000000	96.803	-18.9028
177.500000	96.741	-18.4154
180.000000	96.684	-17.9265
182.500000	96.629	-17.4140
185.000000	96.562	-16.9113
187.500000	96.501	-16.3808
190.000000	96.451	-15.9258
192.500000	96.406	-15.5114
195.000000	96.379	-14.9060
197.500000	96.331	-14.3214
200.000000	96.278	-13.9286
203.000000	96.224	-13.0458
206.000000	96.204	-12.4531
209.000000	96.132	-11.7586
212.000000	96.078	-11.2667
214.000000	96.145	-11.2167
218.000000	96.093	-10.5715
220.000000	96.031	-9.7329
224.000000	96.000	-9.2984
227.000000	96.002	-8.8444
230.000000	96.017	-8.0710
233.000000	95.979	-7.9135
236.000000	95.955	-7.4675
240.000000	95.920	-6.9491
243.000000	95.884	-6.5062
247.000000	95.877	-5.8951
250.000000	95.862	-5.6761
254.000000	95.776	-4.8207
258.000000	95.780	-4.2277
262.000000	95.752	-3.7354
265.000000	95.731	-3.3586
269.000000	95.746	-2.8480
272.000000	95.712	-2.6377
276.000000	95.666	-1.8086
280.000000	95.679	-1.1650
285.000000	95.661	-0.6493
290.000000	95.654	0.1256
295.000000	95.637	0.6253
300.000000	95.619	1.2653
304.000000	95.597	1.6963
307.000000	95.591	2.0929
311.000000	95.600	2.4305
315.000000	95.564	2.7655
320.000000	95.548	3.5151
325.000000	95.539	3.9861
330.000000	95.525	4.4902
335.000000	95.515	5.0141
340.000000	95.493	5.5325
345.000000	95.469	6.0905
350.000000	95.472	6.5145
355.000000	95.462	7.0728
360.000000	95.452	7.5766
365.000000	95.435	8.1062
370.000000	95.425	8.5874
375.000000	95.420	9.0579
382.000000	95.401	9.7715
387.000000	95.399	10.3028
395.000000	95.393	10.9673
400.000000	95.362	11.3157
406.000000	95.345	11.9328
412.000000	95.354	12.4761
418.000000	95.327	13.0471
425.000000	95.308	13.6487
431.000000	95.311	14.1876
437.000000	95.272	14.7281
444.000000	95.277	15.4105
450.000000	95.256	15.7888
455.000000	95.243	16.2891
462.000000	95.231	16.8891
468.000000	95.231	17.3582
475.000000	95.231	18.0620
482.000000	95.191	18.6607
487.000000	95.186	18.8265
494.000000	95.174	19.6020
500.000000	95.158	19.9687
508.000000	95.132	20.7116
515.000000	95.119	21.3111
522.000000	95.101	21.8081
530.000000	95.083	22.5579
538.000000	95.026	23.1088
545.000000	95.050	23.9302
552.000000	95.028	24.4735
560.000000	95.005	25.1500
570.000000	94.979	26.0346
580.000000	94.957	26.9125
590.000000	94.937	27.7810
600.000000	94.916	28.6404
608.000000	94.894	29.3594
615.000000	94.881	30.0171
622.000000	94.874	30.6545
630.000000	94.846	31.3361
640.000000	94.827	32.2378
650.000000	94.810	33.2071
660.000000	94.792	34.1409
670.000000	94.772	35.0465
680.000000	94.755	36.0063
690.000000	94.741	36.9410
700.000000	94.725	37.9433
710.000000	94.710	38.8979
720.000000	94.698	39.8963
730.000000	94.689	40.8924
740.000000	94.680	41.9083
750.000000	94.675	42.9296
762.000000	94.671	44.1585
775.000000	94.671	45.5324
788.000000	94.678	46.9027
800.000000	94.689	48.2234
812.000000	94.706	49.5340
825.000000	94.735	50.9931
838.000000	94.772	52.4386
850.000000	94.820	53.7480
862.000000	94.875	55.0064
875.000000	94.948	56.3981
885.000000	95.027	57.3510
900.000000	95.129	58.6199
912.000000	95.209	59.5710
925.000000	95.285	60.4570
938.000000	95.351	61.3360
950.000000	95.393	62.1260
962.000000	95.436	62.9051
975.000000	95.473	63.8272
988.000000	95.508	64.8207
1000.000000	95.542	65.7488
1015.000000	95.591	66.9207
1030.000000	95.646	68.1349
1044.000000	95.702	69.2530
1060.000000	95.772	70.5119
1075.000000	95.842	71.6745
1090.000000	95.918	72.7965
1106.000000	96.001	73.9727
1120.000000	96.075	74.9598
1138.000000	96.175	76.1918
1150.000000	96.237	76.9789
1172.000000	96.355	78.3546
1180.000000	96.400	78.8378
1206.000000	96.533	80.3690
1220.000000	96.603	81.1675
1241.000000	96.701	82.3308
1250.000000	96.743	82.8211
1265.000000	96.809	83.6086
1280.000000	96.874	84.4056
1315.000000	97.009	86.2167
1320.000000	97.027	86.4481
1340.000000	97.098	87.4906
1360.000000	97.165	88.5068
1380.000000	97.231	89.5655
1400.000000	97.292	90.5798
1430.000000	97.379	92.1539
1450.000000	97.436	93.2247
1475.000000	97.507	94.5590
1500.000000	97.576	95.9108
1525.000000	97.646	97.2900
1550.000000	97.716	98.6744
1575.000000	97.786	100.0812
1600.000000	97.860	101.4800
1625.000000	97.937	102.9007
1650.000000	98.016	104.3149
1675.000000	98.097	105.7346
1700.000000	98.183	107.1460
1725.000000	98.271	108.5540
1750.000000	98.365	109.9536
1775.000000	98.460	111.3513
1800.000000	98.559	112.7423
1825.000000	98.663	114.0981
1850.000000	98.770	115.4489
1875.000000	98.878	116.7632
1900.000000	98.992	118.0627
1925.000000	99.108	119.3288
1950.000000	99.228	120.5666
1975.000000	99.349	121.7944
2000.000000	99.474	122.9723
2030.000000	99.627	124.3524
2060.000000	99.782	125.6744
2090.000000	99.939	126.9456
2120.000000	100.100	128.1585
2140.000000	100.206	128.9184
2180.000000	100.422	130.3730
2200.000000	100.530	131.0533
2240.000000	100.742	132.3260
2270.000000	100.898	133.1817
2300.000000	101.053	133.9836
2330.000000	101.203	134.7195
2360.000000	101.346	135.3761
2400.000000	101.527	136.1568
2430.000000	101.653	136.6866
2470.000000	101.808	137.2903
2500.000000	101.913	137.6963
2540.000000	102.036	138.1722
2580.000000	102.137	138.5894
2620.000000	102.221	138.9817
2650.000000	102.269	139.2587
2690.000000	102.315	139.6407
2720.000000	102.339	139.9266
2760.000000	102.352	140.3425
2800.000000	102.349	140.7921
2850.000000	102.328	141.4533
2900.000000	102.286	142.2007
2950.000000	102.230	143.0713
3000.000000	102.166	144.0641
3040.000000	102.110	144.9276
3070.000000	102.069	145.6350
3110.000000	102.011	146.6355
3150.000000	101.958	147.6842
3200.000000	101.892	149.0823
3250.000000	101.832	150.5252
3300.000000	101.778	152.0380
3350.000000	101.730	153.5904
3400.000000	101.688	155.1710
3450.000000	101.653	156.7820
3500.000000	101.626	158.4512
3550.000000	101.609	160.1444
3600.000000	101.609	161.8653
3650.000000	101.629	163.5761
3700.000000	101.670	165.2046
3750.000000	101.728	166.7151
3820.000000	101.823	168.5900
3870.000000	101.892	169.7527
3950.000000	101.997	171.3183
4000.000000	102.058	172.1135
4060.000000	102.114	172.9657
4120.000000	102.153	173.6148
4180.000000	102.171	174.1437
4250.000000	102.160	174.6245
4310.000000	102.122	174.9880
4370.000000	102.060	175.3214
4440.000000	101.959	175.7526
4500.000000	101.854	176.1411
4550.000000	101.758	176.5163
4620.000000	101.613	177.0573
4680.000000	101.480	177.5472
4750.000000	101.318	178.1307
4820.000000	101.146	178.6666
4870.000000	101.012	179.0398
4940.000000	100.814	179.5803
5000.000000	100.633	-179.9857
5080.000000	100.366	-179.3878
5150.000000	100.110	-178.7380
5220.000000	99.847	-177.9768
5300.000000	99.540	-176.8893
5380.000000	99.248	-175.6123
5450.000000	99.012	-174.3539
5520.000000	98.802	-173.0265
5600.000000	98.596	-171.4084
5700.000000	98.402	-169.3840
5800.000000	98.288	-167.4252
5900.000000	98.260	-165.6375
6000.000000	98.323	-164.1158
6080.000000	98.448	-163.2677
6150.000000	98.603	-162.7644
6220.000000	98.809	-162.6254
6300.000000	99.092	-162.9287
6400.000000	99.512	-164.1381
6500.000000	99.980	-166.3942
6600.000000	100.455	-169.7834
6700.000000	100.884	-174.3104
6800.000000	101.209	-179.8067
6900.000000	101.380	174.1342
7000.000000	101.382	168.0254
7100.000000	101.252	162.3832
7200.000000	101.049	157.4663
7300.000000	100.824	153.2287
7400.000000	100.589	149.5419
7500.000000	100.339	146.3529
7620.000000	100.072	143.7750
7750.000000	99.932	140.8864
7880.000000	99.718	137.9685
8000.000000	99.487	135.5426
8120.000000	99.189	133.3690
8250.000000	98.778	131.3863
8380.000000	98.262	130.0940
8500.000000	97.717	129.6378
8620.000000	97.122	130.0320
8750.000000	96.444	131.4878
8850.000000	95.928	133.3085
9000.000000	95.194	137.2057
9120.000000	94.677	141.0939
9250.000000	94.203	145.8715
9380.000000	93.817	151.0697
9500.000000	93.538	156.0688
9620.000000	93.336	161.2096
9750.000000	93.204	166.7671
9880.000000	93.151	172.2800
10000.000000	93.185	177.1517
10150.000000	93.294	-177.1097
10300.000000	93.506	-172.0115
10440.000000	93.748	-167.9529
10600.000000	94.080	-164.4210
10750.000000	94.333	-162.4055
10900.000000	94.441	-161.4989
11060.000000	94.283	-160.9687
11200.000000	93.900	-159.8783
11380.000000	93.212	-156.1700
11500.000000	92.788	-152.0519
11720.000000	92.370	-141.9477
11800.000000	92.371	-137.8123
12060.000000	93.072	-124.8311
12200.000000	93.852	-119.7769
12410.000000	95.134	-116.0799
12500.000000	95.633	-115.7142
12650.000000	96.334	-116.2046
12800.000000	96.841	-117.4645
13150.000000	97.485	-119.9531
13200.000000	97.556	-120.1276
13400.000000	97.866	-120.4886
13600.000000	98.318	-120.7714
13800.000000	98.957	-121.8160
14000.000000	99.775	-124.5468
14300.000000	101.206	-133.8195
14500.000000	101.994	-145.1040
14750.000000	102.101	-163.7277
15000.000000	101.044	178.3836
15250.000000	99.494	165.1624
15500.000000	98.081	155.5743
15750.000000	97.063	147.4609
16000.000000	96.547	139.1479
16250.000000	96.617	129.0764
16500.000000	97.354	115.1340
16750.000000	98.761	93.1331
17000.000000	99.923	56.2111
17250.000000	98.293	9.6766
17500.000000	94.550	-25.3870
17750.000000	90.948	-50.4211
18000.000000	87.863	-71.5052
18250.000000	85.143	-91.2195
18500.000000	82.783	-104.9088
18750.000000	84.643	-115.3344
19000.000000	87.290	-172.0432
19250.000000	85.776	122.9836
19500.000000	83.239	56.7146
19750.000000	80.134	-16.3427
