* Measurement data measured by REW V5.20
* Source: USB-C to 3.5mm Headphone Jack Adapter, USB-C to 3.5mm Headphone Jack Adapter, 0, volume: 0.138
* Format: 256k Log Swept Sine, 1 sweep at -12.0 dBFS with no timing reference
* Dated: Apr 3, 2024 3:28:08 PM
* REW Settings:
*  C-weighting compensation: Off
*  Target level: 75.0 dB
* Note: 
* Measurement: L
* Smoothing: None
* Frequency Step: 1/48 octave
* Start Frequency: 20.300 Hz
*
* Freq(Hz)	SPL(dB)	Phase(degrees)
20.299999	101.558167	-150.9261
20.600000	101.574120	-151.5204
20.900000	101.598160	-152.0096
21.200001	101.634422	-152.5374
21.400000	101.663361	-152.9458
21.799999	101.720512	-153.9118
22.000000	101.743744	-154.4539
22.400000	101.773758	-155.5847
22.700001	101.781891	-156.4013
23.000000	101.781685	-157.1494
23.299999	101.777786	-157.8159
23.600000	101.774124	-158.4086
24.000000	101.773766	-159.1187
24.299999	101.778481	-159.6222
24.700001	101.792358	-160.3018
25.000000	101.807266	-160.8503
25.400000	101.827957	-161.6620
25.799999	101.840233	-162.5478
26.200001	101.838013	-163.4239
26.500000	101.829414	-164.0109
26.900000	101.820786	-164.6616
27.200001	101.824936	-165.0746
27.600000	101.848083	-165.6309
28.000000	101.880302	-166.2995
28.500000	101.901672	-167.3163
29.000000	101.882957	-168.3311
29.500000	101.844833	-169.1346
30.000000	101.825653	-169.7543
30.400000	101.831146	-170.2530
30.700001	101.840256	-170.6820
31.100000	101.847115	-171.3232
31.500000	101.841263	-171.9835
32.000000	101.821632	-172.7548
32.500000	101.801453	-173.4662
33.000000	101.785553	-174.1728
33.500000	101.769905	-174.8818
34.000000	101.753120	-175.5512
34.500000	101.738052	-176.1623
35.000000	101.725166	-176.7400
35.500000	101.711716	-177.3170
36.000000	101.695847	-177.9175
36.500000	101.676834	-178.5570
37.000000	101.653755	-179.2165
37.500000	101.629341	-179.8351
38.200001	101.609268	179.4276
38.700001	101.607239	178.9193
39.500000	101.583374	178.0070
40.000000	101.541344	177.4726
40.599998	101.490952	176.9394
41.200001	101.467804	176.3552
41.799999	101.454994	175.5976
42.500000	101.414848	174.7567
43.099998	101.369766	174.3372
43.700001	101.340172	174.0938
44.400002	101.318123	173.6861
45.000000	101.292915	173.1347
45.500000	101.267319	172.5787
46.200001	101.230049	171.7562
46.799999	101.197174	171.1057
47.500000	101.155174	170.4559
48.200001	101.101883	169.8888
48.700001	101.058334	169.5445
49.400002	101.012856	169.1331
50.000000	100.996552	168.7195
50.799999	100.968437	168.0352
51.500000	100.921242	167.5547
52.200001	100.882408	167.1885
53.000000	100.843918	166.6224
53.799999	100.786263	166.0070
54.500000	100.740532	165.5508
55.200001	100.700584	165.0899
56.000000	100.647469	164.6002
57.000000	100.585526	163.9805
58.000000	100.511772	163.3203
59.000000	100.476166	162.7933
60.000000	100.440361	162.0223
60.799999	100.360580	161.5892
61.500000	100.299179	161.3806
62.200001	100.252663	161.0571
63.000000	100.196365	160.5768
64.000000	100.138222	160.0237
65.000000	100.078072	159.5110
66.000000	100.010277	159.1428
67.000000	99.947754	158.6566
68.000000	99.861298	158.1460
69.000000	99.790802	157.7844
70.000000	99.729622	157.2861
71.000000	99.661598	156.8176
72.000000	99.622429	156.3678
73.000000	99.565346	155.9643
74.000000	99.494507	155.7918
75.000000	99.428352	155.4165
76.199997	99.333694	154.8780
77.500000	99.280533	154.4427
78.800003	99.170372	153.8731
80.000000	99.085114	153.6273
81.199997	99.017395	153.1546
82.500000	98.920013	152.8264
83.800003	98.836052	152.3890
85.000000	98.764557	152.0961
86.199997	98.674583	151.7933
87.500000	98.594566	151.4880
88.500000	98.530861	151.1178
90.000000	98.440186	150.8004
91.199997	98.351234	150.4087
92.500000	98.269562	150.2034
93.800003	98.195686	149.8668
95.000000	98.110275	149.6964
96.199997	98.035088	149.4679
97.500000	97.953087	149.2183
98.800003	97.865211	148.9550
100.000000	97.798660	148.6461
101.500000	97.703133	148.4333
103.000000	97.607384	148.2213
104.400002	97.506027	148.0387
106.000000	97.421837	147.7814
107.500000	97.330002	147.5363
109.000000	97.219467	147.3395
110.599998	97.125427	147.0792
112.000000	97.040489	146.8545
113.800003	96.941994	146.8307
115.000000	96.856117	146.7219
117.199997	96.735786	146.4346
118.000000	96.672096	146.3411
120.599998	96.524216	146.1779
122.000000	96.443909	146.1068
124.099998	96.319969	145.9882
125.000000	96.268036	145.8971
126.500000	96.179085	145.8304
128.000000	96.095413	145.7795
131.500000	95.889328	145.6745
132.000000	95.858162	145.6466
134.000000	95.745110	145.6104
136.000000	95.628937	145.5726
138.000000	95.521667	145.5599
140.000000	95.399605	145.6063
143.000000	95.240013	145.6271
145.000000	95.133827	145.6569
147.500000	94.995926	145.7640
150.000000	94.862404	145.8387
152.500000	94.727127	145.9357
155.000000	94.600937	146.0858
157.500000	94.470177	146.2386
160.000000	94.344658	146.4458
162.500000	94.215645	146.6269
165.000000	94.091263	146.7774
167.500000	93.966072	147.0373
170.000000	93.840546	147.2682
172.500000	93.722588	147.5263
175.000000	93.597664	147.8705
177.500000	93.483078	148.1777
180.000000	93.351562	148.5567
182.500000	93.255692	148.8163
185.000000	93.147583	149.2025
187.500000	93.037514	149.6062
190.000000	92.936455	150.0058
192.500000	92.832161	150.4480
195.000000	92.727661	150.8480
197.500000	92.631241	151.3487
200.000000	92.529274	151.8417
203.000000	92.419907	152.4184
206.000000	92.312431	153.0095
209.000000	92.206718	153.6267
212.000000	92.104820	154.2606
214.000000	92.044945	154.7490
218.000000	91.917976	155.6425
220.000000	91.864136	156.1305
224.000000	91.745613	157.0438
227.000000	91.669136	157.8254
230.000000	91.599449	158.5528
233.000000	91.532410	159.3085
236.000000	91.465851	160.0395
240.000000	91.381195	161.1124
243.000000	91.333282	161.9016
247.000000	91.271866	162.9667
250.000000	91.228668	163.7557
254.000000	91.170990	164.8616
258.000000	91.125473	165.9909
262.000000	91.089668	167.1260
265.000000	91.067543	168.0108
269.000000	91.042038	169.3743
272.000000	91.035965	170.4642
276.000000	91.078583	172.0115
280.000000	91.183517	173.5198
285.000000	91.400597	174.8452
290.000000	91.601898	175.2457
295.000000	91.716141	175.3412
300.000000	91.758438	175.5475
304.000000	91.815727	175.7371
307.000000	91.841270	175.9318
311.000000	91.872772	176.2479
315.000000	91.905579	176.5591
320.000000	91.957825	176.9519
325.000000	92.005989	177.3215
330.000000	92.060013	177.6617
335.000000	92.103790	177.9505
340.000000	92.154785	178.2334
345.000000	92.205307	178.4469
350.000000	92.249802	178.6203
355.000000	92.298523	178.8213
360.000000	92.338982	178.9315
365.000000	92.376869	179.0854
370.000000	92.408958	179.1645
375.000000	92.445419	179.2604
382.000000	92.484940	179.3686
387.000000	92.506943	179.4381
395.000000	92.541672	179.5650
400.000000	92.564980	179.6663
406.000000	92.601013	179.7312
412.000000	92.635193	179.7462
418.000000	92.668541	179.7089
425.000000	92.687508	179.6190
431.000000	92.698067	179.5162
437.000000	92.700951	179.4377
444.000000	92.700699	179.3484
450.000000	92.696793	179.2848
455.000000	92.683159	179.2526
462.000000	92.670212	179.2064
468.000000	92.655724	179.1595
475.000000	92.634117	179.1620
482.000000	92.610748	179.1655
487.000000	92.591324	179.2114
494.000000	92.561462	179.2079
500.000000	92.541496	179.2672
508.000000	92.504288	179.3534
515.000000	92.472633	179.4518
522.000000	92.440804	179.5432
530.000000	92.404015	179.6597
538.000000	92.364914	179.8358
545.000000	92.333588	179.9640
552.000000	92.299614	-179.8864
560.000000	92.257812	-179.6696
570.000000	92.208931	-179.4143
580.000000	92.161713	-179.1400
590.000000	92.113770	-178.8186
600.000000	92.065376	-178.4745
608.000000	92.030327	-178.2173
615.000000	91.993416	-177.9651
622.000000	91.964424	-177.6994
630.000000	91.930267	-177.3924
640.000000	91.886421	-176.9920
650.000000	91.843956	-176.6093
660.000000	91.792000	-176.1517
670.000000	91.765495	-175.7077
680.000000	91.728455	-175.2306
690.000000	91.694077	-174.7516
700.000000	91.660187	-174.2524
710.000000	91.628929	-173.7623
720.000000	91.596779	-173.2491
730.000000	91.573257	-172.7377
740.000000	91.545425	-172.2135
750.000000	91.519386	-171.6620
762.000000	91.492378	-170.9861
775.000000	91.472946	-170.2779
788.000000	91.448822	-169.5172
800.000000	91.436668	-168.8267
812.000000	91.425407	-168.1276
825.000000	91.418236	-167.3446
838.000000	91.420708	-166.5779
850.000000	91.419098	-165.8456
862.000000	91.416611	-165.1238
875.000000	91.437683	-164.3167
885.000000	91.443993	-163.6726
900.000000	91.454399	-162.7649
912.000000	91.493240	-162.0448
925.000000	91.521408	-161.2627
938.000000	91.556351	-160.4777
950.000000	91.588013	-159.7908
962.000000	91.634178	-159.0839
975.000000	91.686882	-158.3679
988.000000	91.740601	-157.6477
1000.000000	91.796539	-157.0175
1015.000000	91.864830	-156.2604
1030.000000	91.945068	-155.5211
1044.000000	92.016220	-154.8741
1060.000000	92.112946	-154.1660
1075.000000	92.197823	-153.5681
1090.000000	92.289124	-152.9848
1106.000000	92.393486	-152.4412
1120.000000	92.481567	-152.0090
1138.000000	92.600883	-151.5276
1150.000000	92.679909	-151.2178
1172.000000	92.819397	-150.7945
1180.000000	92.876114	-150.6708
1206.000000	93.031967	-150.3988
1220.000000	93.103806	-150.3454
1241.000000	93.191978	-150.3087
1250.000000	93.218109	-150.2762
1265.000000	93.257332	-150.1927
1280.000000	93.295593	-150.0058
1315.000000	93.389450	-149.4997
1320.000000	93.405441	-149.4173
1340.000000	93.465485	-149.1302
1360.000000	93.520111	-148.8535
1380.000000	93.584396	-148.4539
1400.000000	93.640404	-148.1835
1430.000000	93.736488	-147.7292
1450.000000	93.801796	-147.4558
1475.000000	93.875702	-147.1862
1500.000000	93.952377	-146.8846
1525.000000	94.012527	-146.5928
1550.000000	94.081116	-146.2943
1575.000000	94.145767	-146.0128
1600.000000	94.206665	-145.7059
1625.000000	94.268051	-145.3893
1650.000000	94.326317	-145.0807
1675.000000	94.391541	-144.7543
1700.000000	94.451836	-144.4263
1725.000000	94.510323	-144.0856
1750.000000	94.576553	-143.7608
1775.000000	94.636887	-143.4414
1800.000000	94.704201	-143.1198
1825.000000	94.769157	-142.7808
1850.000000	94.834511	-142.4337
1875.000000	94.901108	-142.1346
1900.000000	94.971138	-141.8233
1925.000000	95.039581	-141.5042
1950.000000	95.111771	-141.1915
1975.000000	95.181458	-140.9038
2000.000000	95.252922	-140.6239
2030.000000	95.342804	-140.2590
2060.000000	95.431564	-139.9175
2090.000000	95.525711	-139.6152
2120.000000	95.616280	-139.3011
2140.000000	95.675079	-139.0984
2180.000000	95.799171	-138.7295
2200.000000	95.862579	-138.5644
2240.000000	95.990891	-138.2133
2270.000000	96.087776	-137.9856
2300.000000	96.187126	-137.7603
2330.000000	96.284706	-137.5570
2360.000000	96.380554	-137.3938
2400.000000	96.512924	-137.1608
2430.000000	96.616806	-136.9954
2470.000000	96.749893	-136.8440
2500.000000	96.850998	-136.7298
2540.000000	96.985947	-136.6090
2580.000000	97.125549	-136.5245
2620.000000	97.263680	-136.4600
2650.000000	97.370010	-136.4422
2690.000000	97.509239	-136.4662
2720.000000	97.614365	-136.5206
2760.000000	97.750641	-136.6048
2800.000000	97.889122	-136.7216
2850.000000	98.062119	-136.9269
2900.000000	98.230728	-137.1783
2950.000000	98.405052	-137.4744
3000.000000	98.574203	-137.8374
3040.000000	98.715927	-138.1941
3070.000000	98.823593	-138.5023
3110.000000	98.960724	-138.9605
3150.000000	99.094666	-139.4856
3200.000000	99.254654	-140.2387
3250.000000	99.408417	-141.0749
3300.000000	99.553017	-141.9957
3350.000000	99.688797	-143.0141
3400.000000	99.811798	-144.0862
3450.000000	99.922333	-145.2373
3500.000000	100.018845	-146.4726
3550.000000	100.098717	-147.7607
3600.000000	100.165291	-149.1144
3650.000000	100.211700	-150.5089
3700.000000	100.240334	-151.9248
3750.000000	100.246323	-153.3661
3820.000000	100.223587	-155.3624
3870.000000	100.184769	-156.7739
3950.000000	100.084969	-158.9471
4000.000000	99.996033	-160.2342
4060.000000	99.876572	-161.6673
4120.000000	99.743050	-163.0016
4180.000000	99.596878	-164.2095
4250.000000	99.416847	-165.5119
4310.000000	99.256790	-166.5732
4370.000000	99.080711	-167.5527
4440.000000	98.862686	-168.5992
4500.000000	98.661835	-169.3638
4550.000000	98.493340	-169.9354
4620.000000	98.251152	-170.6087
4680.000000	98.040329	-171.0767
4750.000000	97.797607	-171.4659
4820.000000	97.552155	-171.7955
4870.000000	97.379318	-171.8985
4940.000000	97.137299	-172.0077
5000.000000	96.936371	-172.0475
5080.000000	96.670212	-171.9486
5150.000000	96.445007	-171.7619
5220.000000	96.221436	-171.5260
5300.000000	95.970001	-171.1363
5380.000000	95.721039	-170.6421
5450.000000	95.509979	-170.0147
5520.000000	95.328888	-169.1269
5600.000000	95.199326	-168.0859
5700.000000	95.056015	-167.4315
5800.000000	94.874458	-166.8600
5900.000000	94.684189	-166.1138
6000.000000	94.503464	-165.2091
6080.000000	94.383453	-164.3679
6150.000000	94.284485	-163.6125
6220.000000	94.200981	-162.8341
6300.000000	94.132637	-161.9303
6400.000000	94.069572	-160.8497
6500.000000	94.045509	-159.8387
6600.000000	94.045303	-158.8706
6700.000000	94.075119	-158.0813
6800.000000	94.125160	-157.4055
6900.000000	94.205933	-156.8495
7000.000000	94.317932	-156.4579
7100.000000	94.449577	-156.2146
7200.000000	94.623474	-156.2500
7300.000000	94.830872	-156.5025
7400.000000	95.067360	-157.2370
7500.000000	95.327499	-158.4071
7620.000000	95.662155	-160.5950
7750.000000	96.010986	-164.1320
7880.000000	96.256744	-168.9998
8000.000000	96.324364	-174.5746
8120.000000	96.168541	179.3380
8250.000000	95.746407	172.8719
8380.000000	95.086319	167.1354
8500.000000	94.348755	162.7163
8620.000000	93.510849	159.3038
8750.000000	92.544777	156.7680
8850.000000	91.803024	155.8388
9000.000000	90.796463	155.7326
9120.000000	90.130615	156.4968
9250.000000	89.542160	157.1482
9380.000000	89.069199	157.7697
9500.000000	88.680771	157.7577
9620.000000	88.320450	157.5031
9750.000000	87.867310	157.0042
9880.000000	87.398605	156.4834
10000.000000	86.934181	156.1124
10150.000000	86.339157	156.1058
10300.000000	85.776237	156.4969
10440.000000	85.275497	156.9731
10600.000000	84.754242	157.7259
10750.000000	84.321915	158.7042
10900.000000	83.963364	160.0116
11060.000000	83.599541	161.4493
11200.000000	83.499260	162.6713
11380.000000	83.313400	163.0056
11500.000000	83.190918	163.4330
11720.000000	83.119232	163.9844
11800.000000	83.088074	164.2512
12060.000000	83.179955	163.7216
12200.000000	83.281914	163.1630
12410.000000	83.518066	161.9821
12500.000000	83.641525	161.2752
12650.000000	83.887863	159.7300
12800.000000	84.224518	157.8521
13150.000000	85.234680	151.1641
13200.000000	85.381752	149.8574
13400.000000	86.146683	143.6865
13600.000000	87.031052	135.8140
13800.000000	87.990372	125.6274
14000.000000	88.972328	112.4153
14300.000000	89.966904	85.7565
14500.000000	89.863098	65.1487
14750.000000	89.065559	43.1598
15000.000000	88.675430	22.8377
15250.000000	88.326004	-3.2425
15500.000000	87.401642	-30.5822
15750.000000	86.025131	-58.4320
16000.000000	84.267487	-86.2460
16250.000000	82.205139	-113.0588
16500.000000	80.024307	-138.7039
16750.000000	77.844353	-163.3709
17000.000000	75.716568	172.1862
17250.000000	73.877625	147.0896
17500.000000	72.086258	121.0518
17750.000000	70.394814	93.0547
18000.000000	68.844040	63.8726
18250.000000	67.140518	29.5782
18500.000000	65.668365	-7.5272
18750.000000	63.456482	-47.8386
19000.000000	61.724602	-89.5196
19250.000000	60.284546	-134.2146
19500.000000	59.565346	174.7625
19750.000000	58.733265	105.9988
