* Measurement data measured by REW V5.31.3
* Source: USB-C to 3.5mm Headphone Jack Adapter, USB-C to 3.5mm Headphone Jack Adapter, 0, volume: 0.138
* Format: 256k Log Swept Sine, 1 sweep at -12.0 dBFS with no timing reference
* Dated: Mar 24, 2025 2:09:06 PM
* REW Settings:
*  C-weighting compensation: Off
*  Target level: 75.0 dB
* Note: 
* Measurement: R
* Smoothing: None
* Frequency Step: 1/48 octave
* Start Frequency: 20.300 Hz
*
* Freq(Hz)	SPL(dB)	Phase(degrees)
20.299999	97.845	-162.2681
20.600000	97.875	-162.8551
20.900000	97.899	-163.4623
21.200001	97.912	-164.1187
21.400000	97.912	-164.5605
21.799999	97.894	-165.3741
22.000000	97.880	-165.7178
22.400000	97.852	-166.2676
22.700001	97.841	-166.5986
23.000000	97.841	-166.9262
23.299999	97.850	-167.3097
23.600000	97.862	-167.7829
24.000000	97.869	-168.5389
24.299999	97.862	-169.1455
24.700001	97.841	-169.9170
25.000000	97.822	-170.4279
25.400000	97.802	-171.0125
25.799999	97.790	-171.5258
26.200001	97.783	-172.0119
26.500000	97.776	-172.3694
26.900000	97.761	-172.8311
27.200001	97.745	-173.1620
27.600000	97.724	-173.5895
28.000000	97.705	-174.0222
28.500000	97.689	-174.6022
29.000000	97.679	-175.2198
29.500000	97.668	-175.8215
30.000000	97.655	-176.3452
30.400000	97.643	-176.6973
30.700001	97.634	-176.9359
31.100000	97.623	-177.2509
31.500000	97.612	-177.6002
32.000000	97.597	-178.1180
32.500000	97.579	-178.7089
33.000000	97.557	-179.3029
33.500000	97.536	-179.8352
34.000000	97.516	179.7132
34.500000	97.496	179.3174
35.000000	97.473	178.9391
35.500000	97.447	178.5501
36.000000	97.423	178.1285
36.500000	97.402	177.6603
37.000000	97.383	177.1652
37.500000	97.362	176.7049
38.200001	97.333	176.2181
38.700001	97.317	175.9482
39.500000	97.295	175.4369
40.000000	97.269	175.0428
40.599998	97.227	174.5734
41.200001	97.188	174.1331
41.799999	97.159	173.6890
42.500000	97.137	173.1592
43.099998	97.121	172.7122
43.700001	97.094	172.3126
44.400002	97.041	172.0439
45.000000	97.008	171.9264
45.500000	96.996	171.6786
46.200001	96.966	171.0013
46.799999	96.914	170.5110
47.500000	96.895	170.3525
48.200001	96.926	170.0793
48.700001	96.908	169.6605
49.400002	96.800	169.2879
50.000000	96.728	169.2817
50.799999	96.726	168.9130
51.500000	96.691	168.1920
52.200001	96.599	167.9266
53.000000	96.548	168.0718
53.799999	96.559	167.7244
54.500000	96.548	167.0179
55.200001	96.503	166.4561
56.000000	96.453	166.2813
57.000000	96.421	165.9700
58.000000	96.337	165.4025
59.000000	96.310	165.0898
60.000000	96.256	164.5739
60.799999	96.181	164.6152
61.500000	96.176	164.4670
62.200001	96.137	163.8789
63.000000	96.039	163.6842
64.000000	96.055	163.7859
65.000000	96.025	162.9482
66.000000	95.907	162.7517
67.000000	95.884	162.5360
68.000000	95.819	162.0822
69.000000	95.765	161.9450
70.000000	95.727	161.6542
71.000000	95.665	161.3314
72.000000	95.615	161.1041
73.000000	95.578	160.8287
74.000000	95.518	160.6049
75.000000	95.467	160.4543
76.199997	95.411	160.0816
77.500000	95.348	159.8021
78.800003	95.279	159.5255
80.000000	95.221	159.3667
81.199997	95.158	159.1273
82.500000	95.094	158.9006
83.800003	95.027	158.6208
85.000000	94.974	158.4594
86.199997	94.921	158.2975
87.500000	94.857	158.0808
88.500000	94.808	157.9384
90.000000	94.742	157.7361
91.199997	94.684	157.6045
92.500000	94.620	157.4361
93.800003	94.559	157.2793
95.000000	94.501	157.1872
96.199997	94.447	157.0322
97.500000	94.389	156.8590
98.800003	94.333	156.7592
100.000000	94.281	156.6561
101.500000	94.213	156.4843
103.000000	94.152	156.3831
104.400002	94.089	156.2457
106.000000	94.022	156.1372
107.500000	93.952	156.0684
109.000000	93.893	155.9112
110.599998	93.827	155.9329
112.000000	93.776	155.7245
113.800003	93.697	155.7665
115.000000	93.648	155.6810
117.199997	93.561	155.4873
118.000000	93.520	155.5392
120.599998	93.401	155.5386
122.000000	93.366	155.3711
124.099998	93.288	155.3899
125.000000	93.248	155.3586
126.500000	93.203	155.3782
128.000000	93.140	155.3596
131.500000	93.012	155.3363
132.000000	92.996	155.3348
134.000000	92.929	155.3113
136.000000	92.848	155.4395
138.000000	92.786	155.3638
140.000000	92.715	155.5047
143.000000	92.617	155.5045
145.000000	92.546	155.4847
147.500000	92.465	155.6032
150.000000	92.385	155.6072
152.500000	92.310	155.8755
155.000000	92.231	155.9207
157.500000	92.154	156.0073
160.000000	92.101	156.1441
162.500000	92.013	156.2410
165.000000	91.952	156.2999
167.500000	91.875	156.4562
170.000000	91.801	156.6198
172.500000	91.736	156.8027
175.000000	91.678	157.0179
177.500000	91.625	157.3030
180.000000	91.551	157.3828
182.500000	91.539	157.5213
185.000000	91.495	157.6468
187.500000	91.432	157.7310
190.000000	91.391	157.7468
192.500000	91.337	157.8516
195.000000	91.277	157.9998
197.500000	91.230	158.1378
200.000000	91.170	158.2830
203.000000	91.112	158.4413
206.000000	91.049	158.5858
209.000000	90.987	158.7865
212.000000	90.927	158.9561
214.000000	90.884	159.0272
218.000000	90.807	159.3068
220.000000	90.765	159.4554
224.000000	90.695	159.7069
227.000000	90.632	159.9631
230.000000	90.577	160.1817
233.000000	90.521	160.3235
236.000000	90.480	160.5836
240.000000	90.427	160.9469
243.000000	90.368	161.1068
247.000000	90.301	161.4431
250.000000	90.257	161.6264
254.000000	90.203	161.9240
258.000000	90.131	162.2304
262.000000	90.074	162.4973
265.000000	90.032	162.7766
269.000000	89.980	163.0677
272.000000	89.935	163.3117
276.000000	89.877	163.6425
280.000000	89.830	163.9809
285.000000	89.765	164.4387
290.000000	89.702	164.9087
295.000000	89.654	165.3657
300.000000	89.610	165.8859
304.000000	89.581	166.1047
307.000000	89.556	166.3295
311.000000	89.529	166.6520
315.000000	89.495	166.8765
320.000000	89.444	167.2040
325.000000	89.406	167.5341
330.000000	89.369	167.8452
335.000000	89.317	168.2852
340.000000	89.268	168.6615
345.000000	89.226	168.9822
350.000000	89.182	169.3754
355.000000	89.148	169.7026
360.000000	89.113	170.1339
365.000000	89.063	170.4930
370.000000	89.034	170.8378
375.000000	89.001	171.2422
382.000000	88.952	171.7357
387.000000	88.920	172.1387
395.000000	88.869	172.7563
400.000000	88.837	173.1231
406.000000	88.804	173.5573
412.000000	88.770	174.0519
418.000000	88.739	174.4326
425.000000	88.700	175.0019
431.000000	88.679	175.4199
437.000000	88.643	175.8522
444.000000	88.618	176.3708
450.000000	88.589	176.8353
455.000000	88.571	177.1870
462.000000	88.543	177.6722
468.000000	88.520	178.0907
475.000000	88.498	178.6441
482.000000	88.471	179.1530
487.000000	88.454	179.4872
494.000000	88.437	-179.9959
500.000000	88.416	-179.5225
508.000000	88.398	-178.9487
515.000000	88.373	-178.4744
522.000000	88.363	-177.9185
530.000000	88.344	-177.4052
538.000000	88.323	-176.8787
545.000000	88.310	-176.3841
552.000000	88.299	-175.8342
560.000000	88.288	-175.3095
570.000000	88.275	-174.6126
580.000000	88.261	-173.9052
590.000000	88.254	-173.1842
600.000000	88.237	-172.4435
608.000000	88.234	-171.9717
615.000000	88.234	-171.4445
622.000000	88.228	-170.9347
630.000000	88.233	-170.4230
640.000000	88.229	-169.7082
650.000000	88.237	-169.0346
660.000000	88.236	-168.3112
670.000000	88.244	-167.6894
680.000000	88.251	-166.9751
690.000000	88.268	-166.3345
700.000000	88.275	-165.6862
710.000000	88.283	-165.0264
720.000000	88.295	-164.3167
730.000000	88.317	-163.6937
740.000000	88.332	-163.0653
750.000000	88.357	-162.3797
762.000000	88.377	-161.6093
775.000000	88.408	-160.7547
788.000000	88.446	-159.9134
800.000000	88.471	-159.1066
812.000000	88.513	-158.3200
825.000000	88.562	-157.5079
838.000000	88.602	-156.6809
850.000000	88.650	-155.8875
862.000000	88.707	-155.1383
875.000000	88.771	-154.3275
885.000000	88.815	-153.7179
900.000000	88.880	-152.8398
912.000000	88.968	-152.0946
925.000000	89.048	-151.3430
938.000000	89.129	-150.5743
950.000000	89.210	-149.9739
962.000000	89.296	-149.3357
975.000000	89.394	-148.6794
988.000000	89.493	-148.0756
1000.000000	89.583	-147.5217
1015.000000	89.704	-146.9370
1030.000000	89.832	-146.3372
1044.000000	89.951	-145.9228
1060.000000	90.081	-145.5338
1075.000000	90.203	-145.2075
1090.000000	90.318	-144.9153
1106.000000	90.428	-144.6823
1120.000000	90.512	-144.5071
1138.000000	90.611	-144.2925
1150.000000	90.661	-144.1670
1172.000000	90.762	-143.6776
1180.000000	90.796	-143.4397
1206.000000	90.930	-142.6182
1220.000000	91.015	-142.2089
1241.000000	91.172	-141.5970
1250.000000	91.238	-141.3470
1265.000000	91.359	-141.0120
1280.000000	91.487	-140.7777
1315.000000	91.785	-140.4756
1320.000000	91.819	-140.4412
1340.000000	91.985	-140.4550
1360.000000	92.142	-140.6259
1380.000000	92.294	-140.9159
1400.000000	92.410	-141.3539
1430.000000	92.529	-142.2584
1450.000000	92.544	-142.8568
1475.000000	92.484	-143.2349
1500.000000	92.394	-142.9427
1525.000000	92.349	-141.9463
1550.000000	92.386	-140.6491
1575.000000	92.499	-139.3951
1600.000000	92.664	-138.3462
1625.000000	92.851	-137.4933
1650.000000	93.046	-136.8656
1675.000000	93.252	-136.3142
1700.000000	93.453	-135.8639
1725.000000	93.655	-135.3959
1750.000000	93.874	-134.9431
1775.000000	94.106	-134.4385
1800.000000	94.382	-133.8288
1825.000000	94.727	-133.3668
1850.000000	95.158	-133.2084
1875.000000	95.641	-133.9654
1900.000000	96.091	-135.7271
1925.000000	96.427	-138.1203
1950.000000	96.649	-140.6036
1975.000000	96.792	-142.9446
2000.000000	96.892	-145.0920
2030.000000	96.989	-147.5167
2060.000000	97.064	-149.8926
2090.000000	97.116	-152.3566
2120.000000	97.135	-154.9888
2140.000000	97.117	-156.8607
2180.000000	96.949	-160.7271
2200.000000	96.780	-162.5030
2240.000000	96.351	-164.9753
2270.000000	96.049	-165.9029
2300.000000	95.811	-166.5557
2330.000000	95.608	-167.2415
2360.000000	95.401	-168.0340
2400.000000	95.076	-169.0405
2430.000000	94.774	-169.6038
2470.000000	94.316	-169.4090
2500.000000	94.028	-168.3698
2540.000000	93.814	-166.5988
2580.000000	93.746	-165.2369
2620.000000	93.722	-164.4778
2650.000000	93.709	-164.1915
2690.000000	93.680	-164.0360
2720.000000	93.635	-164.0890
2760.000000	93.560	-164.2274
2800.000000	93.451	-164.4531
2850.000000	93.262	-164.6024
2900.000000	93.036	-164.5026
2950.000000	92.799	-164.1672
3000.000000	92.523	-163.5425
3040.000000	92.292	-162.5608
3070.000000	92.146	-161.5305
3110.000000	92.025	-159.9432
3150.000000	91.953	-158.6138
3200.000000	91.870	-157.1126
3250.000000	91.774	-155.5688
3300.000000	91.685	-153.6153
3350.000000	91.701	-151.3642
3400.000000	91.833	-149.3698
3450.000000	92.028	-148.0732
3500.000000	92.208	-147.5682
3550.000000	92.299	-147.5909
3600.000000	92.272	-147.4333
3650.000000	92.216	-146.5670
3700.000000	92.236	-145.2596
3750.000000	92.338	-144.2278
3820.000000	92.449	-143.5292
3870.000000	92.466	-142.8945
3950.000000	92.573	-141.0594
4000.000000	92.763	-140.2631
4060.000000	92.953	-140.2766
4120.000000	93.031	-140.5165
4180.000000	93.036	-140.3604
4250.000000	93.072	-139.5350
4310.000000	93.177	-138.8500
4370.000000	93.315	-138.6083
4440.000000	93.426	-138.8807
4500.000000	93.416	-139.1682
4550.000000	93.359	-139.0197
4620.000000	93.270	-137.9036
4680.000000	93.292	-136.3014
4750.000000	93.513	-134.3593
4820.000000	93.887	-133.3223
4870.000000	94.184	-133.4151
4940.000000	94.545	-134.6759
5000.000000	94.723	-136.6753
5080.000000	94.610	-139.1982
5150.000000	94.341	-139.4535
5220.000000	94.239	-138.2549
5300.000000	94.360	-136.8468
5380.000000	94.614	-136.4003
5450.000000	94.838	-136.7242
5520.000000	95.029	-137.5493
5600.000000	95.194	-138.7816
5700.000000	95.322	-140.6650
5800.000000	95.347	-142.7018
5900.000000	95.305	-144.4842
6000.000000	95.230	-146.2610
6080.000000	95.113	-147.9256
6150.000000	94.911	-149.3221
6220.000000	94.621	-150.2023
6300.000000	94.241	-150.0396
6400.000000	93.899	-148.2177
6500.000000	93.837	-145.7628
6600.000000	93.996	-144.0314
6700.000000	94.223	-143.5436
6800.000000	94.378	-143.7344
6900.000000	94.467	-143.7695
7000.000000	94.601	-143.2952
7100.000000	94.870	-142.8456
7200.000000	95.226	-143.1588
7300.000000	95.583	-144.1665
7400.000000	95.907	-145.4006
7500.000000	96.294	-146.5831
7620.000000	96.923	-148.6587
7750.000000	97.794	-152.9850
7880.000000	98.639	-160.9352
8000.000000	99.080	-171.2911
8120.000000	98.946	176.9485
8250.000000	98.183	165.2263
8380.000000	97.006	155.9669
8500.000000	95.757	149.7982
8620.000000	94.460	145.7080
8750.000000	93.086	143.3163
8850.000000	92.107	142.7395
9000.000000	90.812	143.4047
9120.000000	89.956	144.7574
9250.000000	89.222	146.6914
9380.000000	88.646	148.8104
9500.000000	88.248	150.3952
9620.000000	87.972	151.9126
9750.000000	87.828	152.8834
9880.000000	87.607	153.4112
10000.000000	87.468	153.5096
10150.000000	87.318	153.6833
10300.000000	87.312	153.4973
10440.000000	87.434	152.2772
10600.000000	87.575	148.9041
10750.000000	87.535	144.1451
10900.000000	87.225	138.5065
11060.000000	86.601	132.5919
11200.000000	85.828	128.1654
11380.000000	84.626	124.1260
11500.000000	83.753	122.5517
11720.000000	82.264	122.7218
11800.000000	81.769	123.4098
12060.000000	80.634	126.6175
12200.000000	80.110	128.0750
12410.000000	79.518	131.0138
12500.000000	79.374	132.1443
12650.000000	79.175	133.6348
12800.000000	78.963	134.3115
13150.000000	78.421	137.4313
13200.000000	78.459	138.2767
13400.000000	78.697	141.0104
13600.000000	79.148	141.5761
13800.000000	79.736	141.9242
14000.000000	80.582	140.6983
14300.000000	82.258	136.6893
14500.000000	83.703	131.7255
14750.000000	85.948	121.4256
15000.000000	88.535	103.9443
15250.000000	91.042	77.9735
15500.000000	92.361	42.7795
15750.000000	92.077	7.6470
16000.000000	91.201	-21.9609
16250.000000	90.495	-48.2031
16500.000000	90.161	-74.2061
16750.000000	90.200	-102.1786
17000.000000	90.401	-133.6824
17250.000000	90.532	-169.7843
17500.000000	90.222	149.9929
17750.000000	89.332	107.5620
18000.000000	87.990	64.6676
18250.000000	86.502	21.5828
18500.000000	85.006	-23.2456
18750.000000	83.610	-71.1888
19000.000000	82.280	-124.9391
19250.000000	80.815	174.2023
19500.000000	79.015	104.3257
19750.000000	76.395	21.2100
