* Measurement data measured by REW V5.31.3
* Source: USB-C to 3.5mm Headphone Jack Adapter, , 0, volume: 0.343
* Format: 256k Log Swept Sine, 1 sweep at -12.0 dBFS with no timing reference
* Dated: Dec 8, 2025 5:21:17 PM
* REW Settings:
*  C-weighting compensation: Off
*  Target level: 75.0 dB
* Note: ; 
* Measurement: R
* Smoothing: None
* Frequency Step: 1/48 octave
* Start Frequency: 20.000 Hz
*
* Freq(Hz)	SPL(dB)	Phase(degrees)
20.000000	112.969	-161.7141
20.299999	112.980	-162.2411
20.600000	112.991	-162.7585
20.900000	113.000	-163.2639
21.200001	113.009	-163.7566
21.400000	113.015	-164.0786
21.799999	113.026	-164.7102
22.000000	113.032	-165.0211
22.400000	113.042	-165.6339
22.700001	113.049	-166.0848
23.000000	113.054	-166.5266
23.299999	113.060	-166.9585
23.600000	113.065	-167.3807
24.000000	113.071	-167.9308
24.299999	113.075	-168.3359
24.700001	113.080	-168.8679
25.000000	113.083	-169.2603
25.400000	113.085	-169.7727
25.799999	113.087	-170.2711
26.200001	113.089	-170.7569
26.500000	113.090	-171.1161
26.900000	113.092	-171.5931
27.200001	113.093	-171.9516
27.600000	113.093	-172.4285
28.000000	113.091	-172.8977
28.500000	113.086	-173.4618
29.000000	113.082	-174.0012
29.500000	113.080	-174.5328
30.000000	113.078	-175.0711
30.400000	113.075	-175.5022
30.700001	113.071	-175.8187
31.100000	113.064	-176.2248
31.500000	113.058	-176.6132
32.000000	113.051	-177.0871
32.500000	113.045	-177.5620
33.000000	113.038	-178.0363
33.500000	113.029	-178.4992
34.000000	113.019	-178.9467
34.500000	113.009	-179.3857
35.000000	112.999	-179.8226
35.500000	112.988	179.7443
36.000000	112.975	179.3199
36.500000	112.963	178.9052
37.000000	112.950	178.4966
37.500000	112.937	178.0911
38.200001	112.917	177.5303
38.700001	112.903	177.1389
39.500000	112.879	176.5310
40.000000	112.864	176.1574
40.599998	112.847	175.7098
41.200001	112.828	175.2645
41.799999	112.807	174.8297
42.500000	112.782	174.3448
43.099998	112.761	173.9463
43.700001	112.741	173.5520
44.400002	112.719	173.0856
45.000000	112.697	172.6854
45.500000	112.678	172.3607
46.200001	112.650	171.9238
46.799999	112.626	171.5576
47.500000	112.599	171.1310
48.200001	112.570	170.7108
48.700001	112.548	170.4179
49.400002	112.518	170.0152
50.000000	112.492	169.6766
50.799999	112.459	169.2340
51.500000	112.430	168.8340
52.200001	112.398	168.4210
53.000000	112.355	167.9976
53.799999	112.319	167.6317
54.500000	112.293	167.2836
55.200001	112.262	166.9084
56.000000	112.223	166.5139
57.000000	112.176	166.0514
58.000000	112.127	165.5817
59.000000	112.077	165.1243
60.000000	112.024	164.6781
60.799999	111.981	164.3359
61.500000	111.945	164.0327
62.200001	111.907	163.7369
63.000000	111.865	163.4242
64.000000	111.817	163.0297
65.000000	111.769	162.6245
66.000000	111.719	162.2286
67.000000	111.666	161.8467
68.000000	111.613	161.4915
69.000000	111.560	161.1367
70.000000	111.505	160.7913
71.000000	111.449	160.4503
72.000000	111.392	160.1207
73.000000	111.337	159.8053
74.000000	111.281	159.4869
75.000000	111.224	159.1808
76.199997	111.156	158.8348
77.500000	111.083	158.4644
78.800003	111.008	158.1113
80.000000	110.939	157.7981
81.199997	110.870	157.4935
82.500000	110.794	157.1713
83.800003	110.718	156.8702
85.000000	110.649	156.5928
86.199997	110.578	156.3300
87.500000	110.502	156.0628
88.500000	110.443	155.8625
90.000000	110.355	155.5751
91.199997	110.283	155.3552
92.500000	110.207	155.1251
93.800003	110.128	154.9090
95.000000	110.057	154.7188
96.199997	109.985	154.5437
97.500000	109.909	154.3565
98.800003	109.831	154.1786
100.000000	109.760	154.0265
101.500000	109.670	153.8535
103.000000	109.582	153.6857
104.400002	109.497	153.5375
106.000000	109.403	153.3872
107.500000	109.313	153.2573
109.000000	109.225	153.1412
110.599998	109.130	153.0396
112.000000	109.047	152.9564
113.800003	108.940	152.8766
115.000000	108.871	152.8177
117.199997	108.740	152.7335
118.000000	108.694	152.7195
120.599998	108.546	152.6582
122.000000	108.463	152.6575
124.099998	108.345	152.6672
125.000000	108.292	152.6696
126.500000	108.207	152.6929
128.000000	108.123	152.7182
131.500000	107.929	152.8246
132.000000	107.901	152.8376
134.000000	107.788	152.9173
136.000000	107.677	153.0185
138.000000	107.570	153.1333
140.000000	107.461	153.2750
143.000000	107.302	153.5272
145.000000	107.195	153.7097
147.500000	107.065	153.9542
150.000000	106.936	154.2424
152.500000	106.810	154.5500
155.000000	106.686	154.8879
157.500000	106.566	155.2294
160.000000	106.455	155.6349
162.500000	106.334	156.0392
165.000000	106.225	156.4682
167.500000	106.120	156.9176
170.000000	106.021	157.3676
172.500000	105.931	157.8376
175.000000	105.841	158.2918
177.500000	105.756	158.6890
180.000000	105.669	158.9805
182.500000	105.585	159.4700
185.000000	105.492	159.8915
187.500000	105.400	160.3249
190.000000	105.310	160.7917
192.500000	105.220	161.2632
195.000000	105.135	161.7684
197.500000	105.048	162.2770
200.000000	104.967	162.8187
203.000000	104.873	163.4806
206.000000	104.784	164.1572
209.000000	104.699	164.8471
212.000000	104.621	165.5529
214.000000	104.571	166.0148
218.000000	104.477	166.9595
220.000000	104.434	167.4353
224.000000	104.353	168.3729
227.000000	104.294	169.0640
230.000000	104.239	169.7485
233.000000	104.186	170.4349
236.000000	104.136	171.1183
240.000000	104.069	171.9441
243.000000	104.027	172.6887
247.000000	103.972	173.6047
250.000000	103.934	174.2828
254.000000	103.883	175.1956
258.000000	103.841	176.0778
262.000000	103.802	176.9766
265.000000	103.775	177.6366
269.000000	103.744	178.5190
272.000000	103.723	179.1795
276.000000	103.699	-179.9656
280.000000	103.681	-179.1236
285.000000	103.663	-178.1179
290.000000	103.649	-177.1619
295.000000	103.633	-176.2201
300.000000	103.617	-175.2900
304.000000	103.613	-174.5253
307.000000	103.607	-173.9868
311.000000	103.601	-173.2544
315.000000	103.596	-172.5553
320.000000	103.595	-171.6944
325.000000	103.595	-170.8337
330.000000	103.599	-169.9895
335.000000	103.600	-169.1705
340.000000	103.606	-168.3779
345.000000	103.611	-167.5937
350.000000	103.620	-166.8206
355.000000	103.628	-166.0686
360.000000	103.640	-165.3181
365.000000	103.649	-164.5956
370.000000	103.660	-163.8903
375.000000	103.672	-163.1935
382.000000	103.691	-162.2444
387.000000	103.704	-161.5753
395.000000	103.727	-160.5235
400.000000	103.741	-159.8927
406.000000	103.760	-159.1488
412.000000	103.778	-158.4130
418.000000	103.796	-157.6861
425.000000	103.818	-156.8524
431.000000	103.834	-156.1700
437.000000	103.851	-155.4744
444.000000	103.874	-154.7118
450.000000	103.890	-154.0359
455.000000	103.904	-153.4985
462.000000	103.924	-152.7414
468.000000	103.941	-152.1122
475.000000	103.961	-151.3737
482.000000	103.982	-150.6583
487.000000	103.993	-150.1383
494.000000	104.010	-149.4412
500.000000	104.028	-148.8335
508.000000	104.048	-148.0352
515.000000	104.064	-147.3520
522.000000	104.081	-146.6617
530.000000	104.101	-145.8957
538.000000	104.118	-145.1360
545.000000	104.132	-144.4604
552.000000	104.150	-143.7967
560.000000	104.167	-143.0412
570.000000	104.186	-142.1029
580.000000	104.207	-141.1812
590.000000	104.228	-140.2389
600.000000	104.252	-139.3190
608.000000	104.262	-138.5774
615.000000	104.276	-137.9308
622.000000	104.289	-137.3002
630.000000	104.304	-136.5619
640.000000	104.323	-135.6351
650.000000	104.342	-134.7084
660.000000	104.359	-133.8048
670.000000	104.377	-132.8579
680.000000	104.397	-131.9332
690.000000	104.416	-130.9976
700.000000	104.435	-130.0703
710.000000	104.455	-129.1386
720.000000	104.473	-128.1985
730.000000	104.497	-127.2514
740.000000	104.519	-126.3108
750.000000	104.543	-125.3665
762.000000	104.570	-124.2213
775.000000	104.604	-122.9840
788.000000	104.640	-121.7453
800.000000	104.673	-120.5921
812.000000	104.710	-119.4275
825.000000	104.752	-118.1724
838.000000	104.799	-116.9163
850.000000	104.844	-115.7503
862.000000	104.891	-114.5884
875.000000	104.947	-113.3442
885.000000	104.991	-112.3701
900.000000	105.061	-110.9348
912.000000	105.125	-109.7997
925.000000	105.194	-108.5625
938.000000	105.268	-107.3421
950.000000	105.341	-106.2449
962.000000	105.416	-105.1609
975.000000	105.501	-104.0013
988.000000	105.587	-102.8578
1000.000000	105.674	-101.8367
1015.000000	105.782	-100.5876
1030.000000	105.893	-99.3836
1044.000000	106.000	-98.2997
1060.000000	106.125	-97.1032
1075.000000	106.244	-96.0295
1090.000000	106.361	-94.9991
1106.000000	106.487	-93.9558
1120.000000	106.596	-93.0851
1138.000000	106.734	-92.0161
1150.000000	106.823	-91.3420
1172.000000	106.984	-90.1468
1180.000000	107.041	-89.7333
1206.000000	107.213	-88.4523
1220.000000	107.304	-87.7792
1241.000000	107.431	-86.8084
1250.000000	107.483	-86.4116
1265.000000	107.565	-85.7381
1280.000000	107.645	-85.0849
1315.000000	107.815	-83.5585
1320.000000	107.840	-83.3514
1340.000000	107.926	-82.4907
1360.000000	108.007	-81.6153
1380.000000	108.083	-80.7322
1400.000000	108.157	-79.8519
1430.000000	108.262	-78.5145
1450.000000	108.328	-77.6029
1475.000000	108.409	-76.4354
1500.000000	108.487	-75.2476
1525.000000	108.562	-74.0701
1550.000000	108.638	-72.8625
1575.000000	108.714	-71.6434
1600.000000	108.789	-70.4249
1625.000000	108.865	-69.1742
1650.000000	108.942	-67.9339
1675.000000	109.020	-66.6798
1700.000000	109.100	-65.4285
1725.000000	109.181	-64.1769
1750.000000	109.264	-62.9281
1775.000000	109.347	-61.6874
1800.000000	109.433	-60.4433
1825.000000	109.520	-59.2308
1850.000000	109.611	-58.0114
1875.000000	109.703	-56.8014
1900.000000	109.796	-55.6107
1925.000000	109.890	-54.4342
1950.000000	109.985	-53.2777
1975.000000	110.082	-52.1492
2000.000000	110.179	-51.0199
2030.000000	110.298	-49.7221
2060.000000	110.417	-48.4436
2090.000000	110.537	-47.1975
2120.000000	110.657	-45.9933
2140.000000	110.737	-45.2192
2180.000000	110.897	-43.7057
2200.000000	110.975	-42.9761
2240.000000	111.131	-41.5711
2270.000000	111.245	-40.5658
2300.000000	111.357	-39.6033
2330.000000	111.466	-38.6712
2360.000000	111.571	-37.7940
2400.000000	111.708	-36.6669
2430.000000	111.803	-35.8792
2470.000000	111.923	-34.8566
2500.000000	112.006	-34.1379
2540.000000	112.109	-33.2191
2580.000000	112.199	-32.3381
2620.000000	112.281	-31.4916
2650.000000	112.335	-30.8682
2690.000000	112.397	-30.0626
2720.000000	112.436	-29.4682
2760.000000	112.479	-28.7014
2800.000000	112.514	-27.9441
2850.000000	112.542	-27.0119
2900.000000	112.554	-26.0772
2950.000000	112.553	-25.1280
3000.000000	112.540	-24.1664
3040.000000	112.522	-23.4083
3070.000000	112.507	-22.8369
3110.000000	112.478	-22.0941
3150.000000	112.444	-21.3710
3200.000000	112.393	-20.4980
3250.000000	112.325	-19.7126
3300.000000	112.235	-19.0076
3350.000000	112.113	-18.3724
3400.000000	111.945	-17.7686
3450.000000	111.718	-17.0981
3500.000000	111.431	-16.1648
3550.000000	111.096	-14.7728
3600.000000	110.752	-12.8019
3650.000000	110.432	-10.3034
3700.000000	110.168	-7.4272
3750.000000	109.961	-4.3631
3820.000000	109.762	-0.0492
3870.000000	109.665	2.9435
3950.000000	109.564	7.5461
4000.000000	109.523	10.3133
4060.000000	109.490	13.5332
4120.000000	109.476	16.6662
4180.000000	109.479	19.7280
4250.000000	109.508	23.1562
4310.000000	109.556	25.9471
4370.000000	109.616	28.5578
4440.000000	109.703	31.4065
4500.000000	109.789	33.6189
4550.000000	109.862	35.2885
4620.000000	109.966	37.3753
4680.000000	110.045	38.9231
4750.000000	110.121	40.4576
4820.000000	110.176	41.7598
4870.000000	110.203	42.5519
4940.000000	110.221	43.4920
5000.000000	110.218	44.1430
5080.000000	110.188	44.7859
5150.000000	110.133	45.1318
5220.000000	110.054	45.2996
5300.000000	109.924	45.3002
5380.000000	109.761	45.1250
5450.000000	109.597	44.8368
5520.000000	109.413	44.4153
5600.000000	109.199	43.7342
5700.000000	108.931	42.4463
5800.000000	108.671	40.4999
5900.000000	108.435	37.6489
6000.000000	108.234	33.6137
6080.000000	108.105	29.2952
6150.000000	108.009	24.5835
6220.000000	107.942	18.8882
6300.000000	107.879	11.0196
6400.000000	107.785	-0.8907
6500.000000	107.586	-14.5802
6600.000000	107.234	-28.8160
6700.000000	106.751	-42.1999
6800.000000	106.225	-53.7233
6900.000000	105.744	-62.9487
7000.000000	105.371	-69.9246
7100.000000	105.132	-74.8526
7200.000000	105.029	-78.1997
7300.000000	105.041	-80.3714
7400.000000	105.133	-81.7667
7500.000000	105.269	-82.6426
7620.000000	105.452	-83.2036
7750.000000	105.702	-83.4056
7880.000000	105.843	-84.0780
8000.000000	105.851	-84.1186
8120.000000	105.839	-83.6745
8250.000000	105.774	-82.9017
8380.000000	105.631	-82.1082
8500.000000	105.390	-81.0856
8620.000000	105.062	-79.1639
8750.000000	104.840	-76.1978
8850.000000	104.729	-74.9438
9000.000000	104.068	-74.6094
9120.000000	103.264	-70.3092
9250.000000	102.739	-64.4045
9380.000000	102.354	-58.7745
9500.000000	102.016	-53.7847
9620.000000	101.662	-48.5731
9750.000000	101.272	-42.4609
9880.000000	100.933	-35.6631
10000.000000	100.713	-29.0047
10150.000000	100.577	-20.4808
10300.000000	100.593	-12.0708
10440.000000	100.719	-4.6854
10600.000000	100.957	3.2444
10750.000000	101.246	9.9770
10900.000000	101.595	16.2429
11060.000000	102.064	22.2282
11200.000000	102.523	26.4214
11380.000000	103.102	30.1054
11500.000000	103.415	31.5276
11720.000000	103.699	32.7625
11800.000000	103.688	32.9938
12060.000000	103.304	34.9058
12200.000000	102.991	37.2058
12410.000000	102.611	42.0441
12500.000000	102.512	44.3333
12650.000000	102.390	48.4142
12800.000000	102.456	52.5646
13150.000000	102.842	58.9863
13200.000000	102.892	59.7158
13400.000000	103.153	62.4465
13600.000000	103.502	64.7352
13800.000000	103.969	66.3557
14000.000000	104.567	67.1732
14300.000000	105.803	66.5644
14500.000000	106.925	63.7320
14750.000000	108.616	55.7072
15000.000000	110.307	39.9855
15250.000000	111.110	15.9349
15500.000000	110.262	-9.4502
15750.000000	108.532	-29.1182
16000.000000	106.824	-43.9943
16250.000000	105.468	-57.3126
16500.000000	104.437	-71.3896
16750.000000	103.642	-87.9190
17000.000000	102.882	-108.0910
17250.000000	101.914	-132.2254
17500.000000	100.482	-159.4323
17750.000000	98.515	171.5648
18000.000000	96.007	141.2149
18250.000000	92.877	108.9786
18500.000000	88.934	73.3968
18750.000000	83.665	33.8506
19000.000000	76.600	-9.7354
19250.000000	67.298	-50.3558
19500.000000	58.853	-100.0747
19750.000000	38.958	-109.5374
