* Measurement data measured by REW V5.31.3
* Source: USB-C to 3.5mm Headphone Jack Adapter, , 0, volume: 0.343
* Format: 256k Log Swept Sine, 1 sweep at -12.0 dBFS with no timing reference
* Dated: Dec 8, 2025 5:24:15 PM
* REW Settings:
*  C-weighting compensation: Off
*  Target level: 75.0 dB
* Note: ; 
* Measurement: L
* Smoothing: None
* Frequency Step: 1/48 octave
* Start Frequency: 20.000 Hz
*
* Freq(Hz)	SPL(dB)	Phase(degrees)
20.000000	113.590	-164.9381
20.299999	113.601	-165.4240
20.600000	113.611	-165.9036
20.900000	113.621	-166.3766
21.200001	113.629	-166.8416
21.400000	113.635	-167.1465
21.799999	113.644	-167.7434
22.000000	113.649	-168.0354
22.400000	113.658	-168.6089
22.700001	113.665	-169.0320
23.000000	113.671	-169.4509
23.299999	113.676	-169.8661
23.600000	113.680	-170.2765
24.000000	113.684	-170.8126
24.299999	113.686	-171.2032
24.700001	113.687	-171.7066
25.000000	113.688	-172.0727
25.400000	113.689	-172.5508
25.799999	113.691	-173.0242
26.200001	113.692	-173.4969
26.500000	113.692	-173.8505
26.900000	113.691	-174.3176
27.200001	113.689	-174.6627
27.600000	113.685	-175.1141
28.000000	113.681	-175.5554
28.500000	113.676	-176.0940
29.000000	113.671	-176.6224
29.500000	113.667	-177.1458
30.000000	113.661	-177.6658
30.400000	113.656	-178.0762
30.700001	113.652	-178.3781
31.100000	113.646	-178.7717
31.500000	113.640	-179.1574
32.000000	113.633	-179.6351
32.500000	113.625	179.8884
33.000000	113.616	179.4187
33.500000	113.605	178.9631
34.000000	113.593	178.5233
34.500000	113.581	178.0948
35.000000	113.569	177.6737
35.500000	113.557	177.2575
36.000000	113.544	176.8443
36.500000	113.530	176.4332
37.000000	113.516	176.0263
37.500000	113.500	175.6272
38.200001	113.478	175.0819
38.700001	113.462	174.6979
39.500000	113.436	174.0897
40.000000	113.420	173.7161
40.599998	113.399	173.2751
41.200001	113.378	172.8409
41.799999	113.356	172.4173
42.500000	113.330	171.9424
43.099998	113.309	171.5419
43.700001	113.289	171.1320
44.400002	113.262	170.6489
45.000000	113.235	170.2544
45.500000	113.213	169.9433
46.200001	113.184	169.5153
46.799999	113.159	169.1453
47.500000	113.128	168.7231
48.200001	113.097	168.3175
48.700001	113.075	168.0322
49.400002	113.045	167.6356
50.000000	113.019	167.2953
50.799999	112.981	166.8380
51.500000	112.945	166.4637
52.200001	112.912	166.1280
53.000000	112.880	165.7204
53.799999	112.844	165.2618
54.500000	112.804	164.8870
55.200001	112.766	164.5479
56.000000	112.725	164.1624
57.000000	112.673	163.6813
58.000000	112.618	163.2082
59.000000	112.568	162.7912
60.000000	112.527	162.2925
60.799999	112.477	161.8632
61.500000	112.429	161.5947
62.200001	112.395	161.3517
63.000000	112.357	161.0013
64.000000	112.298	160.5974
65.000000	112.245	160.2347
66.000000	112.190	159.8463
67.000000	112.135	159.4851
68.000000	112.078	159.1154
69.000000	112.021	158.7694
70.000000	111.964	158.4093
71.000000	111.904	158.0707
72.000000	111.847	157.7529
73.000000	111.790	157.4209
74.000000	111.730	157.1064
75.000000	111.671	156.8058
76.199997	111.600	156.4586
77.500000	111.523	156.0769
78.800003	111.443	155.7230
80.000000	111.370	155.4074
81.199997	111.298	155.1051
82.500000	111.220	154.7831
83.800003	111.142	154.4778
85.000000	111.068	154.2026
86.199997	110.994	153.9482
87.500000	110.916	153.6789
88.500000	110.854	153.4629
90.000000	110.760	153.1805
91.199997	110.687	152.9555
92.500000	110.607	152.7238
93.800003	110.526	152.5021
95.000000	110.452	152.3218
96.199997	110.379	152.1324
97.500000	110.297	151.9466
98.800003	110.216	151.7588
100.000000	110.141	151.6153
101.500000	110.052	151.4092
103.000000	109.956	151.2515
104.400002	109.872	151.1025
106.000000	109.774	150.9603
107.500000	109.680	150.8170
109.000000	109.587	150.7195
110.599998	109.490	150.6028
112.000000	109.404	150.5183
113.800003	109.295	150.4350
115.000000	109.222	150.3752
117.199997	109.087	150.3065
118.000000	109.040	150.2868
120.599998	108.879	150.2292
122.000000	108.800	150.2124
124.099998	108.677	150.2108
125.000000	108.624	150.2178
126.500000	108.537	150.2389
128.000000	108.448	150.2678
131.500000	108.247	150.3711
132.000000	108.219	150.3853
134.000000	108.104	150.4768
136.000000	107.990	150.5754
138.000000	107.879	150.6959
140.000000	107.767	150.8300
143.000000	107.603	151.0583
145.000000	107.493	151.2325
147.500000	107.357	151.4600
150.000000	107.225	151.7320
152.500000	107.095	152.0062
155.000000	106.965	152.3237
157.500000	106.837	152.6597
160.000000	106.708	153.0163
162.500000	106.592	153.4174
165.000000	106.476	153.8377
167.500000	106.361	154.2830
170.000000	106.251	154.7564
172.500000	106.146	155.2227
175.000000	106.050	155.7117
177.500000	105.958	156.1588
180.000000	105.874	156.5600
182.500000	105.783	157.0396
185.000000	105.692	157.4738
187.500000	105.598	157.9001
190.000000	105.507	158.3425
192.500000	105.414	158.8293
195.000000	105.325	159.3114
197.500000	105.237	159.8287
200.000000	105.152	160.3494
203.000000	105.052	160.9972
206.000000	104.957	161.6481
209.000000	104.868	162.3328
212.000000	104.779	163.0218
214.000000	104.724	163.4802
218.000000	104.617	164.4073
220.000000	104.564	164.8849
224.000000	104.469	165.8425
227.000000	104.402	166.5572
230.000000	104.336	167.2696
233.000000	104.276	167.9796
236.000000	104.220	168.7020
240.000000	104.163	169.7207
243.000000	104.103	170.4097
247.000000	104.036	171.3456
250.000000	103.995	172.0604
254.000000	103.944	172.9907
258.000000	103.894	173.9203
262.000000	103.849	174.8289
265.000000	103.817	175.5268
269.000000	103.783	176.4256
272.000000	103.757	177.1006
276.000000	103.726	177.9934
280.000000	103.700	178.8709
285.000000	103.669	179.9597
290.000000	103.643	-178.9529
295.000000	103.627	-177.8666
300.000000	103.613	-176.7898
304.000000	103.617	-175.9802
307.000000	103.620	-175.3887
311.000000	103.625	-174.6507
315.000000	103.632	-173.9428
320.000000	103.634	-173.0745
325.000000	103.635	-172.2312
330.000000	103.637	-171.3862
335.000000	103.643	-170.5788
340.000000	103.651	-169.7652
345.000000	103.658	-168.9648
350.000000	103.667	-168.1909
355.000000	103.678	-167.4462
360.000000	103.690	-166.6863
365.000000	103.700	-165.9933
370.000000	103.710	-165.2849
375.000000	103.721	-164.5934
382.000000	103.738	-163.6398
387.000000	103.749	-162.9719
395.000000	103.768	-161.9124
400.000000	103.782	-161.2622
406.000000	103.798	-160.5042
412.000000	103.815	-159.7639
418.000000	103.832	-159.0335
425.000000	103.852	-158.1905
431.000000	103.870	-157.4814
437.000000	103.887	-156.7923
444.000000	103.906	-155.9883
450.000000	103.923	-155.3282
455.000000	103.937	-154.7805
462.000000	103.958	-154.0150
468.000000	103.974	-153.3706
475.000000	103.995	-152.6344
482.000000	104.014	-151.9043
487.000000	104.027	-151.3795
494.000000	104.047	-150.6762
500.000000	104.061	-150.0724
508.000000	104.081	-149.2673
515.000000	104.099	-148.5724
522.000000	104.115	-147.8839
530.000000	104.134	-147.1162
538.000000	104.152	-146.3458
545.000000	104.170	-145.6667
552.000000	104.183	-145.0131
560.000000	104.199	-144.2634
570.000000	104.219	-143.3152
580.000000	104.240	-142.3942
590.000000	104.260	-141.4548
600.000000	104.276	-140.5260
608.000000	104.295	-139.7965
615.000000	104.310	-139.1555
622.000000	104.321	-138.5074
630.000000	104.335	-137.7578
640.000000	104.354	-136.8510
650.000000	104.371	-135.9425
660.000000	104.387	-135.0145
670.000000	104.409	-134.0909
680.000000	104.427	-133.1612
690.000000	104.445	-132.2412
700.000000	104.466	-131.3208
710.000000	104.486	-130.4056
720.000000	104.503	-129.4784
730.000000	104.525	-128.5266
740.000000	104.547	-127.5928
750.000000	104.567	-126.6580
762.000000	104.595	-125.5226
775.000000	104.628	-124.2823
788.000000	104.661	-123.0505
800.000000	104.696	-121.8932
812.000000	104.731	-120.7552
825.000000	104.771	-119.5087
838.000000	104.817	-118.2583
850.000000	104.859	-117.0887
862.000000	104.906	-115.9352
875.000000	104.961	-114.6969
885.000000	105.004	-113.7338
900.000000	105.074	-112.3262
912.000000	105.135	-111.1759
925.000000	105.202	-109.9524
938.000000	105.275	-108.7417
950.000000	105.345	-107.6529
962.000000	105.418	-106.5590
975.000000	105.501	-105.4069
988.000000	105.589	-104.2801
1000.000000	105.671	-103.2528
1015.000000	105.778	-102.0123
1030.000000	105.887	-100.8173
1044.000000	105.994	-99.7251
1060.000000	106.117	-98.5430
1075.000000	106.232	-97.4758
1090.000000	106.348	-96.4513
1106.000000	106.472	-95.4193
1120.000000	106.578	-94.5481
1138.000000	106.713	-93.4844
1150.000000	106.801	-92.8007
1172.000000	106.960	-91.6141
1180.000000	107.014	-91.2021
1206.000000	107.185	-89.9160
1220.000000	107.272	-89.2567
1241.000000	107.397	-88.2914
1250.000000	107.448	-87.8859
1265.000000	107.529	-87.2175
1280.000000	107.608	-86.5632
1315.000000	107.773	-85.0518
1320.000000	107.796	-84.8428
1340.000000	107.880	-83.9714
1360.000000	107.960	-83.1170
1380.000000	108.032	-82.2359
1400.000000	108.105	-81.3600
1430.000000	108.206	-80.0079
1450.000000	108.270	-79.1067
1475.000000	108.347	-77.9470
1500.000000	108.423	-76.7663
1525.000000	108.493	-75.5762
1550.000000	108.566	-74.3704
1575.000000	108.638	-73.1420
1600.000000	108.709	-71.9025
1625.000000	108.783	-70.6636
1650.000000	108.858	-69.4067
1675.000000	108.931	-68.1515
1700.000000	109.008	-66.8895
1725.000000	109.086	-65.6363
1750.000000	109.166	-64.3717
1775.000000	109.248	-63.1166
1800.000000	109.331	-61.8674
1825.000000	109.415	-60.6232
1850.000000	109.501	-59.3946
1875.000000	109.590	-58.1775
1900.000000	109.680	-56.9649
1925.000000	109.772	-55.7658
1950.000000	109.865	-54.5935
1975.000000	109.960	-53.4446
2000.000000	110.056	-52.3038
2030.000000	110.173	-50.9549
2060.000000	110.291	-49.6558
2090.000000	110.410	-48.3888
2120.000000	110.529	-47.1499
2140.000000	110.610	-46.3393
2180.000000	110.768	-44.7833
2200.000000	110.847	-44.0261
2240.000000	111.006	-42.5699
2270.000000	111.123	-41.5359
2300.000000	111.236	-40.5328
2330.000000	111.350	-39.5706
2360.000000	111.459	-38.6431
2400.000000	111.600	-37.4795
2430.000000	111.701	-36.6490
2470.000000	111.828	-35.6027
2500.000000	111.919	-34.8635
2540.000000	112.030	-33.9153
2580.000000	112.132	-33.0273
2620.000000	112.221	-32.1635
2650.000000	112.281	-31.5460
2690.000000	112.352	-30.7428
2720.000000	112.397	-30.1544
2760.000000	112.450	-29.3930
2800.000000	112.489	-28.6481
2850.000000	112.524	-27.7190
2900.000000	112.542	-26.7902
2950.000000	112.545	-25.8587
3000.000000	112.537	-24.9070
3040.000000	112.523	-24.1336
3070.000000	112.508	-23.5491
3110.000000	112.483	-22.7674
3150.000000	112.455	-22.0016
3200.000000	112.412	-21.0930
3250.000000	112.354	-20.2515
3300.000000	112.275	-19.5216
3350.000000	112.162	-18.8694
3400.000000	111.995	-18.2287
3450.000000	111.765	-17.4511
3500.000000	111.482	-16.3081
3550.000000	111.169	-14.6367
3600.000000	110.870	-12.4018
3650.000000	110.620	-9.7511
3700.000000	110.427	-6.8983
3750.000000	110.288	-3.9989
3820.000000	110.156	-0.0675
3870.000000	110.091	2.6347
3950.000000	110.020	6.8029
4000.000000	109.987	9.3194
4060.000000	109.960	12.3122
4120.000000	109.951	15.2645
4180.000000	109.962	18.1877
4250.000000	110.009	21.4681
4310.000000	110.072	24.1186
4370.000000	110.152	26.5479
4440.000000	110.253	29.1535
4500.000000	110.339	31.1701
4550.000000	110.413	32.7169
4620.000000	110.517	34.6696
4680.000000	110.601	36.1584
4750.000000	110.693	37.6163
4820.000000	110.768	38.8178
4870.000000	110.809	39.5215
4940.000000	110.844	40.2969
5000.000000	110.850	40.8127
5080.000000	110.823	41.2996
5150.000000	110.764	41.5845
5220.000000	110.678	41.7782
5300.000000	110.548	41.8945
5380.000000	110.390	41.9154
5450.000000	110.234	41.8994
5520.000000	110.067	41.8107
5600.000000	109.876	41.6387
5700.000000	109.650	41.1734
5800.000000	109.455	40.2844
5900.000000	109.304	38.7964
6000.000000	109.206	36.4343
6080.000000	109.170	33.7309
6150.000000	109.172	30.6469
6220.000000	109.196	26.7565
6300.000000	109.239	21.2434
6400.000000	109.291	12.6050
6500.000000	109.281	2.0780
6600.000000	109.128	-9.9168
6700.000000	108.779	-22.3894
6800.000000	108.254	-34.2180
6900.000000	107.641	-44.5588
7000.000000	107.043	-53.0174
7100.000000	106.538	-59.6185
7200.000000	106.177	-64.6259
7300.000000	105.952	-68.4006
7400.000000	105.835	-71.2271
7500.000000	105.794	-73.3845
7620.000000	105.888	-74.3683
7750.000000	106.051	-76.8549
7880.000000	106.082	-78.5745
8000.000000	106.017	-79.7142
8120.000000	105.887	-80.1220
8250.000000	105.690	-79.7939
8380.000000	105.479	-78.8700
8500.000000	105.257	-77.6472
8620.000000	105.017	-75.7227
8750.000000	104.965	-73.6326
8850.000000	104.715	-74.0707
9000.000000	103.861	-72.4034
9120.000000	103.289	-67.6568
9250.000000	102.939	-62.8275
9380.000000	102.596	-58.6662
9500.000000	102.195	-54.8419
9620.000000	101.726	-50.3537
9750.000000	101.222	-44.4847
9880.000000	100.814	-37.7275
10000.000000	100.551	-31.1425
10150.000000	100.371	-22.7341
10300.000000	100.347	-14.4554
10440.000000	100.428	-7.1492
10600.000000	100.600	0.6579
10750.000000	100.824	7.6098
10900.000000	101.119	14.2023
11060.000000	101.586	20.6843
11200.000000	102.081	24.9882
11380.000000	102.653	28.7023
11500.000000	102.948	30.2744
11720.000000	103.222	31.8705
11800.000000	103.220	32.3300
12060.000000	102.886	35.0137
12200.000000	102.636	37.7016
12410.000000	102.394	42.6676
12500.000000	102.333	44.8250
12650.000000	102.201	48.8482
12800.000000	102.311	53.8117
13150.000000	103.074	59.7808
13200.000000	103.171	60.2223
13400.000000	103.501	61.7508
13600.000000	103.827	62.9439
13800.000000	104.209	63.7113
14000.000000	104.663	64.0664
14300.000000	105.636	63.4428
14500.000000	106.564	61.4599
14750.000000	108.053	55.6712
15000.000000	109.815	43.8793
15250.000000	111.321	22.9965
15500.000000	111.345	-4.9363
15750.000000	109.761	-29.3170
16000.000000	107.886	-47.1793
16250.000000	106.196	-62.1190
16500.000000	104.861	-76.1560
16750.000000	103.871	-91.5322
17000.000000	103.088	-110.0302
17250.000000	102.264	-132.6221
17500.000000	101.105	-159.3469
17750.000000	99.339	171.0757
18000.000000	96.828	139.6799
18250.000000	93.494	107.2169
18500.000000	89.170	73.6556
18750.000000	83.872	39.9814
19000.000000	77.481	1.6609
19250.000000	69.311	-44.4087
19500.000000	60.168	-94.4844
19750.000000	47.676	-171.4649
