* Measurement data measured by REW V5.31.3
* Source: USB-C to 3.5mm Headphone Jack Adapter, , 0, volume: 0.343
* Format: 256k Log Swept Sine, 1 sweep at -12.0 dBFS with no timing reference
* Dated: Dec 8, 2025 5:35:53 PM
* REW Settings:
*  C-weighting compensation: Off
*  Target level: 75.0 dB
* Note: ; 
* Measurement: L
* Smoothing: None
* Frequency Step: 1/48 octave
* Start Frequency: 20.000 Hz
*
* Freq(Hz)	SPL(dB)	Phase(degrees)
20.000000	104.888	-149.6062
20.299999	104.914	-150.3062
20.600000	104.927	-151.0114
20.900000	104.923	-151.6560
21.200001	104.910	-152.1671
21.400000	104.902	-152.4067
21.799999	104.911	-152.6841
22.000000	104.935	-152.7774
22.400000	105.028	-153.0499
22.700001	105.121	-153.4814
23.000000	105.211	-154.1551
23.299999	105.277	-155.0215
23.600000	105.307	-155.9630
24.000000	105.291	-157.0893
24.299999	105.257	-157.7170
24.700001	105.217	-158.2485
25.000000	105.207	-158.5222
25.400000	105.219	-158.9024
25.799999	105.240	-159.4084
26.200001	105.246	-159.9811
26.500000	105.240	-160.3691
26.900000	105.230	-160.7698
27.200001	105.233	-161.0052
27.600000	105.255	-161.3431
28.000000	105.288	-161.8071
28.500000	105.315	-162.5651
29.000000	105.311	-163.3292
29.500000	105.293	-163.9433
30.000000	105.287	-164.4481
30.400000	105.293	-164.8638
30.700001	105.299	-165.2068
31.100000	105.302	-165.6894
31.500000	105.298	-166.1561
32.000000	105.291	-166.6730
32.500000	105.290	-167.1342
33.000000	105.295	-167.5940
33.500000	105.301	-168.0741
34.000000	105.304	-168.5571
34.500000	105.304	-169.0245
35.000000	105.304	-169.4750
35.500000	105.303	-169.9145
36.000000	105.302	-170.3488
36.500000	105.301	-170.7840
37.000000	105.299	-171.2251
37.500000	105.295	-171.6680
38.200001	105.286	-172.2715
38.700001	105.278	-172.6839
39.500000	105.267	-173.3090
40.000000	105.262	-173.6735
40.599998	105.260	-174.1024
41.200001	105.261	-174.5603
41.799999	105.255	-175.0330
42.500000	105.239	-175.5088
43.099998	105.231	-175.8469
43.700001	105.230	-176.2097
44.400002	105.223	-176.6899
45.000000	105.208	-177.0835
45.500000	105.195	-177.3931
46.200001	105.176	-177.8316
46.799999	105.154	-178.1783
47.500000	105.138	-178.5244
48.200001	105.136	-178.9326
48.700001	105.132	-179.2963
49.400002	105.114	-179.8021
50.000000	105.097	179.8167
50.799999	105.080	179.3153
51.500000	105.059	178.8784
52.200001	105.033	178.5120
53.000000	105.010	178.2118
53.799999	105.011	177.9006
54.500000	105.009	177.4498
55.200001	104.972	177.0051
56.000000	104.930	176.8196
57.000000	104.947	176.4643
58.000000	104.920	175.7487
59.000000	104.881	175.3441
60.000000	104.860	174.8452
60.799999	104.831	174.5276
61.500000	104.823	174.2968
62.200001	104.817	173.9619
63.000000	104.792	173.5856
64.000000	104.764	173.2306
65.000000	104.742	172.8304
66.000000	104.712	172.4014
67.000000	104.674	172.0003
68.000000	104.642	171.6600
69.000000	104.614	171.2761
70.000000	104.580	170.9376
71.000000	104.559	170.6347
72.000000	104.538	170.2332
73.000000	104.497	169.8742
74.000000	104.466	169.6440
75.000000	104.446	169.3132
76.199997	104.402	168.9120
77.500000	104.366	168.5630
78.800003	104.331	168.1224
80.000000	104.288	167.7919
81.199997	104.264	167.4738
82.500000	104.220	167.0177
83.800003	104.174	166.7108
85.000000	104.137	166.3386
86.199997	104.087	166.0263
87.500000	104.045	165.7194
88.500000	104.013	165.4589
90.000000	103.965	165.1008
91.199997	103.925	164.8035
92.500000	103.880	164.5308
93.800003	103.838	164.2429
95.000000	103.798	164.0112
96.199997	103.761	163.7089
97.500000	103.709	163.4673
98.800003	103.676	163.2103
100.000000	103.636	162.9442
101.500000	103.587	162.6443
103.000000	103.538	162.3827
104.400002	103.491	162.1065
106.000000	103.436	161.8553
107.500000	103.391	161.5862
109.000000	103.340	161.3303
110.599998	103.287	161.0913
112.000000	103.246	160.8548
113.800003	103.185	160.6006
115.000000	103.150	160.4060
117.199997	103.077	160.1248
118.000000	103.049	160.0015
120.599998	102.983	159.7263
122.000000	102.919	159.4934
124.099998	102.851	159.2347
125.000000	102.820	159.1334
126.500000	102.774	158.9427
128.000000	102.725	158.7860
131.500000	102.619	158.4294
132.000000	102.602	158.3772
134.000000	102.538	158.1860
136.000000	102.472	158.0032
138.000000	102.412	157.8571
140.000000	102.348	157.6625
143.000000	102.254	157.4158
145.000000	102.197	157.2736
147.500000	102.121	157.1053
150.000000	102.045	156.9540
152.500000	101.970	156.7852
155.000000	101.898	156.6774
157.500000	101.815	156.5269
160.000000	101.743	156.3804
162.500000	101.674	156.2536
165.000000	101.601	156.1178
167.500000	101.533	156.0831
170.000000	101.458	155.9924
172.500000	101.391	155.9134
175.000000	101.325	155.8388
177.500000	101.257	155.7764
180.000000	101.184	155.7313
182.500000	101.117	155.6732
185.000000	101.044	155.6731
187.500000	100.984	155.6025
190.000000	100.913	155.5648
192.500000	100.840	155.4991
195.000000	100.780	155.5135
197.500000	100.714	155.5330
200.000000	100.648	155.5395
203.000000	100.563	155.5524
206.000000	100.481	155.5992
209.000000	100.406	155.6677
212.000000	100.320	155.7388
214.000000	100.263	155.7979
218.000000	100.165	156.0485
220.000000	100.117	156.2238
224.000000	100.039	156.5374
227.000000	100.009	156.7355
230.000000	99.975	156.8108
233.000000	99.935	156.8213
236.000000	99.890	156.7856
240.000000	99.815	156.9641
243.000000	99.751	156.8544
247.000000	99.670	156.8482
250.000000	99.610	156.9139
254.000000	99.527	157.0287
258.000000	99.450	157.1179
262.000000	99.372	157.2683
265.000000	99.318	157.3775
269.000000	99.238	157.5106
272.000000	99.183	157.6199
276.000000	99.111	157.7839
280.000000	99.041	157.9478
285.000000	98.950	158.1552
290.000000	98.865	158.3991
295.000000	98.780	158.6475
300.000000	98.700	158.9016
304.000000	98.634	159.0932
307.000000	98.586	159.2354
311.000000	98.523	159.4576
315.000000	98.458	159.6576
320.000000	98.390	159.9207
325.000000	98.313	160.2035
330.000000	98.237	160.4886
335.000000	98.168	160.8026
340.000000	98.092	161.0645
345.000000	98.024	161.3618
350.000000	97.957	161.6814
355.000000	97.890	161.9894
360.000000	97.829	162.3151
365.000000	97.764	162.6374
370.000000	97.697	162.9560
375.000000	97.639	163.2928
382.000000	97.552	163.7558
387.000000	97.495	164.0693
395.000000	97.408	164.6525
400.000000	97.348	164.9964
406.000000	97.293	165.4726
412.000000	97.233	165.8633
418.000000	97.182	166.2578
425.000000	97.117	166.7605
431.000000	97.064	167.1541
437.000000	97.010	167.5470
444.000000	96.946	168.0335
450.000000	96.895	168.4104
455.000000	96.850	168.7437
462.000000	96.794	169.2318
468.000000	96.742	169.6367
475.000000	96.686	170.0907
482.000000	96.628	170.5774
487.000000	96.590	170.9257
494.000000	96.537	171.4109
500.000000	96.489	171.8200
508.000000	96.433	172.3585
515.000000	96.380	172.8641
522.000000	96.331	173.3457
530.000000	96.274	173.9006
538.000000	96.215	174.5072
545.000000	96.170	174.9899
552.000000	96.127	175.5175
560.000000	96.074	176.0753
570.000000	96.011	176.7637
580.000000	95.949	177.5483
590.000000	95.886	178.2781
600.000000	95.816	179.0469
608.000000	95.778	179.5859
615.000000	95.738	-179.8935
622.000000	95.692	-179.3807
630.000000	95.642	-178.7198
640.000000	95.581	-177.9051
650.000000	95.523	-177.0569
660.000000	95.466	-176.1984
670.000000	95.409	-175.2719
680.000000	95.363	-174.2923
690.000000	95.323	-173.2952
700.000000	95.292	-172.3209
710.000000	95.265	-171.2842
720.000000	95.243	-170.2516
730.000000	95.235	-169.2989
740.000000	95.225	-168.3325
750.000000	95.223	-167.3435
762.000000	95.228	-166.2489
775.000000	95.242	-165.0009
788.000000	95.249	-163.7738
800.000000	95.262	-162.6702
812.000000	95.288	-161.5699
825.000000	95.316	-160.4020
838.000000	95.348	-159.2164
850.000000	95.385	-158.1342
862.000000	95.429	-157.0743
875.000000	95.476	-155.9526
885.000000	95.520	-155.0853
900.000000	95.586	-153.7570
912.000000	95.653	-152.8190
925.000000	95.728	-151.7531
938.000000	95.807	-150.7634
950.000000	95.878	-149.8151
962.000000	95.967	-148.8452
975.000000	96.057	-147.9726
988.000000	96.154	-147.0478
1000.000000	96.249	-146.2068
1015.000000	96.365	-145.2764
1030.000000	96.488	-144.3859
1044.000000	96.609	-143.5299
1060.000000	96.751	-142.7283
1075.000000	96.878	-141.9862
1090.000000	97.010	-141.2837
1106.000000	97.157	-140.6174
1120.000000	97.278	-140.0892
1138.000000	97.432	-139.4469
1150.000000	97.535	-139.0933
1172.000000	97.719	-138.4783
1180.000000	97.782	-138.2595
1206.000000	97.984	-137.6561
1220.000000	98.091	-137.3892
1241.000000	98.242	-136.9953
1250.000000	98.309	-136.8226
1265.000000	98.408	-136.5476
1280.000000	98.505	-136.3576
1315.000000	98.719	-135.8757
1320.000000	98.747	-135.8230
1340.000000	98.860	-135.5319
1360.000000	98.968	-135.3041
1380.000000	99.067	-135.0469
1400.000000	99.171	-134.7614
1430.000000	99.315	-134.3986
1450.000000	99.403	-134.1505
1475.000000	99.518	-133.8015
1500.000000	99.626	-133.4724
1525.000000	99.734	-133.0987
1550.000000	99.840	-132.7414
1575.000000	99.946	-132.3604
1600.000000	100.051	-132.0077
1625.000000	100.158	-131.5815
1650.000000	100.263	-131.2129
1675.000000	100.373	-130.8297
1700.000000	100.485	-130.4265
1725.000000	100.599	-130.0617
1750.000000	100.712	-129.6913
1775.000000	100.831	-129.3195
1800.000000	100.949	-128.9539
1825.000000	101.069	-128.6262
1850.000000	101.191	-128.3252
1875.000000	101.316	-128.0171
1900.000000	101.442	-127.7235
1925.000000	101.572	-127.4588
1950.000000	101.700	-127.2117
1975.000000	101.830	-126.9968
2000.000000	101.967	-126.7874
2030.000000	102.123	-126.5869
2060.000000	102.283	-126.4215
2090.000000	102.451	-126.2788
2120.000000	102.610	-126.2010
2140.000000	102.721	-126.1603
2180.000000	102.937	-126.1439
2200.000000	103.045	-126.1442
2240.000000	103.264	-126.2453
2270.000000	103.425	-126.3627
2300.000000	103.583	-126.5500
2330.000000	103.742	-126.7447
2360.000000	103.895	-127.0059
2400.000000	104.095	-127.3844
2430.000000	104.243	-127.7036
2470.000000	104.440	-128.2020
2500.000000	104.588	-128.6261
2540.000000	104.777	-129.2519
2580.000000	104.958	-130.0261
2620.000000	105.125	-130.8609
2650.000000	105.240	-131.5545
2690.000000	105.380	-132.4560
2720.000000	105.477	-133.1774
2760.000000	105.594	-134.1550
2800.000000	105.701	-135.1345
2850.000000	105.814	-136.3756
2900.000000	105.914	-137.6306
2950.000000	105.996	-138.9071
3000.000000	106.064	-140.1499
3040.000000	106.103	-141.1653
3070.000000	106.128	-141.9146
3110.000000	106.152	-142.9156
3150.000000	106.165	-143.8969
3200.000000	106.171	-145.0832
3250.000000	106.163	-146.2293
3300.000000	106.143	-147.3455
3350.000000	106.112	-148.4324
3400.000000	106.073	-149.4631
3450.000000	106.023	-150.4514
3500.000000	105.961	-151.3686
3550.000000	105.894	-152.2748
3600.000000	105.818	-153.0961
3650.000000	105.734	-153.8753
3700.000000	105.645	-154.5948
3750.000000	105.549	-155.2395
3820.000000	105.407	-156.0497
3870.000000	105.305	-156.5522
3950.000000	105.139	-157.2039
4000.000000	105.036	-157.5623
4060.000000	104.914	-157.9194
4120.000000	104.792	-158.2420
4180.000000	104.668	-158.5073
4250.000000	104.513	-158.7635
4310.000000	104.380	-158.8510
4370.000000	104.248	-158.8405
4440.000000	104.100	-158.6892
4500.000000	103.981	-158.4395
4550.000000	103.892	-158.1452
4620.000000	103.790	-157.6278
4680.000000	103.733	-157.0983
4750.000000	103.701	-156.4891
4820.000000	103.706	-155.9819
4870.000000	103.725	-155.7117
4940.000000	103.772	-155.4754
5000.000000	103.821	-155.4053
5080.000000	103.910	-155.4716
5150.000000	104.013	-155.7466
5220.000000	104.132	-156.3474
5300.000000	104.287	-157.5262
5380.000000	104.429	-159.4444
5450.000000	104.498	-161.7948
5520.000000	104.464	-164.7542
5600.000000	104.234	-168.4860
5700.000000	103.634	-172.6100
5800.000000	102.783	-174.9194
5900.000000	101.886	-174.9725
6000.000000	101.101	-173.2719
6080.000000	100.592	-171.0691
6150.000000	100.237	-168.8560
6220.000000	99.965	-166.4896
6300.000000	99.734	-163.7322
6400.000000	99.558	-160.3089
6500.000000	99.486	-156.9518
6600.000000	99.510	-153.7537
6700.000000	99.622	-150.8013
6800.000000	99.818	-148.0701
6900.000000	100.089	-145.6842
7000.000000	100.438	-143.6619
7100.000000	100.854	-141.9689
7200.000000	101.361	-140.7381
7300.000000	101.946	-140.1654
7400.000000	102.612	-140.3525
7500.000000	103.351	-141.5438
7620.000000	104.302	-144.6424
7750.000000	105.326	-150.7531
7880.000000	106.119	-160.1522
8000.000000	106.392	-171.1689
8120.000000	106.061	177.5430
8250.000000	105.158	167.1625
8380.000000	103.975	159.6819
8500.000000	102.815	155.0795
8620.000000	101.686	152.1517
8750.000000	100.527	150.5688
8850.000000	99.713	150.2166
9000.000000	98.658	150.6135
9120.000000	97.944	151.3207
9250.000000	97.279	152.5308
9380.000000	96.694	153.6882
9500.000000	96.243	154.8346
9620.000000	95.855	156.1341
9750.000000	95.512	157.4432
9880.000000	95.262	158.6880
10000.000000	95.083	159.7615
10150.000000	94.957	160.8351
10300.000000	94.920	161.5532
10440.000000	94.934	161.7783
10600.000000	95.126	161.4699
10750.000000	95.343	160.3840
10900.000000	95.604	158.4182
11060.000000	95.936	155.0893
11200.000000	96.195	150.8965
11380.000000	96.420	144.0315
11500.000000	96.467	138.5323
11720.000000	96.188	127.4079
11800.000000	95.981	123.4650
12060.000000	94.944	111.2852
12200.000000	94.265	105.6621
12410.000000	93.197	98.6500
12500.000000	92.780	95.9307
12650.000000	92.054	91.8578
12800.000000	91.433	87.9962
13150.000000	90.207	79.0931
13200.000000	90.074	77.6809
13400.000000	89.516	72.1644
13600.000000	89.088	66.0439
13800.000000	88.728	59.2617
14000.000000	88.428	51.6477
14300.000000	88.116	38.8379
14500.000000	87.975	28.7802
14750.000000	87.888	14.8885
15000.000000	87.934	-1.4910
15250.000000	87.951	-19.3267
15500.000000	87.948	-40.5624
15750.000000	87.959	-65.4055
16000.000000	87.157	-101.4639
16250.000000	84.209	-122.9210
16500.000000	82.659	-142.6150
16750.000000	81.315	-163.2507
17000.000000	79.976	174.9780
17250.000000	78.981	151.5872
17500.000000	78.083	125.9755
17750.000000	77.313	96.7522
18000.000000	76.168	60.7285
18250.000000	73.985	17.3298
18500.000000	70.996	-37.5932
18750.000000	63.712	-81.9729
19000.000000	55.185	-125.7046
19250.000000	46.892	-171.6686
19500.000000	35.756	87.0557
19750.000000	39.161	-141.0752
