* Measurement data measured by REW V5.31.3
* Source: USB-C to 3.5mm Headphone Jack Adapter, no input selected, 0, volume: 0.343
* Format: 256k Log Swept Sine, 1 sweep at -12.0 dBFS with no timing reference
* Dated: May 1, 2026 7:54:02 AM
* REW Settings:
*  C-weighting compensation: Off
*  Target level: 75.0 dB
* Note: ; 
* Measurement: L
* Smoothing: None
* Frequency Step: 1/48 octave
* Start Frequency: 20.000 Hz
*
* Freq(Hz)	SPL(dB)	Phase(degrees)
20.000000	104.851	-142.9201
20.299999	104.899	-143.5611
20.600000	104.946	-144.2502
20.900000	104.988	-144.9793
21.200001	105.021	-145.7258
21.400000	105.039	-146.2185
21.799999	105.063	-147.1584
22.000000	105.073	-147.5956
22.400000	105.091	-148.4010
22.700001	105.107	-148.9562
23.000000	105.127	-149.4890
23.299999	105.150	-150.0176
23.600000	105.176	-150.5557
24.000000	105.209	-151.2940
24.299999	105.230	-151.8540
24.700001	105.251	-152.5838
25.000000	105.263	-153.0997
25.400000	105.277	-153.7307
25.799999	105.294	-154.3032
26.200001	105.317	-154.8488
26.500000	105.339	-155.2651
26.900000	105.369	-155.8515
27.200001	105.390	-156.3155
27.600000	105.410	-156.9433
28.000000	105.423	-157.5472
28.500000	105.435	-158.2346
29.000000	105.451	-158.8743
29.500000	105.472	-159.5279
30.000000	105.487	-160.2126
30.400000	105.493	-160.7493
30.700001	105.494	-161.1240
31.100000	105.496	-161.5796
31.500000	105.503	-162.0076
32.000000	105.518	-162.5589
32.500000	105.533	-163.1571
33.000000	105.541	-163.7696
33.500000	105.541	-164.3495
34.000000	105.541	-164.8875
34.500000	105.543	-165.4054
35.000000	105.546	-165.9164
35.500000	105.548	-166.4148
36.000000	105.551	-166.8997
36.500000	105.556	-167.3872
37.000000	105.559	-167.8882
37.500000	105.559	-168.3878
38.200001	105.555	-169.0418
38.700001	105.554	-169.4818
39.500000	105.554	-170.1999
40.000000	105.550	-170.6472
40.599998	105.541	-171.1373
41.200001	105.538	-171.5891
41.799999	105.538	-172.0587
42.500000	105.532	-172.6301
43.099998	105.523	-173.0880
43.700001	105.518	-173.5335
44.400002	105.509	-174.0916
45.000000	105.492	-174.5426
45.500000	105.480	-174.8598
46.200001	105.479	-175.3155
46.799999	105.477	-175.8157
47.500000	105.451	-176.3958
48.200001	105.423	-176.7918
48.700001	105.419	-177.0364
49.400002	105.424	-177.4991
50.000000	105.415	-177.9608
50.799999	105.391	-178.4972
51.500000	105.372	-178.9065
52.200001	105.353	-179.2855
53.000000	105.339	-179.6832
53.799999	105.330	179.8466
54.500000	105.309	179.4271
55.200001	105.291	179.0907
56.000000	105.284	178.6662
57.000000	105.262	178.0355
58.000000	105.240	177.4841
59.000000	105.211	176.8431
60.000000	105.164	176.4008
60.799999	105.152	176.1120
61.500000	105.143	175.7723
62.200001	105.128	175.4382
63.000000	105.112	175.0619
64.000000	105.080	174.5512
65.000000	105.042	174.1680
66.000000	105.019	173.7586
67.000000	104.986	173.3202
68.000000	104.957	172.9154
69.000000	104.925	172.4835
70.000000	104.893	172.1223
71.000000	104.870	171.6976
72.000000	104.828	171.2912
73.000000	104.797	171.0015
74.000000	104.773	170.6214
75.000000	104.739	170.2284
76.199997	104.689	169.8049
77.500000	104.651	169.4713
78.800003	104.616	168.9467
80.000000	104.574	168.5706
81.199997	104.533	168.1375
82.500000	104.489	167.8170
83.800003	104.455	167.3817
85.000000	104.413	167.0484
86.199997	104.374	166.6894
87.500000	104.329	166.3728
88.500000	104.299	166.0914
90.000000	104.244	165.6987
91.199997	104.202	165.3930
92.500000	104.159	165.0737
93.800003	104.110	164.7250
95.000000	104.070	164.4785
96.199997	104.034	164.1565
97.500000	103.985	163.8561
98.800003	103.940	163.5927
100.000000	103.901	163.3585
101.500000	103.853	163.0304
103.000000	103.797	162.7199
104.400002	103.747	162.4222
106.000000	103.692	162.1481
107.500000	103.642	161.8631
109.000000	103.596	161.6038
110.599998	103.541	161.3221
112.000000	103.491	161.0914
113.800003	103.429	160.8004
115.000000	103.388	160.5813
117.199997	103.316	160.2737
118.000000	103.287	160.1548
120.599998	103.214	159.7159
122.000000	103.155	159.6080
124.099998	103.081	159.3425
125.000000	103.052	159.2434
126.500000	103.003	159.0484
128.000000	102.950	158.8710
131.500000	102.836	158.4818
132.000000	102.820	158.4345
134.000000	102.755	158.2260
136.000000	102.690	158.0300
138.000000	102.628	157.8311
140.000000	102.564	157.6664
143.000000	102.470	157.4061
145.000000	102.406	157.2507
147.500000	102.323	157.0875
150.000000	102.246	156.8967
152.500000	102.169	156.7415
155.000000	102.097	156.5621
157.500000	102.017	156.4363
160.000000	101.941	156.2819
162.500000	101.869	156.1689
165.000000	101.798	156.0891
167.500000	101.725	155.9955
170.000000	101.650	155.9142
172.500000	101.579	155.8287
175.000000	101.506	155.7585
177.500000	101.439	155.6855
180.000000	101.359	155.6596
182.500000	101.295	155.5978
185.000000	101.229	155.5499
187.500000	101.157	155.5084
190.000000	101.090	155.4729
192.500000	101.024	155.4840
195.000000	100.951	155.5213
197.500000	100.893	155.5384
200.000000	100.816	155.5321
203.000000	100.743	155.6003
206.000000	100.661	155.6325
209.000000	100.586	155.7438
212.000000	100.526	155.9003
214.000000	100.483	155.9278
218.000000	100.415	156.0414
220.000000	100.379	156.0623
224.000000	100.292	156.0720
227.000000	100.231	156.0841
230.000000	100.167	156.1357
233.000000	100.099	156.1560
236.000000	100.039	156.2063
240.000000	99.958	156.1844
243.000000	99.891	156.3593
247.000000	99.806	156.4579
250.000000	99.737	156.5786
254.000000	99.666	156.6969
258.000000	99.591	156.8793
262.000000	99.510	156.9998
265.000000	99.454	157.0923
269.000000	99.379	157.2582
272.000000	99.322	157.3961
276.000000	99.249	157.5714
280.000000	99.181	157.7108
285.000000	99.091	157.9459
290.000000	99.004	158.1920
295.000000	98.922	158.4432
300.000000	98.833	158.6422
304.000000	98.776	158.8881
307.000000	98.724	159.0499
311.000000	98.667	159.2623
315.000000	98.596	159.4712
320.000000	98.521	159.7590
325.000000	98.450	160.0289
330.000000	98.381	160.3376
335.000000	98.308	160.5616
340.000000	98.235	160.9017
345.000000	98.172	161.2286
350.000000	98.103	161.5557
355.000000	98.039	161.8652
360.000000	97.983	162.2049
365.000000	97.908	162.4956
370.000000	97.851	162.8135
375.000000	97.784	163.1755
382.000000	97.710	163.6255
387.000000	97.654	163.9501
395.000000	97.563	164.5316
400.000000	97.517	164.8375
406.000000	97.450	165.3238
412.000000	97.386	165.7371
418.000000	97.328	166.1622
425.000000	97.263	166.6996
431.000000	97.214	167.0896
437.000000	97.165	167.4779
444.000000	97.109	167.9467
450.000000	97.061	168.3697
455.000000	97.015	168.6796
462.000000	96.967	169.1350
468.000000	96.912	169.5570
475.000000	96.862	170.0635
482.000000	96.803	170.5478
487.000000	96.761	170.8959
494.000000	96.714	171.4004
500.000000	96.665	171.7682
508.000000	96.610	172.3969
515.000000	96.563	172.8810
522.000000	96.528	173.4338
530.000000	96.465	173.9836
538.000000	96.420	174.5534
545.000000	96.374	175.0850
552.000000	96.333	175.6282
560.000000	96.287	176.2345
570.000000	96.235	176.9566
580.000000	96.185	177.7234
590.000000	96.141	178.4990
600.000000	96.107	179.2908
608.000000	96.061	179.8354
615.000000	96.030	-179.5936
622.000000	96.004	-179.0725
630.000000	95.971	-178.4476
640.000000	95.935	-177.7039
650.000000	95.900	-176.9197
660.000000	95.871	-176.2163
670.000000	95.842	-175.3677
680.000000	95.812	-174.6475
690.000000	95.786	-173.7978
700.000000	95.765	-173.0343
710.000000	95.744	-172.2439
720.000000	95.715	-171.4441
730.000000	95.706	-170.6454
740.000000	95.693	-169.7962
750.000000	95.688	-168.9932
762.000000	95.673	-168.0263
775.000000	95.671	-166.9529
788.000000	95.670	-165.8835
800.000000	95.672	-164.9099
812.000000	95.684	-163.9459
825.000000	95.695	-162.8717
838.000000	95.712	-161.7839
850.000000	95.738	-160.8462
862.000000	95.766	-159.8226
875.000000	95.792	-158.7858
885.000000	95.824	-157.9623
900.000000	95.868	-156.8018
912.000000	95.916	-155.8062
925.000000	95.978	-154.8161
938.000000	96.036	-153.8238
950.000000	96.101	-152.8911
962.000000	96.161	-152.0282
975.000000	96.236	-151.0676
988.000000	96.324	-150.1703
1000.000000	96.398	-149.3549
1015.000000	96.511	-148.3590
1030.000000	96.620	-147.4503
1044.000000	96.721	-146.6392
1060.000000	96.846	-145.7360
1075.000000	96.966	-144.9225
1090.000000	97.089	-144.2262
1106.000000	97.223	-143.4826
1120.000000	97.340	-142.9218
1138.000000	97.489	-142.2399
1150.000000	97.586	-141.8278
1172.000000	97.767	-141.1210
1180.000000	97.833	-140.9430
1206.000000	98.033	-140.2440
1220.000000	98.136	-139.9729
1241.000000	98.287	-139.4888
1250.000000	98.351	-139.3174
1265.000000	98.455	-139.0783
1280.000000	98.554	-138.8457
1315.000000	98.769	-138.3208
1320.000000	98.806	-138.2189
1340.000000	98.919	-137.9841
1360.000000	99.026	-137.7294
1380.000000	99.127	-137.4902
1400.000000	99.232	-137.2383
1430.000000	99.379	-136.8321
1450.000000	99.474	-136.6104
1475.000000	99.595	-136.2733
1500.000000	99.705	-135.9363
1525.000000	99.819	-135.6065
1550.000000	99.933	-135.2875
1575.000000	100.046	-134.9621
1600.000000	100.159	-134.6500
1625.000000	100.271	-134.3187
1650.000000	100.382	-133.9782
1675.000000	100.500	-133.6765
1700.000000	100.618	-133.3718
1725.000000	100.736	-133.0921
1750.000000	100.851	-132.7965
1775.000000	100.974	-132.5491
1800.000000	101.092	-132.2794
1825.000000	101.219	-132.0472
1850.000000	101.342	-131.8442
1875.000000	101.470	-131.6397
1900.000000	101.594	-131.4911
1925.000000	101.720	-131.3244
1950.000000	101.849	-131.2036
1975.000000	101.978	-131.1157
2000.000000	102.106	-131.0354
2030.000000	102.267	-130.9815
2060.000000	102.422	-131.0067
2090.000000	102.576	-131.0286
2120.000000	102.732	-131.1273
2140.000000	102.835	-131.2141
2180.000000	103.040	-131.4406
2200.000000	103.138	-131.5809
2240.000000	103.333	-131.9396
2270.000000	103.479	-132.2479
2300.000000	103.617	-132.6145
2330.000000	103.752	-132.9996
2360.000000	103.881	-133.4392
2400.000000	104.049	-134.0625
2430.000000	104.166	-134.5797
2470.000000	104.315	-135.3062
2500.000000	104.422	-135.8959
2540.000000	104.549	-136.6937
2580.000000	104.672	-137.5560
2620.000000	104.782	-138.4205
2650.000000	104.857	-139.1174
2690.000000	104.946	-140.0339
2720.000000	105.005	-140.7418
2760.000000	105.076	-141.7001
2800.000000	105.134	-142.7007
2850.000000	105.189	-143.9572
2900.000000	105.220	-145.2384
2950.000000	105.222	-146.4629
3000.000000	105.200	-147.5894
3040.000000	105.177	-148.3805
3070.000000	105.152	-148.9427
3110.000000	105.121	-149.6305
3150.000000	105.084	-150.2699
3200.000000	105.041	-150.9942
3250.000000	105.000	-151.6671
3300.000000	104.957	-152.3100
3350.000000	104.908	-152.9360
3400.000000	104.862	-153.5302
3450.000000	104.813	-154.0950
3500.000000	104.762	-154.6474
3550.000000	104.706	-155.2004
3600.000000	104.649	-155.7303
3650.000000	104.589	-156.2291
3700.000000	104.525	-156.7125
3750.000000	104.455	-157.1848
3820.000000	104.356	-157.8264
3870.000000	104.278	-158.2598
3950.000000	104.149	-158.8928
4000.000000	104.058	-159.2899
4060.000000	103.954	-159.6973
4120.000000	103.837	-160.0549
4180.000000	103.719	-160.3606
4250.000000	103.577	-160.6513
4310.000000	103.454	-160.8200
4370.000000	103.325	-160.9358
4440.000000	103.183	-160.9512
4500.000000	103.066	-160.9251
4550.000000	102.978	-160.8768
4620.000000	102.860	-160.8409
4680.000000	102.750	-160.8180
4750.000000	102.624	-160.7701
4820.000000	102.497	-160.6137
4870.000000	102.405	-160.4649
4940.000000	102.292	-160.2408
5000.000000	102.203	-160.0049
5080.000000	102.088	-159.7793
5150.000000	101.986	-159.5798
5220.000000	101.878	-159.3575
5300.000000	101.754	-159.0564
5380.000000	101.632	-158.6698
5450.000000	101.538	-158.2590
5520.000000	101.451	-157.8015
5600.000000	101.366	-157.2607
5700.000000	101.277	-156.6413
5800.000000	101.208	-155.9382
5900.000000	101.167	-155.2928
6000.000000	101.166	-154.8105
6080.000000	101.184	-154.5147
6150.000000	101.212	-154.5126
6220.000000	101.230	-154.7166
6300.000000	101.232	-155.2413
6400.000000	101.158	-156.1553
6500.000000	100.963	-156.9678
6600.000000	100.677	-157.0351
6700.000000	100.376	-156.1089
6800.000000	100.170	-154.2187
6900.000000	100.103	-151.8169
7000.000000	100.193	-149.3223
7100.000000	100.439	-147.0756
7200.000000	100.814	-145.2511
7300.000000	101.309	-144.1570
7400.000000	101.903	-143.9413
7500.000000	102.577	-144.7888
7620.000000	103.448	-147.5790
7750.000000	104.340	-153.3054
7880.000000	104.949	-161.7471
8000.000000	105.104	-170.7211
8120.000000	104.915	-179.3669
8250.000000	104.445	171.8165
8380.000000	103.718	163.5206
8500.000000	102.798	156.9432
8620.000000	101.708	151.9262
8750.000000	100.473	148.5990
8850.000000	99.561	147.2802
9000.000000	98.321	146.6658
9120.000000	97.444	147.0926
9250.000000	96.610	148.0164
9380.000000	95.894	149.2515
9500.000000	95.337	150.7249
9620.000000	94.848	152.1380
9750.000000	94.415	153.8120
9880.000000	94.061	155.4011
10000.000000	93.818	156.8051
10150.000000	93.595	158.3459
10300.000000	93.451	159.6416
10440.000000	93.443	160.3896
10600.000000	93.497	160.8351
10750.000000	93.638	160.7178
10900.000000	93.841	159.6979
11060.000000	94.117	157.7018
11200.000000	94.385	154.8961
11380.000000	94.705	149.8407
11500.000000	94.858	145.5077
11720.000000	94.898	135.7713
11800.000000	94.797	131.8284
12060.000000	94.104	119.0577
12200.000000	93.505	112.8008
12410.000000	92.462	104.7007
12500.000000	91.997	101.8171
12650.000000	91.248	97.4518
12800.000000	90.539	93.8239
13150.000000	89.212	86.3765
13200.000000	89.059	85.3809
13400.000000	88.655	80.6130
13600.000000	88.452	74.4974
13800.000000	88.087	65.6896
14000.000000	87.451	58.1894
14300.000000	87.013	48.3939
14500.000000	87.049	40.3905
14750.000000	87.260	27.8997
15000.000000	87.821	13.2360
15250.000000	88.056	-5.6475
15500.000000	88.456	-28.8678
15750.000000	88.437	-56.4967
16000.000000	87.623	-86.4727
16250.000000	86.015	-115.9766
16500.000000	84.033	-142.2780
16750.000000	81.947	-165.8655
17000.000000	80.143	172.5223
17250.000000	78.512	150.4402
17500.000000	77.324	127.9997
17750.000000	76.235	103.1143
18000.000000	75.082	73.7397
18250.000000	73.459	39.4470
18500.000000	71.259	0.0052
18750.000000	67.755	-53.8243
19000.000000	60.868	-114.2132
19250.000000	51.021	163.5752
19500.000000	29.239	-178.5642
19750.000000	34.795	-2.3984
