* Measurement data measured by REW V5.31.3
* Source: USB-C to 3.5mm Headphone Jack Adapter, USB-C to 3.5mm Headphone Jack Adapter, 0, volume: 0.138
* Format: 256k Log Swept Sine, 1 sweep at -12.0 dBFS with no timing reference
* Dated: Mar 24, 2025 2:07:17 PM
* REW Settings:
*  C-weighting compensation: Off
*  Target level: 75.0 dB
* Note: 
* Measurement: L
* Smoothing: None
* Frequency Step: 1/48 octave
* Start Frequency: 20.300 Hz
*
* Freq(Hz)	SPL(dB)	Phase(degrees)
20.299999	97.183	-153.8410
20.600000	97.187	-154.4297
20.900000	97.186	-154.9527
21.200001	97.185	-155.4642
21.400000	97.187	-155.8025
21.799999	97.201	-156.4956
22.000000	97.213	-156.8630
22.400000	97.240	-157.6591
22.700001	97.259	-158.3112
23.000000	97.271	-158.9903
23.299999	97.275	-159.6677
23.600000	97.274	-160.3176
24.000000	97.269	-161.1259
24.299999	97.267	-161.7015
24.700001	97.267	-162.4524
25.000000	97.263	-162.9966
25.400000	97.252	-163.6477
25.799999	97.235	-164.1430
26.200001	97.229	-164.4779
26.500000	97.239	-164.6852
26.900000	97.268	-165.0353
27.200001	97.292	-165.4194
27.600000	97.308	-166.0948
28.000000	97.296	-166.8556
28.500000	97.248	-167.7043
29.000000	97.202	-168.3246
29.500000	97.187	-168.8311
30.000000	97.195	-169.3982
30.400000	97.201	-169.9106
30.700001	97.201	-170.2956
31.100000	97.196	-170.7733
31.500000	97.193	-171.2132
32.000000	97.196	-171.7776
32.500000	97.195	-172.4125
33.000000	97.175	-173.0593
33.500000	97.140	-173.6038
34.000000	97.108	-174.0116
34.500000	97.093	-174.3682
35.000000	97.095	-174.7791
35.500000	97.100	-175.2624
36.000000	97.098	-175.7704
36.500000	97.087	-176.2782
37.000000	97.062	-176.7921
37.500000	97.022	-177.2831
38.200001	96.972	-177.8103
38.700001	96.976	-178.1010
39.500000	97.050	-178.7753
40.000000	97.075	-179.3517
40.599998	97.036	-179.8890
41.200001	96.957	179.9326
41.799999	96.906	179.8162
42.500000	96.889	179.1897
43.099998	96.860	178.3902
43.700001	96.823	177.8550
44.400002	96.819	177.5225
45.000000	96.813	177.0670
45.500000	96.771	176.6484
46.200001	96.707	176.4074
46.799999	96.727	176.2522
47.500000	96.749	175.5443
48.200001	96.637	174.9741
48.700001	96.546	175.1049
49.400002	96.543	175.2738
50.000000	96.592	174.7294
50.799999	96.579	173.7617
51.500000	96.500	173.3199
52.200001	96.363	173.1524
53.000000	96.271	173.3210
53.799999	96.420	172.3751
54.500000	96.470	170.4378
55.200001	96.315	169.9089
56.000000	96.259	171.2989
57.000000	96.293	171.0361
58.000000	96.111	170.2868
59.000000	96.157	170.0618
60.000000	96.150	169.3332
60.799999	96.082	169.0182
61.500000	96.035	168.6176
62.200001	95.991	168.2763
63.000000	95.955	168.1397
64.000000	95.900	168.1225
65.000000	95.875	167.8084
66.000000	95.838	167.0352
67.000000	95.783	166.7632
68.000000	95.764	166.5470
69.000000	95.735	166.0017
70.000000	95.672	165.5746
71.000000	95.618	165.5136
72.000000	95.572	165.1929
73.000000	95.515	164.9116
74.000000	95.493	164.6550
75.000000	95.433	164.3680
76.199997	95.363	164.0961
77.500000	95.304	163.7826
78.800003	95.255	163.3628
80.000000	95.178	163.0434
81.199997	95.151	162.8419
82.500000	95.096	162.6327
83.800003	95.033	162.3776
85.000000	94.976	162.1143
86.199997	94.933	161.9021
87.500000	94.878	161.6876
88.500000	94.821	161.4919
90.000000	94.774	161.1940
91.199997	94.703	161.1846
92.500000	94.652	161.0796
93.800003	94.584	160.5677
95.000000	94.563	160.3308
96.199997	94.495	160.2841
97.500000	94.436	160.1706
98.800003	94.385	159.8970
100.000000	94.338	159.7872
101.500000	94.269	159.6559
103.000000	94.227	159.4761
104.400002	94.156	159.2319
106.000000	94.092	159.1885
107.500000	94.028	159.0437
109.000000	93.972	158.8646
110.599998	93.917	158.8195
112.000000	93.860	158.6032
113.800003	93.782	158.5111
115.000000	93.728	158.4312
117.199997	93.659	158.2964
118.000000	93.622	158.3339
120.599998	93.531	157.9316
122.000000	93.484	158.0546
124.099998	93.391	157.8933
125.000000	93.368	157.8745
126.500000	93.311	157.8644
128.000000	93.260	157.7538
131.500000	93.137	157.6840
132.000000	93.113	157.6731
134.000000	93.044	157.6599
136.000000	92.971	157.6226
138.000000	92.897	157.4437
140.000000	92.845	157.6111
143.000000	92.737	157.6290
145.000000	92.661	157.7281
147.500000	92.578	157.7624
150.000000	92.475	157.8326
152.500000	92.416	157.8738
155.000000	92.342	157.9094
157.500000	92.274	158.2151
160.000000	92.203	158.2896
162.500000	92.172	158.6019
165.000000	92.134	158.7572
167.500000	92.088	158.6310
170.000000	92.051	158.7119
172.500000	91.986	158.7029
175.000000	91.928	158.6589
177.500000	91.881	158.7003
180.000000	91.782	158.7327
182.500000	91.748	158.7715
185.000000	91.704	158.6909
187.500000	91.628	158.9244
190.000000	91.576	158.9763
192.500000	91.515	159.1007
195.000000	91.466	159.1495
197.500000	91.401	159.2643
200.000000	91.345	159.3940
203.000000	91.282	159.4967
206.000000	91.220	159.6872
209.000000	91.161	159.7914
212.000000	91.095	159.9818
214.000000	91.057	160.0829
218.000000	90.981	160.3640
220.000000	90.941	160.4530
224.000000	90.863	160.6841
227.000000	90.812	160.8513
230.000000	90.755	161.0054
233.000000	90.698	161.2592
236.000000	90.641	161.3914
240.000000	90.595	161.5424
243.000000	90.532	161.8699
247.000000	90.476	162.1827
250.000000	90.426	162.3295
254.000000	90.363	162.6334
258.000000	90.306	162.8696
262.000000	90.250	163.1816
265.000000	90.213	163.3967
269.000000	90.151	163.6742
272.000000	90.113	163.8556
276.000000	90.058	164.1423
280.000000	90.006	164.4764
285.000000	89.942	164.8273
290.000000	89.892	165.1895
295.000000	89.837	165.5851
300.000000	89.773	165.8798
304.000000	89.740	166.2389
307.000000	89.705	166.4905
311.000000	89.664	166.7793
315.000000	89.621	167.0445
320.000000	89.574	167.4291
325.000000	89.531	167.8169
330.000000	89.481	168.1356
335.000000	89.432	168.5051
340.000000	89.390	168.8909
345.000000	89.356	169.2378
350.000000	89.309	169.6570
355.000000	89.266	170.0468
360.000000	89.238	170.3852
365.000000	89.195	170.7588
370.000000	89.159	171.1477
375.000000	89.124	171.5121
382.000000	89.078	172.0562
387.000000	89.048	172.4391
395.000000	89.005	173.0427
400.000000	88.979	173.4189
406.000000	88.953	173.8245
412.000000	88.927	174.2978
418.000000	88.887	174.6860
425.000000	88.863	175.1949
431.000000	88.828	175.5824
437.000000	88.803	176.0223
444.000000	88.776	176.4758
450.000000	88.751	176.9006
455.000000	88.726	177.2673
462.000000	88.700	177.7467
468.000000	88.683	178.1783
475.000000	88.661	178.6470
482.000000	88.627	179.1225
487.000000	88.617	179.4765
494.000000	88.593	179.9451
500.000000	88.578	-179.5298
508.000000	88.557	-179.0669
515.000000	88.544	-178.5621
522.000000	88.518	-178.1068
530.000000	88.501	-177.5312
538.000000	88.488	-176.9945
545.000000	88.471	-176.4745
552.000000	88.464	-176.0600
560.000000	88.448	-175.4932
570.000000	88.435	-174.8144
580.000000	88.422	-174.1304
590.000000	88.411	-173.4720
600.000000	88.398	-172.7112
608.000000	88.397	-172.2355
615.000000	88.400	-171.7696
622.000000	88.393	-171.2963
630.000000	88.396	-170.7631
640.000000	88.398	-170.0901
650.000000	88.393	-169.4057
660.000000	88.406	-168.7563
670.000000	88.397	-168.1074
680.000000	88.407	-167.4080
690.000000	88.419	-166.7698
700.000000	88.428	-166.0948
710.000000	88.444	-165.4377
720.000000	88.463	-164.8090
730.000000	88.471	-164.1219
740.000000	88.491	-163.4158
750.000000	88.504	-162.7677
762.000000	88.538	-162.0114
775.000000	88.571	-161.1544
788.000000	88.607	-160.2959
800.000000	88.649	-159.5417
812.000000	88.682	-158.7410
825.000000	88.729	-157.9009
838.000000	88.776	-157.0697
850.000000	88.832	-156.2700
862.000000	88.885	-155.5493
875.000000	88.946	-154.7278
885.000000	89.002	-154.1264
900.000000	89.094	-153.1569
912.000000	89.148	-152.4629
925.000000	89.226	-151.6698
938.000000	89.307	-150.9016
950.000000	89.392	-150.2295
962.000000	89.482	-149.5917
975.000000	89.582	-148.8690
988.000000	89.684	-148.1564
1000.000000	89.779	-147.5566
1015.000000	89.911	-146.8421
1030.000000	90.049	-146.1928
1044.000000	90.177	-145.6025
1060.000000	90.331	-144.9723
1075.000000	90.481	-144.4893
1090.000000	90.634	-144.0228
1106.000000	90.794	-143.5535
1120.000000	90.945	-143.2665
1138.000000	91.137	-142.9131
1150.000000	91.267	-142.7548
1172.000000	91.502	-142.5030
1180.000000	91.591	-142.4856
1206.000000	91.878	-142.4947
1220.000000	92.032	-142.5957
1241.000000	92.264	-142.9259
1250.000000	92.359	-143.1141
1265.000000	92.518	-143.5349
1280.000000	92.669	-144.1188
1315.000000	92.974	-145.9832
1320.000000	93.013	-146.3077
1340.000000	93.106	-147.8320
1360.000000	93.127	-149.5295
1380.000000	93.046	-151.1524
1400.000000	92.860	-152.4533
1430.000000	92.451	-152.9261
1450.000000	92.198	-152.1513
1475.000000	91.991	-150.3044
1500.000000	91.941	-148.0897
1525.000000	92.014	-146.0769
1550.000000	92.166	-144.3667
1575.000000	92.354	-142.9929
1600.000000	92.565	-142.0008
1625.000000	92.784	-141.2129
1650.000000	93.003	-140.5761
1675.000000	93.218	-140.0863
1700.000000	93.429	-139.6642
1725.000000	93.648	-139.2732
1750.000000	93.876	-138.8403
1775.000000	94.134	-138.3665
1800.000000	94.450	-137.9445
1825.000000	94.842	-137.8649
1850.000000	95.284	-138.5432
1875.000000	95.683	-140.1430
1900.000000	95.982	-142.2428
1925.000000	96.186	-144.4463
1950.000000	96.324	-146.5621
1975.000000	96.409	-148.5620
2000.000000	96.468	-150.3727
2030.000000	96.510	-152.3761
2060.000000	96.547	-154.2663
2090.000000	96.578	-156.1429
2120.000000	96.600	-158.1214
2140.000000	96.605	-159.5406
2180.000000	96.557	-162.5851
2200.000000	96.493	-164.2244
2240.000000	96.253	-167.4630
2270.000000	95.985	-169.5605
2300.000000	95.660	-171.2170
2330.000000	95.317	-172.5327
2360.000000	94.932	-173.5681
2400.000000	94.296	-174.0629
2430.000000	93.798	-173.0182
2470.000000	93.395	-169.8311
2500.000000	93.339	-167.6127
2540.000000	93.411	-165.8293
2580.000000	93.478	-165.1651
2620.000000	93.474	-164.9429
2650.000000	93.448	-164.8005
2690.000000	93.398	-164.5186
2720.000000	93.358	-164.3020
2760.000000	93.327	-164.0272
2800.000000	93.291	-163.8478
2850.000000	93.226	-163.7655
2900.000000	93.142	-163.6555
2950.000000	93.043	-163.5381
3000.000000	92.928	-163.2829
3040.000000	92.837	-162.9646
3070.000000	92.767	-162.6515
3110.000000	92.684	-162.2408
3150.000000	92.603	-161.7676
3200.000000	92.526	-160.9822
3250.000000	92.485	-160.2661
3300.000000	92.470	-159.5412
3350.000000	92.512	-159.1324
3400.000000	92.568	-159.2787
3450.000000	92.597	-160.1624
3500.000000	92.484	-161.8469
3550.000000	92.105	-163.6474
3600.000000	91.452	-163.6736
3650.000000	90.859	-161.1596
3700.000000	90.532	-157.3691
3750.000000	90.445	-153.7278
3820.000000	90.527	-149.6308
3870.000000	90.610	-147.1250
3950.000000	90.839	-143.3472
4000.000000	91.088	-141.3493
4060.000000	91.443	-139.5886
4120.000000	91.837	-138.8648
4180.000000	92.192	-139.0585
4250.000000	92.474	-140.3383
4310.000000	92.580	-141.6877
4370.000000	92.589	-143.3230
4440.000000	92.363	-145.8828
4500.000000	91.614	-147.1351
4550.000000	90.863	-142.8963
4620.000000	91.100	-135.2351
4680.000000	91.576	-132.8010
4750.000000	91.973	-131.4353
4820.000000	92.318	-130.5339
4870.000000	92.558	-130.1819
4940.000000	92.878	-130.1444
5000.000000	93.102	-130.6828
5080.000000	93.246	-131.8957
5150.000000	93.165	-132.1874
5220.000000	93.155	-130.6887
5300.000000	93.464	-129.3596
5380.000000	93.779	-129.4174
5450.000000	94.020	-129.8910
5520.000000	94.211	-130.6717
5600.000000	94.362	-131.6038
5700.000000	94.581	-132.8715
5800.000000	94.717	-134.8965
5900.000000	94.680	-137.3879
6000.000000	94.350	-139.2873
6080.000000	94.013	-138.5388
6150.000000	93.965	-137.0498
6220.000000	94.036	-136.2432
6300.000000	94.120	-135.9535
6400.000000	94.205	-135.8629
6500.000000	94.274	-135.9052
6600.000000	94.316	-136.1530
6700.000000	94.294	-136.7179
6800.000000	93.977	-136.5615
6900.000000	93.803	-131.8579
7000.000000	94.410	-128.1126
7100.000000	95.077	-127.1062
7200.000000	95.711	-126.9555
7300.000000	96.385	-127.5279
7400.000000	97.098	-128.9119
7500.000000	97.836	-131.2879
7620.000000	98.687	-135.5750
7750.000000	99.599	-141.1915
7880.000000	100.591	-149.9265
8000.000000	101.093	-161.6562
8120.000000	100.952	-173.6833
8250.000000	100.332	174.5042
8380.000000	99.353	164.4104
8500.000000	98.203	157.0953
8620.000000	96.970	152.0061
8750.000000	95.647	148.7543
8850.000000	94.739	147.5228
9000.000000	93.559	146.2999
9120.000000	92.584	145.5788
9250.000000	91.466	147.3680
9380.000000	90.835	151.5099
9500.000000	90.664	154.3541
9620.000000	90.670	155.6719
9750.000000	90.740	155.8541
9880.000000	90.758	155.2980
10000.000000	90.852	153.8036
10150.000000	91.064	150.8381
10300.000000	91.079	145.7786
10440.000000	90.861	140.5317
10600.000000	90.495	134.6051
10750.000000	89.954	128.2695
10900.000000	89.112	122.6885
11060.000000	88.098	118.1421
11200.000000	87.172	114.9968
11380.000000	85.969	111.7391
11500.000000	85.070	110.1860
11720.000000	83.361	110.7064
11800.000000	82.916	112.0110
12060.000000	82.059	113.7767
12200.000000	81.568	113.9640
12410.000000	80.956	112.3414
12500.000000	80.510	110.7016
12650.000000	79.505	109.9197
12800.000000	78.487	112.8637
13150.000000	77.926	122.0755
13200.000000	77.933	122.9027
13400.000000	78.167	124.7872
13600.000000	78.445	125.0577
13800.000000	78.778	124.5249
14000.000000	79.178	123.2444
14300.000000	80.148	121.7574
14500.000000	81.317	119.9434
14750.000000	83.527	114.3879
15000.000000	86.636	101.2668
15250.000000	89.806	74.2632
15500.000000	91.060	31.8964
15750.000000	89.108	-3.2401
16000.000000	87.445	-22.5892
16250.000000	87.015	-39.9438
16500.000000	87.279	-59.3473
16750.000000	88.054	-82.0190
17000.000000	89.268	-109.4849
17250.000000	90.735	-144.1199
17500.000000	91.769	171.5070
17750.000000	91.356	120.3503
18000.000000	89.596	71.3887
18250.000000	87.510	26.3621
18500.000000	85.649	-18.1300
18750.000000	84.052	-65.0362
19000.000000	82.778	-117.4402
19250.000000	81.352	-177.9404
19500.000000	79.851	109.3606
19750.000000	77.472	26.8676
