* Measurement data measured by REW V5.20
* Source: USB-C to 3.5mm Headphone Jack Adapter, USB-C to 3.5mm Headphone Jack Adapter, 0, volume: 0.138
* Format: 256k Log Swept Sine, 1 sweep at -12.0 dBFS with no timing reference
* Dated: Apr 3, 2024 3:27:34 PM
* REW Settings:
*  C-weighting compensation: Off
*  Target level: 75.0 dB
* Note: 
* Measurement: R
* Smoothing: None
* Frequency Step: 1/48 octave
* Start Frequency: 20.300 Hz
*
* Freq(Hz)	SPL(dB)	Phase(degrees)
20.299999	102.049194	-154.1851
20.600000	102.066292	-155.0007
20.900000	102.074982	-155.7495
21.200001	102.081085	-156.5043
21.400000	102.084854	-157.0116
21.799999	102.092903	-158.0241
22.000000	102.097610	-158.5217
22.400000	102.109039	-159.4841
22.700001	102.119858	-160.1699
23.000000	102.132355	-160.8279
23.299999	102.145546	-161.4661
23.600000	102.157768	-162.0936
24.000000	102.169479	-162.9221
24.299999	102.173714	-163.5366
24.700001	102.173943	-164.3417
25.000000	102.171890	-164.9347
25.400000	102.168686	-165.7178
25.799999	102.165657	-166.5030
26.200001	102.161064	-167.2896
26.500000	102.155304	-167.8697
26.900000	102.144493	-168.6102
27.200001	102.135262	-169.1329
27.600000	102.124062	-169.7929
28.000000	102.115479	-170.4351
28.500000	102.106285	-171.2538
29.000000	102.093285	-172.0993
29.500000	102.074654	-172.9379
30.000000	102.054749	-173.7361
30.400000	102.040962	-174.3467
30.700001	102.031929	-174.7958
31.100000	102.020081	-175.3889
31.500000	102.006439	-175.9738
32.000000	101.985863	-176.6835
32.500000	101.962936	-177.3678
33.000000	101.939476	-178.0395
33.500000	101.915405	-178.7077
34.000000	101.890327	-179.3664
34.500000	101.864906	179.9930
35.000000	101.839706	179.3689
35.500000	101.814056	178.7554
36.000000	101.787048	178.1521
36.500000	101.758980	177.5619
37.000000	101.730682	176.9862
37.500000	101.702713	176.4297
38.200001	101.666702	175.6941
38.700001	101.645439	175.1825
39.500000	101.610703	174.3080
40.000000	101.577927	173.7391
40.599998	101.527626	173.1168
41.200001	101.480499	172.5708
41.799999	101.442299	172.0097
42.500000	101.392113	171.2945
43.099998	101.339790	170.7425
43.700001	101.296509	170.2897
44.400002	101.266052	169.7377
45.000000	101.237564	169.1826
45.500000	101.202873	168.7272
46.200001	101.147209	168.1739
46.799999	101.103569	167.7315
47.500000	101.055481	167.1861
48.200001	101.007729	166.6328
48.700001	100.975189	166.2417
49.400002	100.927742	165.6956
50.000000	100.881439	165.2589
50.799999	100.820259	164.7508
51.500000	100.774132	164.3042
52.200001	100.725479	163.8183
53.000000	100.661606	163.2972
53.799999	100.601456	162.8107
54.500000	100.550995	162.3519
55.200001	100.499290	161.9124
56.000000	100.446899	161.4669
57.000000	100.372238	160.9050
58.000000	100.287338	160.4124
59.000000	100.226906	159.6781
60.000000	100.132454	158.9461
60.799999	100.069565	158.7703
61.500000	100.039940	158.5948
62.200001	99.993820	158.2548
63.000000	99.920219	157.8760
64.000000	99.847939	157.4228
65.000000	99.775719	156.9507
66.000000	99.701942	156.5694
67.000000	99.625359	156.1214
68.000000	99.546165	155.7252
69.000000	99.477997	155.3406
70.000000	99.403786	154.9521
71.000000	99.333237	154.5848
72.000000	99.257690	154.2010
73.000000	99.180466	153.9115
74.000000	99.112686	153.5945
75.000000	99.037430	153.2571
76.199997	98.951714	152.9066
77.500000	98.857796	152.5358
78.800003	98.764496	152.1716
80.000000	98.675400	151.8345
81.199997	98.589233	151.5296
82.500000	98.495789	151.2249
83.800003	98.402130	150.9109
85.000000	98.317780	150.6388
86.199997	98.234848	150.3763
87.500000	98.140602	150.1325
88.500000	98.070076	149.9522
90.000000	97.967758	149.6567
91.199997	97.887375	149.4444
92.500000	97.799988	149.2574
93.800003	97.707420	149.0387
95.000000	97.623344	148.8784
96.199997	97.541893	148.7310
97.500000	97.457863	148.5555
98.800003	97.368034	148.3947
100.000000	97.290688	148.3015
101.500000	97.195358	148.1387
103.000000	97.100624	147.9802
104.400002	97.012543	147.8619
106.000000	96.905396	147.6964
107.500000	96.813400	147.5916
109.000000	96.716957	147.5059
110.599998	96.615677	147.3913
112.000000	96.530159	147.3203
113.800003	96.417198	147.2460
115.000000	96.344376	147.1602
117.199997	96.213493	147.0973
118.000000	96.158478	147.0759
120.599998	96.005318	147.0390
122.000000	95.924652	147.0626
124.099998	95.799500	147.0676
125.000000	95.749619	147.0635
126.500000	95.656555	147.0964
128.000000	95.574280	147.1046
131.500000	95.373436	147.1818
132.000000	95.343674	147.2027
134.000000	95.239021	147.3162
136.000000	95.124847	147.4438
138.000000	95.015671	147.5317
140.000000	94.908989	147.6579
143.000000	94.751907	147.9250
145.000000	94.643654	148.0328
147.500000	94.521973	148.2699
150.000000	94.392128	148.5276
152.500000	94.272552	148.7844
155.000000	94.152985	149.0688
157.500000	94.033066	149.3482
160.000000	93.920601	149.6987
162.500000	93.808121	150.0195
165.000000	93.693756	150.3898
167.500000	93.588097	150.7664
170.000000	93.478935	151.1454
172.500000	93.377106	151.5549
175.000000	93.275497	151.9896
177.500000	93.176018	152.4055
180.000000	93.084984	152.7311
182.500000	92.996979	153.3457
185.000000	92.907661	153.7896
187.500000	92.814774	154.2904
190.000000	92.731873	154.7998
192.500000	92.650726	155.3092
195.000000	92.578011	155.8233
197.500000	92.491478	156.3947
200.000000	92.421021	156.9274
203.000000	92.333664	157.6378
206.000000	92.252907	158.2766
209.000000	92.176033	159.0396
212.000000	92.094292	159.7709
214.000000	92.047150	160.2755
218.000000	91.959221	161.3714
220.000000	91.916817	161.9723
224.000000	91.849167	163.2316
227.000000	91.817017	164.2192
230.000000	91.804138	165.3239
233.000000	91.819946	166.3132
236.000000	91.872147	167.1976
240.000000	91.942665	167.9923
243.000000	91.996689	168.4891
247.000000	92.039322	168.9025
250.000000	92.051445	169.2202
254.000000	92.061600	169.6948
258.000000	92.064163	170.2014
262.000000	92.075432	170.7022
265.000000	92.080368	171.1120
269.000000	92.092972	171.6057
272.000000	92.099678	172.0086
276.000000	92.112427	172.5229
280.000000	92.133957	173.0001
285.000000	92.159561	173.5812
290.000000	92.192146	174.1464
295.000000	92.223816	174.6796
300.000000	92.254967	175.2404
304.000000	92.286224	175.4888
307.000000	92.308685	175.7383
311.000000	92.340904	176.0110
315.000000	92.365837	176.3218
320.000000	92.401955	176.6912
325.000000	92.438072	176.9683
330.000000	92.468819	177.2715
335.000000	92.502533	177.5365
340.000000	92.535614	177.8183
345.000000	92.565399	178.0654
350.000000	92.595444	178.3434
355.000000	92.632713	178.5961
360.000000	92.678825	178.8324
365.000000	92.728714	178.9642
370.000000	92.784424	179.0246
375.000000	92.829147	179.0593
382.000000	92.875427	178.9196
387.000000	92.892776	178.8025
395.000000	92.904762	178.6559
400.000000	92.910522	178.6087
406.000000	92.905037	178.5457
412.000000	92.903580	178.5247
418.000000	92.893311	178.5552
425.000000	92.882538	178.5723
431.000000	92.873878	178.6194
437.000000	92.874084	178.6586
444.000000	92.869537	178.6786
450.000000	92.861282	178.6797
455.000000	92.847809	178.6342
462.000000	92.826050	178.6096
468.000000	92.805267	178.6327
475.000000	92.777969	178.6844
482.000000	92.749527	178.7246
487.000000	92.729172	178.7786
494.000000	92.695549	178.8502
500.000000	92.667625	178.9492
508.000000	92.630981	179.0646
515.000000	92.597404	179.1746
522.000000	92.565231	179.3086
530.000000	92.528389	179.4845
538.000000	92.486916	179.6676
545.000000	92.456139	179.8410
552.000000	92.420151	179.9962
560.000000	92.382141	-179.7574
570.000000	92.332497	-179.4779
580.000000	92.286545	-179.1326
590.000000	92.239990	-178.7882
600.000000	92.191498	-178.4714
608.000000	92.154945	-178.1810
615.000000	92.123871	-177.8783
622.000000	92.093483	-177.6174
630.000000	92.059654	-177.3033
640.000000	92.018715	-176.8819
650.000000	91.981430	-176.4177
660.000000	91.936012	-176.0639
670.000000	91.900497	-175.5324
680.000000	91.863251	-175.0842
690.000000	91.831528	-174.5818
700.000000	91.802620	-174.0585
710.000000	91.767670	-173.5907
720.000000	91.741875	-173.0487
730.000000	91.715508	-172.5488
740.000000	91.690323	-171.9767
750.000000	91.668587	-171.4522
762.000000	91.647453	-170.7923
775.000000	91.621597	-170.0577
788.000000	91.606880	-169.3199
800.000000	91.592422	-168.5913
812.000000	91.582901	-167.8811
825.000000	91.576447	-167.1229
838.000000	91.577721	-166.3493
850.000000	91.579422	-165.6323
862.000000	91.583672	-164.8835
875.000000	91.595833	-164.0976
885.000000	91.608826	-163.4849
900.000000	91.627731	-162.6560
912.000000	91.658005	-161.8612
925.000000	91.689110	-161.0884
938.000000	91.727379	-160.2964
950.000000	91.765747	-159.6084
962.000000	91.808647	-158.9111
975.000000	91.860878	-158.1862
988.000000	91.920517	-157.4735
1000.000000	91.976776	-156.8590
1015.000000	92.049026	-156.1016
1030.000000	92.128540	-155.3981
1044.000000	92.210815	-154.7720
1060.000000	92.309753	-154.1058
1075.000000	92.405678	-153.5283
1090.000000	92.503693	-153.1102
1106.000000	92.592049	-152.7401
1120.000000	92.652489	-152.3906
1138.000000	92.735283	-151.8388
1150.000000	92.800766	-151.4610
1172.000000	92.926636	-150.8851
1180.000000	92.974434	-150.7100
1206.000000	93.118393	-150.1861
1220.000000	93.193680	-149.9526
1241.000000	93.302406	-149.6219
1250.000000	93.349464	-149.5319
1265.000000	93.417603	-149.3452
1280.000000	93.487213	-149.1711
1315.000000	93.635857	-148.8429
1320.000000	93.655441	-148.7638
1340.000000	93.732460	-148.6001
1360.000000	93.807732	-148.4453
1380.000000	93.883499	-148.2637
1400.000000	93.937485	-148.0992
1430.000000	94.028389	-147.8661
1450.000000	94.083801	-147.6876
1475.000000	94.153679	-147.4551
1500.000000	94.213104	-147.2114
1525.000000	94.280586	-147.0153
1550.000000	94.342049	-146.7352
1575.000000	94.403450	-146.4684
1600.000000	94.461823	-146.2058
1625.000000	94.519829	-145.9279
1650.000000	94.580513	-145.6339
1675.000000	94.636444	-145.3542
1700.000000	94.697624	-145.0451
1725.000000	94.757942	-144.7424
1750.000000	94.820610	-144.4582
1775.000000	94.880417	-144.1584
1800.000000	94.944336	-143.8638
1825.000000	95.007050	-143.5639
1850.000000	95.069725	-143.2502
1875.000000	95.137047	-142.9604
1900.000000	95.205086	-142.6656
1925.000000	95.269562	-142.4089
1950.000000	95.339569	-142.1106
1975.000000	95.409874	-141.8594
2000.000000	95.483002	-141.5595
2030.000000	95.564087	-141.2772
2060.000000	95.654755	-140.9658
2090.000000	95.739914	-140.6785
2120.000000	95.828796	-140.4029
2140.000000	95.888474	-140.2271
2180.000000	96.008163	-139.9007
2200.000000	96.074478	-139.7497
2240.000000	96.197762	-139.4479
2270.000000	96.290688	-139.2444
2300.000000	96.385880	-139.0724
2330.000000	96.481598	-138.8960
2360.000000	96.576973	-138.7341
2400.000000	96.705978	-138.5617
2430.000000	96.803375	-138.4505
2470.000000	96.932877	-138.3190
2500.000000	97.031525	-138.2365
2540.000000	97.163177	-138.1605
2580.000000	97.298538	-138.1047
2620.000000	97.429672	-138.1183
2650.000000	97.532707	-138.1418
2690.000000	97.664894	-138.1846
2720.000000	97.762688	-138.2670
2760.000000	97.899818	-138.3543
2800.000000	98.034828	-138.5261
2850.000000	98.200851	-138.7926
2900.000000	98.368706	-139.1139
2950.000000	98.530052	-139.5098
3000.000000	98.691605	-139.9880
3040.000000	98.817818	-140.3866
3070.000000	98.912254	-140.7365
3110.000000	99.032822	-141.2636
3150.000000	99.149193	-141.8083
3200.000000	99.289169	-142.5445
3250.000000	99.427002	-143.3819
3300.000000	99.559921	-144.2771
3350.000000	99.686859	-145.2712
3400.000000	99.802261	-146.3595
3450.000000	99.902084	-147.5370
3500.000000	99.985062	-148.7761
3550.000000	100.053314	-150.0894
3600.000000	100.103607	-151.4578
3650.000000	100.133774	-152.8341
3700.000000	100.144043	-154.2408
3750.000000	100.137207	-155.6605
3820.000000	100.094910	-157.6178
3870.000000	100.041626	-158.9945
3950.000000	99.920433	-161.1049
4000.000000	99.823250	-162.3342
4060.000000	99.686989	-163.7525
4120.000000	99.532074	-165.0703
4180.000000	99.363144	-166.2486
4250.000000	99.148804	-167.4958
4310.000000	98.953545	-168.4244
4370.000000	98.750908	-169.2082
4440.000000	98.510139	-169.9844
4500.000000	98.303337	-170.5328
4550.000000	98.130951	-170.8952
4620.000000	97.891273	-171.3136
4680.000000	97.693275	-171.5786
4750.000000	97.459053	-171.8088
4820.000000	97.228935	-171.9459
4870.000000	97.061111	-172.0252
4940.000000	96.832687	-171.9987
5000.000000	96.634476	-171.9347
5080.000000	96.385010	-171.7228
5150.000000	96.169128	-171.4512
5220.000000	95.952232	-171.1422
5300.000000	95.709213	-170.6599
5380.000000	95.465744	-170.0268
5450.000000	95.253632	-169.2336
5520.000000	95.075623	-168.0216
5600.000000	95.023911	-166.5170
5700.000000	95.013611	-166.2778
5800.000000	94.855209	-166.2722
5900.000000	94.657959	-165.9064
6000.000000	94.459869	-165.4095
6080.000000	94.290710	-164.9000
6150.000000	94.144508	-164.3492
6220.000000	94.002899	-163.6097
6300.000000	93.856491	-162.5994
6400.000000	93.717880	-161.1226
6500.000000	93.645638	-159.5481
6600.000000	93.644287	-158.0453
6700.000000	93.697021	-156.7892
6800.000000	93.797287	-155.7760
6900.000000	93.921684	-155.0281
7000.000000	94.060249	-154.5930
7100.000000	94.223274	-154.3421
7200.000000	94.417587	-154.2522
7300.000000	94.651237	-154.5309
7400.000000	94.923126	-155.2418
7500.000000	95.212746	-156.5695
7620.000000	95.551208	-159.0541
7750.000000	95.873116	-162.9347
7880.000000	96.069099	-167.8796
8000.000000	96.091339	-173.2869
8120.000000	95.911522	-179.0641
8250.000000	95.495941	174.6819
8380.000000	94.870766	168.9969
8500.000000	94.154747	164.4854
8620.000000	93.284851	160.8177
8750.000000	92.260101	158.1609
8850.000000	91.451294	157.2592
9000.000000	90.331924	157.7022
9120.000000	89.606308	159.2043
9250.000000	89.050430	161.1863
9380.000000	88.670921	162.6367
9500.000000	88.404999	163.3347
9620.000000	88.183411	163.3759
9750.000000	87.888428	162.8394
9880.000000	87.545700	162.0404
10000.000000	87.164200	161.3692
10150.000000	86.665878	160.7547
10300.000000	86.134644	160.6158
10440.000000	85.675209	160.9359
10600.000000	85.205658	161.4656
10750.000000	84.784554	162.1749
10900.000000	84.438919	163.1211
11060.000000	84.123466	164.0558
11200.000000	83.905182	164.8806
11380.000000	83.655479	165.9904
11500.000000	83.586395	166.6282
11720.000000	83.646973	167.9601
11800.000000	83.680267	167.6879
12060.000000	83.789726	167.3230
12200.000000	83.945816	166.9049
12410.000000	84.268974	165.4721
12500.000000	84.421127	164.8182
12650.000000	84.715660	163.2196
12800.000000	85.092598	160.9477
13150.000000	86.139565	153.8900
13200.000000	86.295105	152.5043
13400.000000	87.083740	146.3993
13600.000000	87.966888	138.7919
13800.000000	88.983589	128.8357
14000.000000	90.027039	115.9265
14300.000000	91.311699	89.8900
14500.000000	91.667259	68.2397
14750.000000	91.126617	39.7838
15000.000000	89.899277	13.3571
15250.000000	88.652184	-10.6808
15500.000000	87.174049	-35.6535
15750.000000	85.434937	-60.2039
16000.000000	83.706573	-83.6009
16250.000000	82.026047	-107.8713
16500.000000	80.257637	-132.8677
16750.000000	78.373543	-157.5680
17000.000000	76.577728	177.3971
17250.000000	74.765121	152.5745
17500.000000	73.329926	126.3801
17750.000000	71.640862	98.1573
18000.000000	70.147751	68.7065
18250.000000	68.842232	36.0738
18500.000000	67.642715	3.6407
18750.000000	66.821060	-33.5404
19000.000000	66.293655	-77.1578
19250.000000	66.084473	-129.1611
19500.000000	65.635765	168.3442
19750.000000	64.452271	88.6084
