* Measurement data measured by REW V5.20
* Source: USB-C to 3.5mm Headphone Jack Adapter, USB-C to 3.5mm Headphone Jack Adapter, 0, volume: 0.138
* Format: 256k Log Swept Sine, 1 sweep at -12.0 dBFS with no timing reference
* Dated: Jul 22, 2024 6:56:15 PM
* REW Settings:
*  C-weighting compensation: Off
*  Target level: 75.0 dB
* Note: 
* Measurement: L
* Smoothing: None
* Frequency Step: 1/48 octave
* Start Frequency: 20.300 Hz
*
* Freq(Hz)	SPL(dB)	Phase(degrees)
20.299999	99.064659	-133.9879
20.600000	99.121399	-134.7893
20.900000	99.168846	-135.5313
21.200001	99.212311	-136.2876
21.400000	99.240005	-136.8026
21.799999	99.292862	-137.8494
22.000000	99.318108	-138.3732
22.400000	99.366508	-139.3985
22.700001	99.401810	-140.1273
23.000000	99.437363	-140.8123
23.299999	99.474060	-141.4546
23.600000	99.512238	-142.0639
24.000000	99.564407	-142.8505
24.299999	99.602753	-143.4392
24.700001	99.650146	-144.2387
25.000000	99.681549	-144.8521
25.400000	99.717430	-145.6834
25.799999	99.747505	-146.5174
26.200001	99.773872	-147.3374
26.500000	99.792648	-147.9331
26.900000	99.818123	-148.6915
27.200001	99.838486	-149.2305
27.600000	99.867775	-149.9135
28.000000	99.898621	-150.5680
28.500000	99.935806	-151.3705
29.000000	99.966629	-152.1772
29.500000	99.988899	-152.9972
30.000000	100.004143	-153.8321
30.400000	100.013336	-154.5072
30.700001	100.019630	-155.0118
31.100000	100.028564	-155.6709
31.500000	100.039780	-156.3028
32.000000	100.058655	-157.0503
32.500000	100.081360	-157.7673
33.000000	100.101807	-158.4733
33.500000	100.114777	-159.1655
34.000000	100.121750	-159.8291
34.500000	100.129333	-160.4724
35.000000	100.141609	-161.1294
35.500000	100.155640	-161.8152
36.000000	100.166252	-162.4940
36.500000	100.173538	-163.1141
37.000000	100.182106	-163.6716
37.500000	100.192993	-164.2183
38.200001	100.199905	-165.0456
38.700001	100.192474	-165.6553
39.500000	100.175186	-166.5605
40.000000	100.173508	-167.1031
40.599998	100.177681	-167.7841
41.200001	100.175583	-168.4685
41.799999	100.164169	-169.0844
42.500000	100.151169	-169.7161
43.099998	100.146393	-170.2739
43.700001	100.142471	-170.8952
44.400002	100.133804	-171.6384
45.000000	100.126335	-172.2307
45.500000	100.121178	-172.6937
46.200001	100.109863	-173.3153
46.799999	100.094147	-173.8186
47.500000	100.077621	-174.3868
48.200001	100.067673	-174.9951
48.700001	100.059280	-175.4470
49.400002	100.041634	-176.0195
50.000000	100.026405	-176.4345
50.799999	100.011101	-176.9960
51.500000	99.996513	-177.5969
52.200001	99.973854	-178.2735
53.000000	99.940582	-178.9641
53.799999	99.917778	-179.4822
54.500000	99.902573	-179.9247
55.200001	99.874184	179.6299
56.000000	99.849411	179.1701
57.000000	99.836182	178.3185
58.000000	99.767418	177.6573
59.000000	99.765411	177.3627
60.000000	99.733566	176.4460
60.799999	99.652061	176.1036
61.500000	99.653870	175.9182
62.200001	99.666771	175.2699
63.000000	99.608536	174.6151
64.000000	99.596390	174.4045
65.000000	99.599121	173.5747
66.000000	99.496742	173.0953
67.000000	99.466164	172.7852
68.000000	99.414864	172.1814
69.000000	99.378426	171.8448
70.000000	99.350639	171.2512
71.000000	99.293076	170.7694
72.000000	99.265366	170.3111
73.000000	99.222198	169.7965
74.000000	99.175499	169.4056
75.000000	99.133522	168.9918
76.199997	99.080162	168.5290
77.500000	99.029373	168.0613
78.800003	98.975845	167.5328
80.000000	98.926361	167.0945
81.199997	98.871498	166.6432
82.500000	98.814301	166.2148
83.800003	98.761620	165.7690
85.000000	98.710915	165.3671
86.199997	98.657578	164.9760
87.500000	98.604576	164.5853
88.500000	98.560417	164.2889
90.000000	98.495018	163.8466
91.199997	98.443428	163.4975
92.500000	98.387787	163.1450
93.800003	98.333504	162.8191
95.000000	98.281242	162.4964
96.199997	98.227386	162.1954
97.500000	98.174606	161.8783
98.800003	98.122513	161.6020
100.000000	98.070236	161.3194
101.500000	98.002968	160.9701
103.000000	97.941101	160.6614
104.400002	97.883820	160.3750
106.000000	97.817833	160.0345
107.500000	97.750885	159.7646
109.000000	97.690453	159.5073
110.599998	97.624298	159.2092
112.000000	97.568459	158.9752
113.800003	97.495285	158.6924
115.000000	97.443489	158.4913
117.199997	97.353928	158.1459
118.000000	97.318161	158.0459
120.599998	97.218689	157.5779
122.000000	97.166473	157.5329
124.099998	97.078728	157.2531
125.000000	97.045425	157.1311
126.500000	96.987114	156.9776
128.000000	96.928154	156.8187
131.500000	96.794571	156.4571
132.000000	96.774628	156.4108
134.000000	96.698601	156.2279
136.000000	96.622284	156.0684
138.000000	96.549492	155.9114
140.000000	96.473724	155.7755
143.000000	96.366821	155.5726
145.000000	96.297264	155.4359
147.500000	96.207626	155.2943
150.000000	96.124077	155.1615
152.500000	96.038399	155.0188
155.000000	95.951805	154.9022
157.500000	95.865570	154.8094
160.000000	95.780563	154.7363
162.500000	95.694801	154.6395
165.000000	95.607712	154.5983
167.500000	95.528404	154.5831
170.000000	95.450905	154.5361
172.500000	95.370872	154.5008
175.000000	95.290848	154.4724
177.500000	95.209991	154.4657
180.000000	95.105614	154.4634
182.500000	95.040512	154.4333
185.000000	94.947105	154.5043
187.500000	94.856735	154.6018
190.000000	94.759544	154.7728
192.500000	94.660622	155.0761
195.000000	94.578217	155.5321
197.500000	94.541573	156.2410
200.000000	94.570091	156.7807
203.000000	94.630806	156.7729
206.000000	94.628357	156.3525
209.000000	94.580368	155.9824
212.000000	94.509201	155.7586
214.000000	94.458282	155.6481
218.000000	94.347702	155.5539
220.000000	94.295319	155.5529
224.000000	94.195312	155.5526
227.000000	94.118057	155.6260
230.000000	94.047455	155.6801
233.000000	93.977081	155.7599
236.000000	93.908295	155.8442
240.000000	93.797043	156.1661
243.000000	93.760544	156.1279
247.000000	93.675667	156.2519
250.000000	93.614632	156.3764
254.000000	93.534691	156.5465
258.000000	93.454010	156.7372
262.000000	93.379189	156.9257
265.000000	93.319458	157.0734
269.000000	93.247177	157.2735
272.000000	93.195023	157.4242
276.000000	93.124359	157.6140
280.000000	93.050385	157.8622
285.000000	92.969673	158.1407
290.000000	92.888618	158.4331
295.000000	92.807396	158.6943
300.000000	92.726761	158.9414
304.000000	92.675262	159.2716
307.000000	92.629089	159.4517
311.000000	92.572525	159.6919
315.000000	92.513680	159.9343
320.000000	92.445961	160.2520
325.000000	92.377495	160.5785
330.000000	92.314117	160.8913
335.000000	92.250229	161.1996
340.000000	92.186150	161.5412
345.000000	92.121864	161.8740
350.000000	92.062836	162.1964
355.000000	92.009193	162.5656
360.000000	91.945656	162.8962
365.000000	91.893929	163.2342
370.000000	91.842636	163.5976
375.000000	91.790184	163.9532
382.000000	91.717056	164.4283
387.000000	91.664886	164.8172
395.000000	91.592415	165.4077
400.000000	91.547874	165.7917
406.000000	91.500961	166.2403
412.000000	91.458626	166.7012
418.000000	91.418640	167.1208
425.000000	91.366837	167.6028
431.000000	91.320763	168.0232
437.000000	91.278236	168.4336
444.000000	91.231003	168.9327
450.000000	91.196167	169.3364
455.000000	91.165977	169.6864
462.000000	91.119934	170.1517
468.000000	91.084373	170.5688
475.000000	91.045525	171.0563
482.000000	91.000198	171.5255
487.000000	90.976471	171.9059
494.000000	90.938278	172.3707
500.000000	90.904633	172.8124
508.000000	90.867149	173.3662
515.000000	90.835159	173.8707
522.000000	90.805061	174.3708
530.000000	90.767700	174.9015
538.000000	90.735321	175.5133
545.000000	90.710541	175.9742
552.000000	90.681725	176.4896
560.000000	90.654205	177.0406
570.000000	90.623047	177.7585
580.000000	90.597023	178.4840
590.000000	90.568420	179.1751
600.000000	90.544846	179.9321
608.000000	90.524055	-179.5378
615.000000	90.511497	-179.0513
622.000000	90.494247	-178.5421
630.000000	90.483017	-177.9867
640.000000	90.467850	-177.3087
650.000000	90.453789	-176.5938
660.000000	90.445274	-175.8058
670.000000	90.435280	-175.1523
680.000000	90.432800	-174.4503
690.000000	90.426804	-173.7584
700.000000	90.422150	-173.0517
710.000000	90.421684	-172.3157
720.000000	90.412819	-171.5729
730.000000	90.430634	-170.8818
740.000000	90.436432	-170.2016
750.000000	90.449303	-169.4925
762.000000	90.459824	-168.6468
775.000000	90.478592	-167.7339
788.000000	90.503685	-166.8257
800.000000	90.525345	-165.9323
812.000000	90.558487	-165.1107
825.000000	90.593491	-164.1995
838.000000	90.634933	-163.2984
850.000000	90.672798	-162.4628
862.000000	90.721939	-161.6198
875.000000	90.767090	-160.7245
885.000000	90.816376	-160.0663
900.000000	90.886642	-159.1023
912.000000	90.948212	-158.2548
925.000000	91.021805	-157.4052
938.000000	91.097771	-156.5753
950.000000	91.173706	-155.7992
962.000000	91.254654	-155.0779
975.000000	91.341461	-154.2916
988.000000	91.436768	-153.5088
1000.000000	91.524605	-152.8808
1015.000000	91.643967	-152.0580
1030.000000	91.762520	-151.2847
1044.000000	91.881943	-150.6058
1060.000000	92.024338	-149.8932
1075.000000	92.153198	-149.1958
1090.000000	92.289764	-148.6238
1106.000000	92.437935	-148.0078
1120.000000	92.570389	-147.4866
1138.000000	92.745544	-146.9443
1150.000000	92.856659	-146.5895
1172.000000	93.071838	-145.9730
1180.000000	93.150986	-145.7822
1206.000000	93.405640	-145.2004
1220.000000	93.547256	-144.9205
1241.000000	93.762383	-144.6120
1250.000000	93.853561	-144.4641
1265.000000	94.005264	-144.2967
1280.000000	94.165276	-144.1960
1315.000000	94.534348	-144.1025
1320.000000	94.587677	-144.0884
1340.000000	94.793442	-144.2281
1360.000000	94.993095	-144.4235
1380.000000	95.194366	-144.6948
1400.000000	95.391006	-145.0308
1430.000000	95.683327	-145.8042
1450.000000	95.856316	-146.5248
1475.000000	96.033684	-147.5186
1500.000000	96.170692	-148.4767
1525.000000	96.289398	-149.3631
1550.000000	96.396225	-150.1844
1575.000000	96.492172	-150.9293
1600.000000	96.583160	-151.6281
1625.000000	96.669769	-152.3254
1650.000000	96.753296	-153.0180
1675.000000	96.831177	-153.6710
1700.000000	96.908302	-154.3552
1725.000000	96.983170	-155.0031
1750.000000	97.058617	-155.7008
1775.000000	97.134697	-156.4248
1800.000000	97.205788	-157.2387
1825.000000	97.269310	-158.0744
1850.000000	97.320114	-158.9643
1875.000000	97.360390	-159.9052
1900.000000	97.389557	-160.8621
1925.000000	97.405655	-161.8520
1950.000000	97.406097	-162.8784
1975.000000	97.391975	-163.9262
2000.000000	97.356819	-164.9897
2030.000000	97.280624	-166.2527
2060.000000	97.164711	-167.3918
2090.000000	97.012146	-168.3766
2120.000000	96.830818	-169.0199
2140.000000	96.707771	-169.2516
2180.000000	96.479340	-169.2780
2200.000000	96.386047	-169.1384
2240.000000	96.247231	-168.7810
2270.000000	96.174416	-168.5370
2300.000000	96.109238	-168.3601
2330.000000	96.043373	-168.1868
2360.000000	95.977661	-168.0450
2400.000000	95.886467	-167.7453
2430.000000	95.815720	-167.4515
2470.000000	95.732971	-166.8894
2500.000000	95.694176	-166.4092
2540.000000	95.676155	-165.6751
2580.000000	95.697929	-165.1512
2620.000000	95.742584	-164.8864
2650.000000	95.755264	-164.8757
2690.000000	95.750954	-164.8673
2720.000000	95.724579	-164.8429
2760.000000	95.687042	-164.7146
2800.000000	95.648796	-164.4829
2850.000000	95.605156	-163.9927
2900.000000	95.587135	-163.3718
2950.000000	95.601074	-162.6560
3000.000000	95.667297	-162.0172
3040.000000	95.751373	-161.6373
3070.000000	95.823502	-161.4778
3110.000000	95.929733	-161.4790
3150.000000	96.036858	-161.6564
3200.000000	96.164459	-162.1548
3250.000000	96.279984	-163.0145
3300.000000	96.375458	-164.2079
3350.000000	96.428436	-165.7065
3400.000000	96.434341	-167.5334
3450.000000	96.359512	-169.6662
3500.000000	96.187469	-171.9851
3550.000000	95.898712	-174.3227
3600.000000	95.464584	-176.2920
3650.000000	94.911133	-177.5713
3700.000000	94.278717	-177.7981
3750.000000	93.635277	-176.7954
3820.000000	92.854645	-173.5390
3870.000000	92.445412	-170.2589
3950.000000	92.100395	-164.6186
4000.000000	92.049828	-161.2460
4060.000000	92.106453	-157.6178
4120.000000	92.251434	-154.5981
4180.000000	92.440857	-152.1543
4250.000000	92.701782	-150.0177
4310.000000	92.936043	-148.6976
4370.000000	93.160187	-147.7193
4440.000000	93.414169	-147.0469
4500.000000	93.610985	-146.8061
4550.000000	93.758308	-146.8431
4620.000000	93.936874	-147.1707
4680.000000	94.049088	-147.6893
4750.000000	94.143555	-148.4026
4820.000000	94.183998	-149.2304
4870.000000	94.180542	-149.8730
4940.000000	94.147034	-150.7371
5000.000000	94.087296	-151.3976
5080.000000	93.967384	-152.2228
5150.000000	93.831177	-152.7369
5220.000000	93.682220	-153.1659
5300.000000	93.489563	-153.4731
5380.000000	93.282654	-153.5989
5450.000000	93.095848	-153.5562
5520.000000	92.906555	-153.3106
5600.000000	92.683121	-152.8714
5700.000000	92.419525	-151.9950
5800.000000	92.176605	-150.7824
5900.000000	91.972290	-149.3264
6000.000000	91.812874	-147.7013
6080.000000	91.722015	-146.2528
6150.000000	91.656044	-144.9376
6220.000000	91.631577	-143.6171
6300.000000	91.624496	-142.0845
6400.000000	91.662125	-140.1203
6500.000000	91.748978	-138.2448
6600.000000	91.903587	-136.4356
6700.000000	92.097214	-134.6758
6800.000000	92.351120	-133.1447
6900.000000	92.654884	-131.7696
7000.000000	93.022415	-130.7017
7100.000000	93.430115	-129.9765
7200.000000	93.889420	-129.6243
7300.000000	94.395126	-129.7913
7400.000000	94.926971	-130.5667
7500.000000	95.456490	-131.9747
7620.000000	96.064774	-134.4847
7750.000000	96.665062	-138.2868
7880.000000	97.125481	-142.9979
8000.000000	97.389488	-147.6885
8120.000000	97.500671	-152.2250
8250.000000	97.552917	-156.5074
8380.000000	97.624969	-160.4109
8500.000000	97.732056	-164.2309
8620.000000	97.813438	-168.8190
8750.000000	97.772064	-174.3854
8850.000000	97.618423	-178.7837
9000.000000	97.207993	175.0875
9120.000000	96.773659	170.8499
9250.000000	96.258621	167.0756
9380.000000	95.742668	163.9894
9500.000000	95.284554	161.6395
9620.000000	94.874603	159.5297
9750.000000	94.488434	157.3854
9880.000000	94.157494	155.0106
10000.000000	93.884613	152.5867
10150.000000	93.555283	148.7386
10300.000000	93.122932	143.8656
10440.000000	92.528053	138.6558
10600.000000	91.492668	132.9091
10750.000000	90.188629	129.2904
10900.000000	88.771454	129.0323
11060.000000	87.544914	132.6726
11200.000000	86.989815	137.6501
11380.000000	86.965485	143.4466
11500.000000	87.350845	145.1641
11720.000000	88.263618	144.2764
11800.000000	88.629829	142.7662
12060.000000	89.686234	134.0635
12200.000000	90.118828	127.5806
12410.000000	90.588638	116.1533
12500.000000	90.723221	110.7346
12650.000000	90.841507	101.3124
12800.000000	90.879196	91.3516
13150.000000	90.508347	67.1174
13200.000000	90.402664	63.5532
13400.000000	89.896729	49.4142
13600.000000	89.163292	35.4420
13800.000000	88.294235	22.5441
14000.000000	87.336426	10.0715
14300.000000	85.712204	-5.8926
14500.000000	84.653572	-14.9272
14750.000000	83.540962	-24.3186
15000.000000	82.905197	-34.8157
15250.000000	82.381104	-44.1790
15500.000000	82.182190	-55.9613
15750.000000	82.286484	-69.9765
16000.000000	82.697647	-87.5367
16250.000000	83.222000	-110.9485
16500.000000	83.656265	-142.6912
16750.000000	83.115234	177.6022
17000.000000	81.200989	134.4758
17250.000000	78.446793	92.8179
17500.000000	75.654778	50.9855
17750.000000	73.135651	6.1567
18000.000000	71.284126	-42.0294
18250.000000	70.045090	-93.2712
18500.000000	69.264961	-147.7122
18750.000000	68.551567	160.5491
19000.000000	67.907578	104.5771
19250.000000	66.969368	43.9624
19500.000000	65.882393	-22.8647
19750.000000	64.476021	-98.6598
