* Measurement data measured by REW V5.20
* Source: USB-C to 3.5mm Headphone Jack Adapter, USB-C to 3.5mm Headphone Jack Adapter, 0, volume: 0.138
* Format: 256k Log Swept Sine, 1 sweep at -12.0 dBFS with no timing reference
* Dated: Mar 10, 2024 6:37:05 PM
* REW Settings:
*  C-weighting compensation: Off
*  Target level: 75.0 dB
* Note: 
* Measurement: L
* Smoothing: None
* Frequency Step: 1/48 octave
* Start Frequency: 20.000 Hz
*
* Freq(Hz)	SPL(dB)	Phase(degrees)
20.000000	98.507172	-140.2656
20.299999	98.477966	-140.8637
20.600000	98.452896	-141.3220
20.900000	98.431702	-141.6507
21.200001	98.418480	-141.8308
21.400000	98.419968	-141.8641
21.799999	98.465622	-141.8347
22.000000	98.513039	-141.8564
22.400000	98.643616	-142.1619
22.700001	98.744202	-142.7181
23.000000	98.819695	-143.5038
23.299999	98.855331	-144.3765
23.600000	98.853020	-145.1631
24.000000	98.824829	-145.8703
24.299999	98.818085	-146.1628
24.700001	98.857407	-146.4707
25.000000	98.915215	-146.8392
25.400000	98.993881	-147.6336
25.799999	99.034454	-148.6332
26.200001	99.030495	-149.5481
26.500000	99.015564	-150.0587
26.900000	99.009933	-150.5359
27.200001	99.026718	-150.8425
27.600000	99.067673	-151.3392
28.000000	99.106339	-151.9697
28.500000	99.127625	-152.7729
29.000000	99.139137	-153.3676
29.500000	99.180664	-153.8215
30.000000	99.254112	-154.4461
30.400000	99.307129	-155.1720
30.700001	99.327560	-155.7960
31.100000	99.323502	-156.5970
31.500000	99.297424	-157.2247
32.000000	99.272469	-157.7408
32.500000	99.282089	-158.1692
33.000000	99.309258	-158.7456
33.500000	99.321068	-159.4463
34.000000	99.313828	-160.0717
34.500000	99.314247	-160.5535
35.000000	99.338234	-161.0547
35.500000	99.365479	-161.7254
36.000000	99.366470	-162.4721
36.500000	99.343414	-163.0715
37.000000	99.329330	-163.4599
37.500000	99.346115	-163.8145
38.200001	99.385239	-164.5851
38.700001	99.385178	-165.2515
39.500000	99.343788	-166.0312
40.000000	99.331696	-166.3048
40.599998	99.350143	-166.6492
41.200001	99.381348	-167.1846
41.799999	99.394920	-167.8682
42.500000	99.381287	-168.6255
43.099998	99.365700	-169.1486
43.700001	99.360329	-169.6348
44.400002	99.355568	-170.2351
45.000000	99.346336	-170.7103
45.500000	99.343674	-171.0554
46.200001	99.352921	-171.5710
46.799999	99.353897	-172.0976
47.500000	99.331406	-172.6302
48.200001	99.317825	-172.9380
48.700001	99.332596	-173.1565
49.400002	99.362328	-173.6990
50.000000	99.360939	-174.3098
50.799999	99.321068	-174.9978
51.500000	99.285934	-175.4312
52.200001	99.259850	-175.8318
53.000000	99.234589	-176.2707
53.799999	99.221336	-176.7032
54.500000	99.216026	-177.1539
55.200001	99.201744	-177.6548
56.000000	99.174362	-178.1443
57.000000	99.159164	-178.6335
58.000000	99.152290	-179.2160
59.000000	99.139969	-179.7453
60.000000	99.129257	179.6219
60.799999	99.090111	179.1701
61.500000	99.065170	178.9528
62.200001	99.062897	178.6626
63.000000	99.043808	178.1692
64.000000	98.996590	177.7192
65.000000	98.977760	177.2816
66.000000	98.941109	176.6879
67.000000	98.892776	176.3031
68.000000	98.884285	175.9041
69.000000	98.850121	175.2835
70.000000	98.799171	175.0080
71.000000	98.804588	174.6734
72.000000	98.773323	174.0925
73.000000	98.728836	173.8002
74.000000	98.712166	173.4614
75.000000	98.680725	173.0626
76.199997	98.646225	172.6540
77.500000	98.607773	172.1552
78.800003	98.563370	171.7115
80.000000	98.529144	171.2939
81.199997	98.484238	170.8892
82.500000	98.447800	170.4917
83.800003	98.393005	170.0408
85.000000	98.358154	169.7884
86.199997	98.325958	169.3171
87.500000	98.269333	168.9856
88.500000	98.243576	168.6796
90.000000	98.180687	168.3501
91.199997	98.162277	168.0120
92.500000	98.100639	167.6699
93.800003	98.075310	167.4055
95.000000	98.028320	167.0276
96.199997	97.988083	166.7736
97.500000	97.943474	166.4170
98.800003	97.898659	166.1345
100.000000	97.861900	165.8504
101.500000	97.810196	165.5417
103.000000	97.764969	165.2374
104.400002	97.713341	164.9572
106.000000	97.657066	164.6447
107.500000	97.608917	164.3862
109.000000	97.559906	164.0959
110.599998	97.511772	163.7252
112.000000	97.454803	163.5967
113.800003	97.391159	163.2985
115.000000	97.350739	163.1685
117.199997	97.281113	162.7678
118.000000	97.257294	162.6416
120.599998	97.126083	162.1057
122.000000	97.125259	162.0235
124.099998	97.054848	161.8263
125.000000	97.027435	161.6969
126.500000	96.978378	161.5646
128.000000	96.930923	161.3466
131.500000	96.805901	160.9821
132.000000	96.793625	160.8857
134.000000	96.722061	160.6906
136.000000	96.655960	160.4352
138.000000	96.598808	160.2764
140.000000	96.529503	160.1090
143.000000	96.429886	159.8552
145.000000	96.374512	159.7305
147.500000	96.299149	159.6030
150.000000	96.215050	159.5591
152.500000	96.137360	159.3286
155.000000	96.067307	159.1721
157.500000	96.000717	159.0097
160.000000	95.907951	158.8338
162.500000	95.837814	158.7184
165.000000	95.776306	158.6600
167.500000	95.685677	158.5942
170.000000	95.609062	158.5670
172.500000	95.514175	158.5477
175.000000	95.438080	158.4097
177.500000	95.368927	158.4669
180.000000	95.293144	158.2024
182.500000	95.227882	158.4020
185.000000	95.153687	158.5969
187.500000	95.078758	158.7529
190.000000	95.003426	158.8484
192.500000	94.935890	158.9868
195.000000	94.883232	159.1680
197.500000	94.825737	159.3845
200.000000	94.783981	159.6926
203.000000	94.753708	159.9662
206.000000	94.723045	160.2047
209.000000	94.718742	160.2930
212.000000	94.705070	160.2039
214.000000	94.689201	160.2294
218.000000	94.634621	159.9628
220.000000	94.614876	159.8934
224.000000	94.541130	159.6295
227.000000	94.489151	159.5989
230.000000	94.435181	159.5034
233.000000	94.365601	159.4458
236.000000	94.301544	159.3716
240.000000	94.210243	159.4218
243.000000	94.153831	159.4449
247.000000	94.077568	159.5268
250.000000	94.004402	159.5533
254.000000	93.939827	159.6186
258.000000	93.857079	159.7061
262.000000	93.774620	159.8287
265.000000	93.723305	159.8989
269.000000	93.650917	160.0248
272.000000	93.597931	160.1490
276.000000	93.528984	160.3121
280.000000	93.454979	160.4619
285.000000	93.371834	160.6325
290.000000	93.289688	160.8763
295.000000	93.210297	161.0999
300.000000	93.124825	161.3301
304.000000	93.068085	161.4917
307.000000	93.023872	161.7399
311.000000	92.957230	161.8828
315.000000	92.905548	162.0318
320.000000	92.830620	162.3528
325.000000	92.763718	162.6254
330.000000	92.696609	162.9114
335.000000	92.624588	163.1824
340.000000	92.560760	163.4466
345.000000	92.494408	163.7159
350.000000	92.437538	164.0099
355.000000	92.369049	164.3083
360.000000	92.316376	164.6103
365.000000	92.250626	164.9200
370.000000	92.194977	165.2219
375.000000	92.137192	165.5264
382.000000	92.067368	165.9489
387.000000	92.004112	166.2952
395.000000	91.922310	166.8239
400.000000	91.871239	167.0997
406.000000	91.816597	167.5114
412.000000	91.756882	167.8969
418.000000	91.696541	168.3777
425.000000	91.643021	168.7839
431.000000	91.579254	169.2297
437.000000	91.532280	169.6291
444.000000	91.476624	170.1320
450.000000	91.429359	170.5300
455.000000	91.390953	170.8589
462.000000	91.326515	171.4109
468.000000	91.287666	171.7426
475.000000	91.237221	172.2967
482.000000	91.187996	172.8064
487.000000	91.153038	173.1537
494.000000	91.102455	173.6583
500.000000	91.068993	174.1187
508.000000	91.009430	174.7172
515.000000	90.967369	175.2303
522.000000	90.928207	175.7568
530.000000	90.895607	176.3807
538.000000	90.856293	176.9271
545.000000	90.807121	177.4763
552.000000	90.767761	177.9945
560.000000	90.734390	178.6355
570.000000	90.687660	179.3495
580.000000	90.654739	-179.7766
590.000000	90.609818	-178.9154
600.000000	90.587723	-178.1464
608.000000	90.564117	-177.5000
615.000000	90.549179	-176.8563
622.000000	90.548332	-176.3143
630.000000	90.527962	-175.7160
640.000000	90.504936	-174.9406
650.000000	90.503593	-174.2690
660.000000	90.497650	-173.5216
670.000000	90.487900	-172.7147
680.000000	90.468971	-172.0107
690.000000	90.461960	-171.3078
700.000000	90.439468	-170.5540
710.000000	90.443108	-169.8361
720.000000	90.428566	-169.0038
730.000000	90.431213	-168.2753
740.000000	90.425652	-167.4167
750.000000	90.432236	-166.6262
762.000000	90.444824	-165.7567
775.000000	90.453033	-164.6842
788.000000	90.471016	-163.6106
800.000000	90.486038	-162.6869
812.000000	90.507080	-161.6950
825.000000	90.545753	-160.6001
838.000000	90.578743	-159.5108
850.000000	90.625351	-158.5724
862.000000	90.684235	-157.5910
875.000000	90.735374	-156.5420
885.000000	90.788818	-155.7405
900.000000	90.860703	-154.5344
912.000000	90.932159	-153.6093
925.000000	91.020142	-152.6233
938.000000	91.103371	-151.6139
950.000000	91.198257	-150.7719
962.000000	91.299545	-149.8783
975.000000	91.410744	-149.0348
988.000000	91.531219	-148.0723
1000.000000	91.636528	-147.2928
1015.000000	91.792038	-146.3953
1030.000000	91.948547	-145.4785
1044.000000	92.108574	-144.7612
1060.000000	92.289848	-144.0092
1075.000000	92.466309	-143.3345
1090.000000	92.648567	-142.7210
1106.000000	92.842926	-142.2799
1120.000000	93.020515	-141.8408
1138.000000	93.243729	-141.4227
1150.000000	93.386086	-141.2315
1172.000000	93.657097	-140.9804
1180.000000	93.753220	-140.9380
1206.000000	94.051376	-140.8884
1220.000000	94.205887	-140.9404
1241.000000	94.435188	-141.1179
1250.000000	94.530434	-141.2429
1265.000000	94.676376	-141.4481
1280.000000	94.816956	-141.6841
1315.000000	95.120567	-142.3684
1320.000000	95.164375	-142.4760
1340.000000	95.321762	-142.9144
1360.000000	95.467644	-143.4007
1380.000000	95.602119	-143.9180
1400.000000	95.729477	-144.3850
1430.000000	95.904266	-145.1476
1450.000000	96.014687	-145.6601
1475.000000	96.137871	-146.3199
1500.000000	96.252907	-146.9686
1525.000000	96.366379	-147.6159
1550.000000	96.469025	-148.2447
1575.000000	96.565285	-148.9130
1600.000000	96.656982	-149.5899
1625.000000	96.741989	-150.2584
1650.000000	96.819000	-150.9654
1675.000000	96.892365	-151.6360
1700.000000	96.958977	-152.3527
1725.000000	97.023407	-153.0701
1750.000000	97.079491	-153.7997
1775.000000	97.126152	-154.5674
1800.000000	97.170937	-155.3372
1825.000000	97.203026	-156.1337
1850.000000	97.230194	-156.9062
1875.000000	97.244705	-157.7187
1900.000000	97.254021	-158.5175
1925.000000	97.253929	-159.3332
1950.000000	97.242020	-160.1057
1975.000000	97.224159	-160.8836
2000.000000	97.186775	-161.6606
2030.000000	97.148422	-162.5079
2060.000000	97.093842	-163.3427
2090.000000	97.026039	-164.1119
2120.000000	96.947250	-164.8297
2140.000000	96.888046	-165.2749
2180.000000	96.763687	-166.0500
2200.000000	96.699570	-166.3927
2240.000000	96.558472	-166.9776
2270.000000	96.448807	-167.3299
2300.000000	96.338936	-167.5914
2330.000000	96.234428	-167.7943
2360.000000	96.125763	-167.9428
2400.000000	95.983170	-168.0211
2430.000000	95.878731	-168.0386
2470.000000	95.743805	-167.9689
2500.000000	95.645264	-167.8512
2540.000000	95.526108	-167.5995
2580.000000	95.416344	-167.2948
2620.000000	95.315880	-166.9951
2650.000000	95.247353	-166.7047
2690.000000	95.157990	-166.2887
2720.000000	95.098579	-165.9896
2760.000000	95.028160	-165.5951
2800.000000	94.970261	-165.1984
2850.000000	94.902481	-164.7196
2900.000000	94.843452	-164.2566
2950.000000	94.778549	-163.8760
3000.000000	94.711517	-163.4671
3040.000000	94.670685	-163.1297
3070.000000	94.632401	-162.9053
3110.000000	94.580048	-162.5948
3150.000000	94.533844	-162.2612
3200.000000	94.464073	-161.8019
3250.000000	94.405838	-161.3353
3300.000000	94.341316	-160.8057
3350.000000	94.282387	-160.2217
3400.000000	94.234161	-159.6614
3450.000000	94.184380	-159.0460
3500.000000	94.138863	-158.4121
3550.000000	94.109535	-157.7056
3600.000000	94.076851	-157.0402
3650.000000	94.065208	-156.3408
3700.000000	94.052437	-155.6087
3750.000000	94.051880	-154.8902
3820.000000	94.070099	-153.9147
3870.000000	94.100075	-153.2674
3950.000000	94.166344	-152.3867
4000.000000	94.161087	-151.7136
4060.000000	94.270226	-151.3754
4120.000000	94.330292	-150.9270
4180.000000	94.396469	-150.5703
4250.000000	94.469467	-150.2455
4310.000000	94.547234	-150.0092
4370.000000	94.622002	-149.8337
4440.000000	94.711853	-149.8084
4500.000000	94.782578	-149.8381
4550.000000	94.836678	-149.9625
4620.000000	94.918121	-150.2377
4680.000000	94.980324	-150.5570
4750.000000	95.054382	-151.0589
4820.000000	95.113739	-151.6928
4870.000000	95.144112	-152.2175
4940.000000	95.180313	-153.1546
5000.000000	95.195824	-154.1061
5080.000000	95.159943	-155.6052
5150.000000	95.062485	-156.9932
5220.000000	94.912415	-158.2833
5300.000000	94.682617	-159.4499
5380.000000	94.414108	-160.2820
5450.000000	94.164474	-160.7391
5520.000000	93.901321	-160.9691
5600.000000	93.611526	-160.9306
5700.000000	93.248138	-160.4832
5800.000000	92.901772	-159.6500
5900.000000	92.584465	-158.5217
6000.000000	92.277504	-157.2921
6080.000000	92.095703	-155.8445
6150.000000	91.944733	-154.6047
6220.000000	91.801666	-153.2554
6300.000000	91.680321	-151.6684
6400.000000	91.560997	-149.5013
6500.000000	91.490372	-147.3437
6600.000000	91.470482	-145.0654
6700.000000	91.510498	-142.7344
6800.000000	91.610092	-140.5504
6900.000000	91.757256	-138.4176
7000.000000	91.946930	-136.3589
7100.000000	92.164581	-134.2672
7200.000000	92.505356	-131.6423
7300.000000	93.068626	-129.3137
7400.000000	93.824318	-128.2798
7500.000000	94.651375	-128.8326
7620.000000	95.659317	-131.7262
7750.000000	96.621635	-137.8419
7880.000000	97.179672	-146.8466
8000.000000	97.129990	-156.1377
8120.000000	96.538727	-163.8060
8250.000000	95.647972	-169.1298
8380.000000	94.776100	-171.8107
8500.000000	94.083054	-173.0266
8620.000000	93.404488	-173.5396
8750.000000	92.695023	-172.2232
8850.000000	92.364700	-169.9231
9000.000000	92.275017	-166.3753
9120.000000	92.475021	-164.3941
9250.000000	92.883636	-163.6123
9380.000000	93.349174	-164.8322
9500.000000	93.573227	-167.4073
9620.000000	93.580719	-167.9523
9750.000000	94.191742	-167.2679
9880.000000	95.214371	-170.4167
10000.000000	96.058502	-176.6988
10150.000000	96.702873	172.4445
10300.000000	96.936844	159.3678
10440.000000	96.582802	145.1791
10600.000000	95.025055	129.5566
10750.000000	92.772034	122.7555
10900.000000	91.140961	123.0542
11060.000000	90.130768	123.6411
11200.000000	89.495667	123.4798
11380.000000	88.907112	122.6288
11500.000000	88.657578	121.5778
11720.000000	88.372391	116.4954
11800.000000	88.148827	113.2772
12060.000000	86.776428	106.9745
12200.000000	86.352623	104.1751
12410.000000	85.352570	96.3937
12500.000000	84.502274	94.1701
12650.000000	83.180962	95.0261
12800.000000	82.518570	98.8664
13150.000000	82.274315	100.0941
13200.000000	82.210373	99.9997
13400.000000	81.993782	100.4037
13600.000000	82.264824	102.8977
13800.000000	83.202080	103.6060
14000.000000	84.590691	100.0515
14300.000000	86.489388	89.7428
14500.000000	88.286461	81.5648
14750.000000	90.886169	60.4073
15000.000000	92.078644	31.7489
15250.000000	92.693848	5.3865
15500.000000	92.915901	-24.2123
15750.000000	92.750763	-48.0951
16000.000000	93.929382	-78.3041
16250.000000	93.816437	-115.3902
16500.000000	92.878708	-150.9285
16750.000000	92.925385	175.3091
17000.000000	92.443001	134.4337
17250.000000	91.643311	89.3135
17500.000000	89.797592	46.4904
17750.000000	88.658081	3.4929
18000.000000	88.331551	-39.6319
18250.000000	89.238808	-104.5751
18500.000000	86.864464	173.0118
18750.000000	80.539619	94.6190
19000.000000	74.465431	58.5625
19250.000000	75.762306	2.5671
19500.000000	76.860481	-94.6930
19750.000000	76.387810	135.8674
