* Measurement data measured by REW V5.31.3
* Source: USB-C to 3.5mm Headphone Jack Adapter, USB-C to 3.5mm Headphone Jack Adapter, 0, volume: 0.138
* Format: 256k Log Swept Sine, 1 sweep at -12.0 dBFS with no timing reference
* Dated: Apr 8, 2025 8:30:39 PM
* REW Settings:
*  C-weighting compensation: Off
*  Target level: 75.0 dB
* Note: 
* Measurement: R
* Smoothing: None
* Frequency Step: 1/48 octave
* Start Frequency: 20.300 Hz
*
* Freq(Hz)	SPL(dB)	Phase(degrees)
20.299999	106.789	178.4930
20.600000	106.752	177.9461
20.900000	106.709	177.4604
21.200001	106.665	176.9835
21.400000	106.637	176.6663
21.799999	106.585	176.0303
22.000000	106.561	175.7121
22.400000	106.514	175.0829
22.700001	106.478	174.6266
23.000000	106.442	174.1911
23.299999	106.404	173.7795
23.600000	106.365	173.3910
24.000000	106.313	172.9001
24.299999	106.275	172.5429
24.700001	106.225	172.0690
25.000000	106.188	171.7117
25.400000	106.139	171.2353
25.799999	106.089	170.7698
26.200001	106.038	170.3282
26.500000	106.000	170.0166
26.900000	105.949	169.6240
27.200001	105.911	169.3406
27.600000	105.862	168.9664
28.000000	105.813	168.5900
28.500000	105.751	168.1193
29.000000	105.688	167.6661
29.500000	105.627	167.2442
30.000000	105.567	166.8513
30.400000	105.521	166.5498
30.700001	105.486	166.3276
31.100000	105.439	166.0351
31.500000	105.391	165.7487
32.000000	105.330	165.4034
32.500000	105.269	165.0753
33.000000	105.211	164.7632
33.500000	105.153	164.4629
34.000000	105.097	164.1701
34.500000	105.040	163.8837
35.000000	104.982	163.6067
35.500000	104.925	163.3419
36.000000	104.869	163.0890
36.500000	104.815	162.8456
37.000000	104.761	162.6116
37.500000	104.707	162.3900
38.200001	104.631	162.1021
38.700001	104.578	161.9046
39.500000	104.495	161.5862
40.000000	104.444	161.3898
40.599998	104.382	161.1729
41.200001	104.321	160.9819
41.799999	104.263	160.8043
42.500000	104.195	160.5946
43.099998	104.135	160.4169
43.700001	104.075	160.2531
44.400002	104.008	160.0728
45.000000	103.953	159.9165
45.500000	103.906	159.7910
46.200001	103.841	159.6387
46.799999	103.786	159.5284
47.500000	103.722	159.4097
48.200001	103.659	159.2932
48.700001	103.616	159.2025
49.400002	103.558	159.0613
50.000000	103.507	158.9541
50.799999	103.440	158.8617
51.500000	103.385	158.7803
52.200001	103.325	158.6645
53.000000	103.253	158.5554
53.799999	103.192	158.5098
54.500000	103.149	158.4686
55.200001	103.101	158.4079
56.000000	103.035	158.3693
57.000000	102.959	158.3337
58.000000	102.887	158.2156
59.000000	102.814	158.2657
60.000000	102.763	158.3041
60.799999	102.704	158.1697
61.500000	102.642	158.1022
62.200001	102.593	158.0949
63.000000	102.547	158.0658
64.000000	102.481	158.0662
65.000000	102.417	158.0855
66.000000	102.354	158.0715
67.000000	102.295	158.0885
68.000000	102.236	158.1094
69.000000	102.176	158.1300
70.000000	102.120	158.1537
71.000000	102.065	158.1926
72.000000	102.008	158.2260
73.000000	101.951	158.2521
74.000000	101.902	158.2778
75.000000	101.852	158.3276
76.199997	101.793	158.4607
77.500000	101.729	158.4742
78.800003	101.657	158.5577
80.000000	101.605	158.6369
81.199997	101.546	158.7234
82.500000	101.490	158.8127
83.800003	101.430	158.9104
85.000000	101.379	158.9984
86.199997	101.329	159.0894
87.500000	101.275	159.1920
88.500000	101.233	159.2753
90.000000	101.174	159.3928
91.199997	101.127	159.4964
92.500000	101.078	159.6209
93.800003	101.030	159.7300
95.000000	100.985	159.8370
96.199997	100.943	159.9435
97.500000	100.897	160.0692
98.800003	100.852	160.1896
100.000000	100.812	160.2958
101.500000	100.763	160.4451
103.000000	100.715	160.5902
104.400002	100.670	160.7251
106.000000	100.624	160.8832
107.500000	100.578	161.0375
109.000000	100.533	161.1803
110.599998	100.488	161.3425
112.000000	100.448	161.5034
113.800003	100.398	161.6714
115.000000	100.368	161.7961
117.199997	100.310	162.0298
118.000000	100.289	162.1058
120.599998	100.231	162.4059
122.000000	100.191	162.5468
124.099998	100.143	162.7626
125.000000	100.124	162.8662
126.500000	100.090	163.0147
128.000000	100.056	163.1662
131.500000	99.983	163.5386
132.000000	99.972	163.5892
134.000000	99.930	163.8092
136.000000	99.891	164.0220
138.000000	99.853	164.2361
140.000000	99.813	164.4464
143.000000	99.759	164.7851
145.000000	99.724	164.9981
147.500000	99.686	165.2793
150.000000	99.645	165.5590
152.500000	99.604	165.8061
155.000000	99.569	166.0807
157.500000	99.528	166.3481
160.000000	99.490	166.5955
162.500000	99.460	166.8506
165.000000	99.417	167.1859
167.500000	99.385	167.5119
170.000000	99.358	167.8775
172.500000	99.339	168.2162
175.000000	99.325	168.5220
177.500000	99.317	168.8141
180.000000	99.292	168.9414
182.500000	99.313	169.2324
185.000000	99.302	169.3551
187.500000	99.286	169.4840
190.000000	99.264	169.6078
192.500000	99.240	169.7523
195.000000	99.213	169.9275
197.500000	99.188	170.1040
200.000000	99.162	170.3116
203.000000	99.134	170.5629
206.000000	99.109	170.8396
209.000000	99.082	171.1040
212.000000	99.060	171.3939
214.000000	99.046	171.5887
218.000000	99.028	171.9974
220.000000	99.024	172.1944
224.000000	99.022	172.5479
227.000000	99.025	172.7412
230.000000	99.022	172.8863
233.000000	99.014	173.0085
236.000000	98.998	173.1295
240.000000	98.969	173.4178
243.000000	98.958	173.4778
247.000000	98.934	173.7000
250.000000	98.915	173.8780
254.000000	98.891	174.1327
258.000000	98.872	174.3753
262.000000	98.852	174.6357
265.000000	98.834	174.8188
269.000000	98.817	175.0820
272.000000	98.803	175.2672
276.000000	98.786	175.5235
280.000000	98.770	175.7820
285.000000	98.748	176.1134
290.000000	98.732	176.4313
295.000000	98.714	176.7418
300.000000	98.703	177.0272
304.000000	98.691	177.2755
307.000000	98.682	177.4555
311.000000	98.673	177.6874
315.000000	98.661	177.9130
320.000000	98.647	178.2012
325.000000	98.633	178.4843
330.000000	98.617	178.7720
335.000000	98.607	179.0569
340.000000	98.596	179.3446
345.000000	98.583	179.6409
350.000000	98.573	179.9104
355.000000	98.562	-179.7924
360.000000	98.556	-179.5019
365.000000	98.546	-179.2207
370.000000	98.540	-178.9389
375.000000	98.535	-178.6479
382.000000	98.528	-178.2715
387.000000	98.524	-178.0067
395.000000	98.518	-177.5988
400.000000	98.515	-177.3492
406.000000	98.509	-177.0491
412.000000	98.504	-176.7539
418.000000	98.499	-176.4572
425.000000	98.494	-176.1074
431.000000	98.490	-175.8100
437.000000	98.485	-175.5320
444.000000	98.481	-175.1826
450.000000	98.479	-174.8948
455.000000	98.475	-174.6456
462.000000	98.471	-174.3085
468.000000	98.470	-174.0164
475.000000	98.468	-173.6718
482.000000	98.466	-173.3557
487.000000	98.466	-173.0986
494.000000	98.466	-172.7692
500.000000	98.467	-172.4797
508.000000	98.466	-172.0992
515.000000	98.467	-171.7686
522.000000	98.470	-171.4325
530.000000	98.471	-171.0681
538.000000	98.474	-170.7032
545.000000	98.477	-170.3655
552.000000	98.480	-170.0317
560.000000	98.484	-169.6685
570.000000	98.490	-169.2053
580.000000	98.499	-168.7502
590.000000	98.506	-168.2913
600.000000	98.511	-167.8448
608.000000	98.524	-167.4645
615.000000	98.528	-167.1348
622.000000	98.537	-166.8133
630.000000	98.545	-166.4518
640.000000	98.557	-165.9839
650.000000	98.570	-165.5263
660.000000	98.588	-165.0607
670.000000	98.600	-164.6075
680.000000	98.615	-164.1275
690.000000	98.632	-163.6759
700.000000	98.651	-163.1992
710.000000	98.671	-162.7171
720.000000	98.692	-162.2607
730.000000	98.718	-161.7828
740.000000	98.743	-161.3263
750.000000	98.769	-160.8528
762.000000	98.802	-160.2894
775.000000	98.843	-159.6832
788.000000	98.886	-159.0777
800.000000	98.927	-158.5267
812.000000	98.971	-157.9713
825.000000	99.022	-157.3761
838.000000	99.077	-156.7890
850.000000	99.127	-156.2552
862.000000	99.184	-155.7268
875.000000	99.247	-155.1570
885.000000	99.297	-154.7218
900.000000	99.377	-154.1190
912.000000	99.446	-153.6168
925.000000	99.525	-153.0941
938.000000	99.605	-152.5995
950.000000	99.682	-152.1598
962.000000	99.764	-151.7334
975.000000	99.853	-151.2980
988.000000	99.947	-150.8820
1000.000000	100.035	-150.5331
1015.000000	100.149	-150.1167
1030.000000	100.265	-149.7703
1044.000000	100.375	-149.4620
1060.000000	100.503	-149.1743
1075.000000	100.622	-148.9481
1090.000000	100.743	-148.7552
1106.000000	100.871	-148.6186
1120.000000	100.983	-148.5358
1138.000000	101.124	-148.4729
1150.000000	101.218	-148.4679
1172.000000	101.382	-148.5189
1180.000000	101.441	-148.5536
1206.000000	101.625	-148.7457
1220.000000	101.720	-148.8855
1241.000000	101.855	-149.1274
1250.000000	101.913	-149.2440
1265.000000	102.003	-149.4611
1280.000000	102.089	-149.6963
1315.000000	102.276	-150.3113
1320.000000	102.304	-150.3998
1340.000000	102.398	-150.7761
1360.000000	102.488	-151.1806
1380.000000	102.576	-151.5934
1400.000000	102.652	-152.0136
1430.000000	102.761	-152.6735
1450.000000	102.828	-153.1096
1475.000000	102.905	-153.6818
1500.000000	102.975	-154.2518
1525.000000	103.036	-154.8467
1550.000000	103.091	-155.4489
1575.000000	103.141	-156.0479
1600.000000	103.182	-156.6589
1625.000000	103.219	-157.2715
1650.000000	103.247	-157.8882
1675.000000	103.271	-158.5031
1700.000000	103.286	-159.1271
1725.000000	103.296	-159.7411
1750.000000	103.298	-160.3585
1775.000000	103.295	-160.9704
1800.000000	103.284	-161.5815
1825.000000	103.266	-162.1588
1850.000000	103.243	-162.7358
1875.000000	103.213	-163.3058
1900.000000	103.176	-163.8510
1925.000000	103.134	-164.3685
1950.000000	103.085	-164.8810
1975.000000	103.031	-165.3492
2000.000000	102.971	-165.8119
2030.000000	102.896	-166.3050
2060.000000	102.812	-166.7547
2090.000000	102.723	-167.1640
2120.000000	102.628	-167.5341
2140.000000	102.563	-167.7543
2180.000000	102.425	-168.1337
2200.000000	102.355	-168.2901
2240.000000	102.206	-168.5280
2270.000000	102.089	-168.6446
2300.000000	101.971	-168.7083
2330.000000	101.851	-168.7082
2360.000000	101.730	-168.6604
2400.000000	101.565	-168.4864
2430.000000	101.441	-168.2914
2470.000000	101.278	-167.9337
2500.000000	101.157	-167.6039
2540.000000	100.998	-167.0571
2580.000000	100.847	-166.4036
2620.000000	100.700	-165.6685
2650.000000	100.599	-165.0377
2690.000000	100.470	-164.1222
2720.000000	100.379	-163.3885
2760.000000	100.272	-162.3120
2800.000000	100.178	-161.1931
2850.000000	100.083	-159.6877
2900.000000	100.016	-158.1151
2950.000000	99.973	-156.4952
3000.000000	99.964	-154.8561
3040.000000	99.977	-153.5612
3070.000000	99.997	-152.5994
3110.000000	100.041	-151.3577
3150.000000	100.100	-150.1580
3200.000000	100.196	-148.7438
3250.000000	100.314	-147.4583
3300.000000	100.444	-146.2874
3350.000000	100.592	-145.2468
3400.000000	100.751	-144.3597
3450.000000	100.912	-143.5990
3500.000000	101.079	-142.9634
3550.000000	101.249	-142.4521
3600.000000	101.419	-142.0589
3650.000000	101.590	-141.7506
3700.000000	101.761	-141.5307
3750.000000	101.940	-141.3982
3820.000000	102.198	-141.3783
3870.000000	102.391	-141.5388
3950.000000	102.708	-142.1823
4000.000000	102.900	-142.8458
4060.000000	103.118	-143.9345
4120.000000	103.312	-145.3531
4180.000000	103.469	-147.0655
4250.000000	103.593	-149.4278
4310.000000	103.632	-151.6981
4370.000000	103.603	-154.1328
4440.000000	103.460	-157.1092
4500.000000	103.222	-159.6336
4550.000000	102.939	-161.5348
4620.000000	102.411	-163.5663
4680.000000	101.867	-164.4300
4750.000000	101.178	-164.1478
4820.000000	100.514	-162.3288
4870.000000	100.099	-160.1404
4940.000000	99.669	-156.0639
5000.000000	99.485	-151.9203
5080.000000	99.528	-146.2115
5150.000000	99.826	-141.6802
5220.000000	100.318	-138.0807
5300.000000	101.044	-135.4915
5380.000000	101.849	-134.7534
5450.000000	102.543	-135.6470
5520.000000	103.160	-137.8391
5600.000000	103.699	-141.6313
5700.000000	104.047	-147.4893
5800.000000	104.024	-153.3920
5900.000000	103.710	-158.3473
6000.000000	103.228	-161.9566
6080.000000	102.795	-163.8518
6150.000000	102.412	-164.8642
6220.000000	102.048	-165.3704
6300.000000	101.666	-165.4629
6400.000000	101.252	-164.9850
6500.000000	100.922	-164.0800
6600.000000	100.678	-162.8864
6700.000000	100.517	-161.5566
6800.000000	100.441	-160.2008
6900.000000	100.443	-158.9572
7000.000000	100.509	-157.8972
7100.000000	100.634	-156.9912
7200.000000	100.831	-156.2494
7300.000000	101.111	-155.7676
7400.000000	101.491	-155.6379
7500.000000	101.991	-156.1087
7620.000000	102.757	-158.1181
7750.000000	103.727	-163.2470
7880.000000	104.590	-172.7003
8000.000000	104.863	174.8325
8120.000000	104.309	161.4573
8250.000000	102.942	149.8391
8380.000000	101.262	142.5023
8500.000000	99.712	138.6827
8620.000000	98.242	136.8729
8750.000000	96.799	136.5900
8850.000000	95.762	137.1699
9000.000000	94.395	139.0975
9120.000000	93.431	141.2300
9250.000000	92.524	143.8629
9380.000000	91.701	146.8187
9500.000000	91.054	149.6752
9620.000000	90.484	152.6034
9750.000000	89.949	155.7503
9880.000000	89.487	159.0418
10000.000000	89.134	162.0390
10150.000000	88.772	165.5100
10300.000000	88.521	169.3527
10440.000000	88.376	172.5452
10600.000000	88.288	176.1983
10750.000000	88.303	179.4115
10900.000000	88.418	-177.5538
11060.000000	88.673	-174.7326
11200.000000	88.986	-172.5133
11380.000000	89.544	-170.0865
11500.000000	90.010	-168.9839
11720.000000	91.133	-167.9254
11800.000000	91.637	-167.9714
12060.000000	93.653	-171.0266
12200.000000	95.015	-175.3463
12410.000000	97.254	171.8458
12500.000000	98.136	163.0137
12650.000000	98.991	143.8529
12800.000000	98.601	123.1301
13150.000000	95.075	92.4084
13200.000000	94.562	89.9587
13400.000000	92.764	82.6775
13600.000000	91.362	77.7947
13800.000000	90.338	73.9419
14000.000000	89.640	70.3135
14300.000000	89.153	64.7161
14500.000000	89.235	60.1712
14750.000000	89.834	52.9700
15000.000000	91.007	42.4650
15250.000000	93.081	26.4383
15500.000000	95.771	-3.3735
15750.000000	96.295	-54.5531
16000.000000	92.705	-97.3089
16250.000000	88.911	-122.7546
16500.000000	85.933	-141.8939
16750.000000	83.667	-159.4222
17000.000000	81.860	-177.1684
17250.000000	80.441	163.7460
17500.000000	79.427	142.8922
17750.000000	78.691	119.2316
18000.000000	78.310	92.3203
18250.000000	78.180	61.7661
18500.000000	78.414	25.4561
18750.000000	79.044	-18.2339
19000.000000	79.920	-72.2469
19250.000000	80.575	-142.1090
19500.000000	79.882	129.9293
19750.000000	76.527	31.3459
