* Measurement data measured by REW V5.20
* Source: USB-C to 3.5mm Headphone Jack Adapter, USB-C to 3.5mm Headphone Jack Adapter, 0, volume: 0.138
* Format: 256k Log Swept Sine, 1 sweep at -12.0 dBFS with no timing reference
* Dated: Mar 10, 2024 6:40:22 PM
* REW Settings:
*  C-weighting compensation: Off
*  Target level: 75.0 dB
* Note: 
* Measurement: R
* Smoothing: None
* Frequency Step: 1/48 octave
* Start Frequency: 20.000 Hz
*
* Freq(Hz)	SPL(dB)	Phase(degrees)
20.000000	98.368752	-130.7602
20.299999	98.561035	-132.5438
20.600000	98.629013	-134.7731
20.900000	98.554771	-136.9288
21.200001	98.367294	-138.4871
21.400000	98.215515	-138.9885
21.799999	97.984360	-138.7872
22.000000	97.953987	-138.3463
22.400000	98.080086	-137.6389
22.700001	98.272369	-137.8990
23.000000	98.459198	-138.9233
23.299999	98.580116	-140.4455
23.600000	98.615997	-142.0598
24.000000	98.572891	-143.7618
24.299999	98.532295	-144.5644
24.700001	98.536903	-145.2475
25.000000	98.587814	-145.7909
25.400000	98.673508	-146.8064
25.799999	98.721481	-147.9979
26.200001	98.725945	-148.9782
26.500000	98.729187	-149.4518
26.900000	98.771507	-149.8961
27.200001	98.833336	-150.2941
27.600000	98.915100	-151.0909
28.000000	98.948120	-152.0542
28.500000	98.910027	-152.9177
29.000000	98.884537	-153.0619
29.500000	98.963737	-153.0282
30.000000	99.095284	-153.6207
30.400000	99.155807	-154.5432
30.700001	99.154579	-155.2596
31.100000	99.110458	-155.9610
31.500000	99.069870	-156.3023
32.000000	99.076561	-156.5942
32.500000	99.115463	-157.2016
33.000000	99.113548	-158.0205
33.500000	99.073151	-158.5747
34.000000	99.072052	-158.7789
34.500000	99.146469	-159.1270
35.000000	99.230209	-160.0178
35.500000	99.241989	-161.2065
36.000000	99.183838	-162.1193
36.500000	99.129059	-162.5363
37.000000	99.129234	-162.7918
37.500000	99.160110	-163.2670
38.200001	99.165634	-164.1810
38.700001	99.144539	-164.6849
39.500000	99.142914	-165.2757
40.000000	99.156525	-165.7298
40.599998	99.164131	-166.3180
41.200001	99.174057	-166.8767
41.799999	99.189880	-167.5132
42.500000	99.183342	-168.3345
43.099998	99.160011	-168.8672
43.700001	99.156616	-169.2595
44.400002	99.167961	-169.8317
45.000000	99.156334	-170.3209
45.500000	99.148041	-170.5709
46.200001	99.180153	-170.9263
46.799999	99.207214	-171.5825
47.500000	99.155838	-172.3779
48.200001	99.091057	-172.5387
48.700001	99.110840	-172.5622
49.400002	99.165054	-173.2546
50.000000	99.124359	-174.1297
50.799999	99.013878	-174.5042
51.500000	99.027908	-174.5486
52.200001	99.067764	-175.2464
53.000000	99.014732	-176.0562
53.799999	98.993309	-176.2644
54.500000	99.032982	-176.6609
55.200001	99.041397	-177.2272
56.000000	99.045990	-177.6122
57.000000	99.081238	-178.2870
58.000000	99.047981	-178.9681
59.000000	99.006638	-179.4242
60.000000	98.937172	-179.6650
60.799999	98.942444	-179.6739
61.500000	98.972443	179.8257
62.200001	98.934395	179.0940
63.000000	98.855682	178.7062
64.000000	98.846527	178.3816
65.000000	98.839706	177.6401
66.000000	98.803520	177.0442
67.000000	98.778770	176.6319
68.000000	98.771942	176.2427
69.000000	98.753151	175.7839
70.000000	98.726700	175.4012
71.000000	98.695557	174.9089
72.000000	98.633377	174.5304
73.000000	98.613365	174.3380
74.000000	98.612244	173.7702
75.000000	98.560501	173.2803
76.199997	98.542946	172.9122
77.500000	98.496674	172.3862
78.800003	98.473953	172.0092
80.000000	98.423302	171.5864
81.199997	98.389763	171.1902
82.500000	98.341537	170.7898
83.800003	98.315994	170.1812
85.000000	98.260231	169.8146
86.199997	98.237930	169.4029
87.500000	98.190292	169.1083
88.500000	98.185097	168.8184
90.000000	98.109253	168.2293
91.199997	98.059731	168.0912
92.500000	98.024445	167.6825
93.800003	97.970932	167.3589
95.000000	97.942848	167.0275
96.199997	97.907265	166.6080
97.500000	97.846382	166.2526
98.800003	97.806427	166.0908
100.000000	97.772285	165.8344
101.500000	97.741959	165.6134
103.000000	97.695244	165.1126
104.400002	97.637054	164.6307
106.000000	97.561722	164.5087
107.500000	97.498993	163.8091
109.000000	97.453171	163.9885
110.599998	97.410355	163.4779
112.000000	97.386559	163.2729
113.800003	97.318871	162.9785
115.000000	97.289124	162.8421
117.199997	97.181496	162.5389
118.000000	97.186539	162.4237
120.599998	97.066856	162.3364
122.000000	97.049942	161.8185
124.099998	96.988129	161.4618
125.000000	96.975151	161.3188
126.500000	96.895912	161.1191
128.000000	96.870049	161.0082
131.500000	96.771233	160.5810
132.000000	96.757812	160.4737
134.000000	96.707870	160.1511
136.000000	96.624763	160.0710
138.000000	96.548111	159.8665
140.000000	96.482063	159.5639
143.000000	96.410866	159.3764
145.000000	96.335213	159.2036
147.500000	96.259521	158.8412
150.000000	96.178719	158.7378
152.500000	96.140503	158.7354
155.000000	96.061180	158.5462
157.500000	95.977722	158.4222
160.000000	95.913284	157.9544
162.500000	95.778198	157.9756
165.000000	95.764458	157.9814
167.500000	95.689400	157.7248
170.000000	95.618164	157.9544
172.500000	95.422531	157.4696
175.000000	95.467407	156.8733
177.500000	95.434799	157.0892
180.000000	95.446724	157.3335
182.500000	95.266304	157.8956
185.000000	95.186783	156.5686
187.500000	95.210640	157.4246
190.000000	95.110374	156.6970
192.500000	95.097496	157.3616
195.000000	94.983124	157.0149
197.500000	94.918274	157.0154
200.000000	94.881538	157.0721
203.000000	94.854385	157.3273
206.000000	94.716599	157.3212
209.000000	94.644073	157.3774
212.000000	94.582466	157.1119
214.000000	94.545578	157.0690
218.000000	94.472939	157.0256
220.000000	94.407753	157.1451
224.000000	94.343361	157.0268
227.000000	94.247009	157.3825
230.000000	94.194824	157.4331
233.000000	94.134140	157.5945
236.000000	94.076416	157.4321
240.000000	93.985138	157.2248
243.000000	93.962479	157.6392
247.000000	93.863785	157.4359
250.000000	93.778259	157.7392
254.000000	93.695549	157.6799
258.000000	93.656433	157.9716
262.000000	93.564827	157.8828
265.000000	93.489304	157.8688
269.000000	93.426620	158.0969
272.000000	93.406403	158.3781
276.000000	93.351189	158.5816
280.000000	93.269730	158.8348
285.000000	93.146126	158.9646
290.000000	93.107010	158.9531
295.000000	93.037804	159.2125
300.000000	92.936058	159.4664
304.000000	92.861588	159.6684
307.000000	92.834305	159.7342
311.000000	92.778503	159.8500
315.000000	92.723602	160.0667
320.000000	92.639336	160.3289
325.000000	92.564362	160.5538
330.000000	92.491165	160.8400
335.000000	92.430740	161.1042
340.000000	92.346695	161.3112
345.000000	92.283363	161.5354
350.000000	92.238586	161.8582
355.000000	92.168251	162.1973
360.000000	92.080994	162.3771
365.000000	92.046257	162.7386
370.000000	91.994095	163.0724
375.000000	91.932404	163.3921
382.000000	91.845161	163.7715
387.000000	91.796715	164.0722
395.000000	91.710571	164.5492
400.000000	91.657135	165.0723
406.000000	91.597351	165.3447
412.000000	91.530899	165.7771
418.000000	91.482773	166.0427
425.000000	91.426613	166.5746
431.000000	91.362335	166.9718
437.000000	91.310371	167.2788
444.000000	91.235245	167.7991
450.000000	91.209396	168.1311
455.000000	91.164238	168.5385
462.000000	91.101418	169.0385
468.000000	91.051498	169.3835
475.000000	90.990784	169.9746
482.000000	90.959625	170.4121
487.000000	90.924698	170.8609
494.000000	90.888786	171.3208
500.000000	90.849075	171.7231
508.000000	90.822350	172.2502
515.000000	90.781273	172.7185
522.000000	90.734772	173.1475
530.000000	90.689507	173.6633
538.000000	90.652496	174.1571
545.000000	90.606308	174.6486
552.000000	90.577103	175.0543
560.000000	90.532043	175.7049
570.000000	90.485321	176.3635
580.000000	90.442146	177.0383
590.000000	90.392097	177.6916
600.000000	90.352448	178.3579
608.000000	90.327477	178.9644
615.000000	90.296844	179.4697
622.000000	90.269096	179.9754
630.000000	90.240280	-179.4669
640.000000	90.214272	-178.7358
650.000000	90.178848	-178.0412
660.000000	90.154015	-177.2618
670.000000	90.129486	-176.5555
680.000000	90.109245	-175.8041
690.000000	90.090187	-175.0806
700.000000	90.072403	-174.3086
710.000000	90.054314	-173.5418
720.000000	90.040771	-172.7652
730.000000	90.036461	-172.0197
740.000000	90.027985	-171.2901
750.000000	90.026337	-170.5100
762.000000	90.026367	-169.6115
775.000000	90.026215	-168.6310
788.000000	90.028267	-167.6142
800.000000	90.038910	-166.6494
812.000000	90.054520	-165.7591
825.000000	90.074257	-164.7592
838.000000	90.102417	-163.7545
850.000000	90.131279	-162.8126
862.000000	90.164413	-161.8838
875.000000	90.205353	-160.8520
885.000000	90.245041	-160.1161
900.000000	90.308563	-159.0180
912.000000	90.359596	-158.0957
925.000000	90.417015	-157.1348
938.000000	90.488930	-156.1490
950.000000	90.556732	-155.2935
962.000000	90.634972	-154.4941
975.000000	90.723534	-153.6012
988.000000	90.814972	-152.7138
1000.000000	90.900528	-152.0576
1015.000000	91.016937	-151.0242
1030.000000	91.140312	-150.0892
1044.000000	91.261826	-149.3102
1060.000000	91.404297	-148.4622
1075.000000	91.542885	-147.7064
1090.000000	91.688370	-146.9932
1106.000000	91.845604	-146.2924
1120.000000	91.987762	-145.7151
1138.000000	92.175186	-145.1066
1150.000000	92.299019	-144.7096
1172.000000	92.528008	-144.1194
1180.000000	92.607178	-143.9105
1206.000000	92.884811	-143.3947
1220.000000	93.032921	-143.1805
1241.000000	93.248306	-143.0000
1250.000000	93.339020	-142.9513
1265.000000	93.489639	-142.8798
1280.000000	93.633972	-142.8584
1315.000000	93.957138	-143.0102
1320.000000	94.003204	-143.0406
1340.000000	94.174667	-143.2400
1360.000000	94.335960	-143.4844
1380.000000	94.482285	-143.7564
1400.000000	94.626389	-144.0305
1430.000000	94.830963	-144.5138
1450.000000	94.950775	-144.8455
1475.000000	95.100922	-145.2419
1500.000000	95.239929	-145.7050
1525.000000	95.370163	-146.1039
1550.000000	95.500610	-146.5720
1575.000000	95.627815	-147.0552
1600.000000	95.746201	-147.5490
1625.000000	95.857742	-148.1046
1650.000000	95.965103	-148.6650
1675.000000	96.064697	-149.2678
1700.000000	96.161667	-149.8920
1725.000000	96.247368	-150.5474
1750.000000	96.322838	-151.2350
1775.000000	96.390045	-151.9087
1800.000000	96.447472	-152.6098
1825.000000	96.498917	-153.3157
1850.000000	96.541946	-154.0357
1875.000000	96.576508	-154.7449
1900.000000	96.594894	-155.4198
1925.000000	96.608948	-156.0801
1950.000000	96.614304	-156.7292
1975.000000	96.616943	-157.3480
2000.000000	96.611008	-157.8805
2030.000000	96.598610	-158.6669
2060.000000	96.575317	-159.2872
2090.000000	96.543549	-159.8688
2120.000000	96.513359	-160.3952
2140.000000	96.491615	-160.7379
2180.000000	96.443275	-161.3415
2200.000000	96.420212	-161.6283
2240.000000	96.362778	-162.1148
2270.000000	96.320770	-162.4715
2300.000000	96.280144	-162.7668
2330.000000	96.242165	-163.0984
2360.000000	96.202606	-163.3900
2400.000000	96.144096	-163.7576
2430.000000	96.101440	-164.0243
2470.000000	96.036446	-164.3350
2500.000000	95.989700	-164.5897
2540.000000	95.924164	-164.8987
2580.000000	95.850021	-165.1709
2620.000000	95.770386	-165.4138
2650.000000	95.705582	-165.5333
2690.000000	95.618515	-165.7061
2720.000000	95.551598	-165.7914
2760.000000	95.458702	-165.8930
2800.000000	95.363602	-165.9036
2850.000000	95.241653	-165.8252
2900.000000	95.120644	-165.6603
2950.000000	94.998596	-165.4117
3000.000000	94.882927	-165.1452
3040.000000	94.801682	-164.7254
3070.000000	94.746178	-164.4699
3110.000000	94.673752	-164.0420
3150.000000	94.605637	-163.6106
3200.000000	94.526047	-163.0213
3250.000000	94.460892	-162.3758
3300.000000	94.402390	-161.7496
3350.000000	94.366074	-161.0984
3400.000000	94.335114	-160.4957
3450.000000	94.314941	-159.8522
3500.000000	94.303787	-159.2189
3550.000000	94.294662	-158.6362
3600.000000	94.300117	-158.0859
3650.000000	94.320229	-157.5919
3700.000000	94.336319	-157.1148
3750.000000	94.359116	-156.6910
3820.000000	94.401184	-156.2180
3870.000000	94.432358	-155.9177
3950.000000	94.485222	-155.6068
4000.000000	94.572578	-155.4619
4060.000000	94.550858	-155.4240
4120.000000	94.582245	-155.3834
4180.000000	94.605804	-155.4527
4250.000000	94.620659	-155.5830
4310.000000	94.630508	-155.7812
4370.000000	94.627586	-155.9710
4440.000000	94.606735	-156.3181
4500.000000	94.570587	-156.6414
4550.000000	94.530426	-156.8774
4620.000000	94.456177	-157.2098
4680.000000	94.381577	-157.3805
4750.000000	94.275253	-157.5423
4820.000000	94.159630	-157.5220
4870.000000	94.077797	-157.4197
4940.000000	93.976120	-157.1200
5000.000000	93.905701	-156.7881
5080.000000	93.824615	-156.3114
5150.000000	93.793205	-155.9538
5220.000000	93.780319	-155.7725
5300.000000	93.772583	-155.8155
5380.000000	93.733215	-156.2230
5450.000000	93.663918	-156.6706
5520.000000	93.542908	-157.1017
5600.000000	93.366882	-157.4787
5700.000000	93.091553	-157.5545
5800.000000	92.805939	-157.1391
5900.000000	92.523682	-156.1840
6000.000000	92.305046	-154.9803
6080.000000	92.104301	-153.6254
6150.000000	91.984161	-152.4322
6220.000000	91.885315	-151.1146
6300.000000	91.811401	-149.5696
6400.000000	91.756905	-147.5999
6500.000000	91.750542	-145.5746
6600.000000	91.788879	-143.5703
6700.000000	91.877838	-141.5289
6800.000000	92.032532	-139.5140
6900.000000	92.249489	-137.6072
7000.000000	92.546722	-135.7974
7100.000000	92.907501	-134.2744
7200.000000	93.362106	-133.0933
7300.000000	93.897621	-132.4353
7400.000000	94.534195	-132.4780
7500.000000	95.252258	-133.4546
7620.000000	96.211510	-136.5510
7750.000000	97.202370	-143.1668
7880.000000	97.788475	-153.3606
8000.000000	97.702904	-163.9855
8120.000000	97.011940	-173.3990
8250.000000	95.916206	179.5795
8380.000000	94.735680	175.6023
8500.000000	93.705536	173.9593
8620.000000	92.784233	173.6183
8750.000000	91.924507	174.4463
8850.000000	91.349243	175.6855
9000.000000	90.683983	178.1765
9120.000000	90.284683	-179.4361
9250.000000	89.997459	-176.5770
9380.000000	89.863907	-173.8184
9500.000000	89.852051	-171.1301
9620.000000	90.002304	-168.3071
9750.000000	90.394302	-165.6067
9880.000000	91.041771	-163.8123
10000.000000	91.870392	-163.5241
10150.000000	92.973755	-165.4674
10300.000000	94.250206	-170.7315
10440.000000	95.388779	-179.2483
10600.000000	96.301727	166.6182
10750.000000	96.409050	149.9843
10900.000000	95.577744	133.1865
11060.000000	93.832664	118.8848
11200.000000	91.944611	111.1864
11380.000000	89.622375	107.4820
11500.000000	88.394943	107.8618
11720.000000	86.941856	110.3689
11800.000000	86.628662	110.9514
12060.000000	86.007355	110.6017
12200.000000	85.806641	109.0250
12410.000000	85.559631	104.7763
12500.000000	85.441345	102.4257
12650.000000	85.189186	97.4062
12800.000000	84.797485	91.3052
13150.000000	82.505417	77.0233
13200.000000	82.000961	76.0977
13400.000000	80.171196	76.7792
13600.000000	79.060600	82.8769
13800.000000	78.917862	90.9191
14000.000000	79.825195	97.6795
14300.000000	82.855072	98.9321
14500.000000	85.163841	90.8292
14750.000000	87.638412	73.5908
15000.000000	89.760620	51.9577
15250.000000	91.748291	25.3688
15500.000000	93.222939	-7.9071
15750.000000	93.581543	-45.6737
16000.000000	92.871643	-81.0387
16250.000000	92.228790	-114.4850
16500.000000	90.942963	-150.2114
16750.000000	89.797379	-176.4548
17000.000000	90.224220	149.5366
17250.000000	90.102737	106.0520
17500.000000	88.990837	58.8401
17750.000000	87.211365	14.4503
18000.000000	86.102661	-28.8699
18250.000000	85.768471	-79.0912
18500.000000	85.229553	-136.3942
18750.000000	85.052803	158.4927
19000.000000	84.819618	79.4595
19250.000000	84.098946	-13.4200
19500.000000	83.016266	-124.9076
19750.000000	81.020386	96.6477
