* Measurement data measured by REW V5.31.3
* Source: USB-C to 3.5mm Headphone Jack Adapter, no input selected, 0, volume: no control
* Format: 256k Log Swept Sine, 1 sweep at -12.0 dBFS with no timing reference
* Dated: Apr 10, 2026 11:25:19 PM
* REW Settings:
*  C-weighting compensation: Off
*  Target level: 75.0 dB
* Note: ; 
* Measurement: L
* Smoothing: None
* Frequency Step: 1/48 octave
* Start Frequency: 20.000 Hz
*
* Freq(Hz)	SPL(dB)	Phase(degrees)
20.000000	111.256	-170.7991
20.299999	111.248	-171.4008
20.600000	111.240	-171.9916
20.900000	111.232	-172.5754
21.200001	111.223	-173.1546
21.400000	111.217	-173.5380
21.799999	111.202	-174.2924
22.000000	111.193	-174.6604
22.400000	111.175	-175.3734
22.700001	111.161	-175.8883
23.000000	111.148	-176.3913
23.299999	111.137	-176.8891
23.600000	111.125	-177.3875
24.000000	111.109	-178.0545
24.299999	111.095	-178.5511
24.700001	111.074	-179.1968
25.000000	111.057	-179.6639
25.400000	111.035	179.7336
25.799999	111.014	179.1441
26.200001	110.992	178.5594
26.500000	110.975	178.1258
26.900000	110.950	177.5624
27.200001	110.931	177.1554
27.600000	110.906	176.6314
28.000000	110.883	176.1187
28.500000	110.854	175.4765
29.000000	110.823	174.8337
29.500000	110.789	174.2096
30.000000	110.754	173.6154
30.400000	110.728	173.1544
30.700001	110.708	172.8105
31.100000	110.682	172.3511
31.500000	110.654	171.8944
32.000000	110.618	171.3392
32.500000	110.581	170.8074
33.000000	110.546	170.2921
33.500000	110.511	169.7837
34.000000	110.476	169.2809
34.500000	110.439	168.7881
35.000000	110.403	168.3080
35.500000	110.366	167.8397
36.000000	110.329	167.3824
36.500000	110.291	166.9359
37.000000	110.254	166.4978
37.500000	110.217	166.0647
38.200001	110.163	165.4684
38.700001	110.124	165.0562
39.500000	110.063	164.4186
40.000000	110.025	164.0236
40.599998	109.978	163.5533
41.200001	109.930	163.1008
41.799999	109.883	162.6682
42.500000	109.829	162.1700
43.099998	109.782	161.7468
43.700001	109.734	161.3396
44.400002	109.679	160.8796
45.000000	109.632	160.4883
45.500000	109.591	160.1738
46.200001	109.536	159.7576
46.799999	109.492	159.3893
47.500000	109.436	158.9310
48.200001	109.373	158.5273
48.700001	109.333	158.2864
49.400002	109.289	157.9001
50.000000	109.243	157.4953
50.799999	109.164	157.0747
51.500000	109.116	156.8490
52.200001	109.089	156.4593
53.000000	109.023	155.8354
53.799999	108.927	155.4865
54.500000	108.872	155.3345
55.200001	108.834	155.0457
56.000000	108.772	154.6459
57.000000	108.692	154.2480
58.000000	108.616	153.8298
59.000000	108.540	153.4411
60.000000	108.464	153.0111
60.799999	108.397	152.7202
61.500000	108.345	152.5036
62.200001	108.296	152.2536
63.000000	108.235	151.9689
64.000000	108.162	151.6662
65.000000	108.090	151.3359
66.000000	108.013	151.0333
67.000000	107.942	150.7472
68.000000	107.869	150.4403
69.000000	107.794	150.1611
70.000000	107.722	149.9020
71.000000	107.652	149.6330
72.000000	107.580	149.3803
73.000000	107.510	149.1597
74.000000	107.443	148.9255
75.000000	107.374	148.6907
76.199997	107.290	148.4396
77.500000	107.203	148.1733
78.800003	107.112	147.9069
80.000000	107.032	147.7111
81.199997	106.954	147.4871
82.500000	106.868	147.2684
83.800003	106.783	147.0589
85.000000	106.705	146.8801
86.199997	106.629	146.6989
87.500000	106.544	146.5200
88.500000	106.482	146.3943
90.000000	106.389	146.2050
91.199997	106.316	146.0602
92.500000	106.236	145.9094
93.800003	106.158	145.7694
95.000000	106.086	145.6599
96.199997	106.017	145.5422
97.500000	105.941	145.4278
98.800003	105.866	145.3174
100.000000	105.796	145.2229
101.500000	105.710	145.1163
103.000000	105.624	145.0266
104.400002	105.549	144.9427
106.000000	105.462	144.8474
107.500000	105.381	144.7668
109.000000	105.300	144.6962
110.599998	105.213	144.6263
112.000000	105.141	144.5707
113.800003	105.048	144.5082
115.000000	104.990	144.4853
117.199997	104.879	144.4711
118.000000	104.840	144.4222
120.599998	104.724	144.4866
122.000000	104.642	144.3806
124.099998	104.539	144.3544
125.000000	104.499	144.3692
126.500000	104.430	144.3402
128.000000	104.360	144.3614
131.500000	104.203	144.3870
132.000000	104.181	144.3923
134.000000	104.093	144.4138
136.000000	104.005	144.4541
138.000000	103.922	144.4876
140.000000	103.836	144.5424
143.000000	103.712	144.6215
145.000000	103.632	144.6730
147.500000	103.532	144.7713
150.000000	103.433	144.8718
152.500000	103.338	144.9726
155.000000	103.243	145.0744
157.500000	103.151	145.1900
160.000000	103.060	145.3064
162.500000	102.971	145.4316
165.000000	102.886	145.5698
167.500000	102.798	145.7163
170.000000	102.713	145.8683
172.500000	102.630	146.0096
175.000000	102.547	146.1663
177.500000	102.469	146.3406
180.000000	102.382	146.5471
182.500000	102.310	146.6679
185.000000	102.236	146.8231
187.500000	102.160	146.9997
190.000000	102.086	147.1829
192.500000	102.013	147.3629
195.000000	101.942	147.5422
197.500000	101.873	147.7282
200.000000	101.804	147.9237
203.000000	101.720	148.1641
206.000000	101.640	148.3941
209.000000	101.563	148.6601
212.000000	101.486	148.9144
214.000000	101.433	149.0867
218.000000	101.336	149.4362
220.000000	101.286	149.6241
224.000000	101.193	149.9879
227.000000	101.127	150.2870
230.000000	101.062	150.5812
233.000000	101.001	150.8743
236.000000	100.945	151.1220
240.000000	100.864	151.6258
243.000000	100.807	151.7686
247.000000	100.731	152.0539
250.000000	100.674	152.3084
254.000000	100.596	152.6606
258.000000	100.520	153.0033
262.000000	100.446	153.3710
265.000000	100.390	153.6570
269.000000	100.320	154.0453
272.000000	100.269	154.3395
276.000000	100.208	154.7636
280.000000	100.146	155.1704
285.000000	100.081	155.6158
290.000000	100.015	156.0515
295.000000	99.948	156.4824
300.000000	99.860	156.9709
304.000000	99.824	157.2218
307.000000	99.780	157.4748
311.000000	99.726	157.8411
315.000000	99.671	158.1753
320.000000	99.607	158.6495
325.000000	99.546	159.0814
330.000000	99.487	159.5336
335.000000	99.424	159.9972
340.000000	99.370	160.4802
345.000000	99.312	160.9174
350.000000	99.258	161.3727
355.000000	99.208	161.8226
360.000000	99.171	162.2899
365.000000	99.112	162.7517
370.000000	99.068	163.2188
375.000000	99.023	163.6616
382.000000	98.961	164.2894
387.000000	98.924	164.7641
395.000000	98.859	165.4624
400.000000	98.825	165.9126
406.000000	98.781	166.4558
412.000000	98.734	166.9762
418.000000	98.699	167.5008
425.000000	98.651	168.1280
431.000000	98.616	168.6501
437.000000	98.577	169.1760
444.000000	98.539	169.7889
450.000000	98.502	170.3225
455.000000	98.482	170.7478
462.000000	98.440	171.3744
468.000000	98.417	171.8782
475.000000	98.386	172.4941
482.000000	98.358	173.0978
487.000000	98.334	173.5292
494.000000	98.315	174.1274
500.000000	98.296	174.6340
508.000000	98.269	175.3201
515.000000	98.247	175.8771
522.000000	98.234	176.4432
530.000000	98.214	177.0891
538.000000	98.199	177.7498
545.000000	98.181	178.2834
552.000000	98.168	178.8644
560.000000	98.148	179.4960
570.000000	98.136	-179.7156
580.000000	98.121	-178.9030
590.000000	98.108	-178.1382
600.000000	98.108	-177.3320
608.000000	98.094	-176.7088
615.000000	98.094	-176.1683
622.000000	98.087	-175.6171
630.000000	98.090	-174.9910
640.000000	98.086	-174.2145
650.000000	98.092	-173.4584
660.000000	98.108	-172.5341
670.000000	98.110	-171.9098
680.000000	98.112	-171.1616
690.000000	98.129	-170.4038
700.000000	98.141	-169.6338
710.000000	98.156	-168.9021
720.000000	98.168	-168.0693
730.000000	98.199	-167.3953
740.000000	98.224	-166.6589
750.000000	98.243	-165.9141
762.000000	98.280	-165.0457
775.000000	98.322	-164.0885
788.000000	98.367	-163.1499
800.000000	98.414	-162.2881
812.000000	98.467	-161.4148
825.000000	98.521	-160.5085
838.000000	98.585	-159.5972
850.000000	98.647	-158.7671
862.000000	98.708	-157.9545
875.000000	98.784	-157.0743
885.000000	98.846	-156.4182
900.000000	98.953	-155.5265
912.000000	99.024	-154.6673
925.000000	99.118	-153.8810
938.000000	99.216	-153.0968
950.000000	99.314	-152.4113
962.000000	99.409	-151.7330
975.000000	99.519	-151.0227
988.000000	99.635	-150.3796
1000.000000	99.744	-149.7844
1015.000000	99.879	-149.0786
1030.000000	100.024	-148.4307
1044.000000	100.158	-147.8663
1060.000000	100.313	-147.2494
1075.000000	100.464	-146.7429
1090.000000	100.617	-146.2446
1106.000000	100.783	-145.8157
1120.000000	100.930	-145.4555
1138.000000	101.118	-145.0709
1150.000000	101.241	-144.8607
1172.000000	101.474	-144.5494
1180.000000	101.559	-144.4527
1206.000000	101.827	-144.2488
1220.000000	101.968	-144.1785
1241.000000	102.177	-144.1380
1250.000000	102.270	-144.1500
1265.000000	102.417	-144.1830
1280.000000	102.563	-144.2661
1315.000000	102.894	-144.5407
1320.000000	102.947	-144.5513
1340.000000	103.123	-144.8079
1360.000000	103.308	-145.0890
1380.000000	103.489	-145.4413
1400.000000	103.674	-145.8072
1430.000000	103.946	-146.5818
1450.000000	104.117	-147.1873
1475.000000	104.322	-148.0332
1500.000000	104.518	-148.9779
1525.000000	104.705	-150.0150
1550.000000	104.875	-151.1554
1575.000000	105.033	-152.4010
1600.000000	105.175	-153.7319
1625.000000	105.298	-155.1547
1650.000000	105.400	-156.6497
1675.000000	105.479	-158.2062
1700.000000	105.537	-159.8170
1725.000000	105.568	-161.4646
1750.000000	105.572	-163.1251
1775.000000	105.546	-164.7762
1800.000000	105.488	-166.3947
1825.000000	105.411	-167.9364
1850.000000	105.302	-169.3946
1875.000000	105.165	-170.7288
1900.000000	105.004	-171.9222
1925.000000	104.823	-172.8700
1950.000000	104.634	-173.5921
1975.000000	104.444	-174.0342
2000.000000	104.277	-174.2291
2030.000000	104.122	-174.2809
2060.000000	104.018	-174.4097
2090.000000	103.934	-174.8174
2120.000000	103.834	-175.4635
2140.000000	103.743	-175.9433
2180.000000	103.517	-176.8509
2200.000000	103.381	-177.2159
2240.000000	103.085	-177.7591
2270.000000	102.846	-177.9049
2300.000000	102.597	-177.8806
2330.000000	102.342	-177.6185
2360.000000	102.080	-177.1420
2400.000000	101.733	-175.9929
2430.000000	101.506	-174.6628
2470.000000	101.294	-172.4185
2500.000000	101.243	-170.6785
2540.000000	101.277	-168.9768
2580.000000	101.304	-168.0041
2620.000000	101.285	-167.4000
2650.000000	101.237	-166.9443
2690.000000	101.159	-166.1729
2720.000000	101.097	-165.5431
2760.000000	101.019	-164.5562
2800.000000	100.945	-163.4458
2850.000000	100.879	-161.9976
2900.000000	100.840	-160.4562
2950.000000	100.826	-158.8960
3000.000000	100.840	-157.3189
3040.000000	100.876	-156.1479
3070.000000	100.905	-155.2610
3110.000000	100.964	-154.1194
3150.000000	101.034	-153.0619
3200.000000	101.136	-151.8463
3250.000000	101.252	-150.7531
3300.000000	101.372	-149.8204
3350.000000	101.501	-148.8861
3400.000000	101.635	-148.0951
3450.000000	101.775	-147.3550
3500.000000	101.921	-146.7003
3550.000000	102.077	-146.1198
3600.000000	102.252	-145.6342
3650.000000	102.442	-145.3766
3700.000000	102.637	-145.3285
3750.000000	102.825	-145.5105
3820.000000	103.075	-146.1564
3870.000000	103.224	-146.8696
3950.000000	103.399	-148.4309
4000.000000	103.454	-149.5846
4060.000000	103.448	-151.0120
4120.000000	103.370	-152.2569
4180.000000	103.235	-153.1389
4250.000000	103.061	-153.5812
4310.000000	102.940	-153.6126
4370.000000	102.851	-153.5139
4440.000000	102.767	-153.5332
4500.000000	102.669	-153.6892
4550.000000	102.559	-153.7222
4620.000000	102.364	-153.3463
4680.000000	102.217	-152.4051
4750.000000	102.148	-150.7983
4820.000000	102.228	-149.2669
4870.000000	102.359	-148.5585
4940.000000	102.564	-148.3352
5000.000000	102.722	-148.8527
5080.000000	102.836	-150.1927
5150.000000	102.826	-151.6229
5220.000000	102.706	-152.9988
5300.000000	102.463	-154.0916
5380.000000	102.153	-154.4045
5450.000000	101.886	-153.8975
5520.000000	101.685	-152.7446
5600.000000	101.591	-151.2880
5700.000000	101.603	-150.1669
5800.000000	101.598	-149.7819
5900.000000	101.539	-149.6041
6000.000000	101.440	-149.3125
6080.000000	101.349	-148.9037
6150.000000	101.277	-148.5045
6220.000000	101.207	-148.0367
6300.000000	101.136	-147.4024
6400.000000	101.058	-146.5868
6500.000000	100.991	-145.6537
6600.000000	100.951	-144.6300
6700.000000	100.933	-143.4600
6800.000000	100.941	-142.2167
6900.000000	100.983	-140.9094
7000.000000	101.086	-139.4198
7100.000000	101.242	-137.9124
7200.000000	101.498	-136.4913
7300.000000	101.840	-135.3806
7400.000000	102.258	-134.7242
7500.000000	102.752	-134.7200
7620.000000	103.410	-135.8512
7750.000000	104.131	-138.7849
7880.000000	104.747	-143.6881
8000.000000	105.084	-149.6495
8120.000000	105.103	-156.0789
8250.000000	104.809	-162.3323
8380.000000	104.316	-167.0970
8500.000000	103.806	-170.1824
8620.000000	103.308	-172.1821
8750.000000	102.836	-173.3493
8850.000000	102.542	-173.7835
9000.000000	102.242	-173.9492
9120.000000	102.124	-174.0580
9250.000000	102.116	-174.4201
9380.000000	102.198	-175.3739
9500.000000	102.314	-176.9590
9620.000000	102.443	-179.0836
9750.000000	102.552	177.4278
9880.000000	102.542	173.5170
10000.000000	102.410	169.5680
10150.000000	102.091	164.8955
10300.000000	101.677	160.9204
10440.000000	101.246	157.7717
10600.000000	100.753	154.9099
10750.000000	100.319	152.7504
10900.000000	99.934	150.9102
11060.000000	99.577	149.3725
11200.000000	99.352	148.2620
11380.000000	99.207	147.0841
11500.000000	99.225	146.2467
11720.000000	99.517	143.8549
11800.000000	99.708	142.5887
12060.000000	100.527	136.0833
12200.000000	101.063	131.1249
12410.000000	102.022	121.1815
12500.000000	102.492	115.7783
12650.000000	103.327	104.5742
12800.000000	104.110	89.5659
13150.000000	103.422	39.7139
13200.000000	102.860	32.7141
13400.000000	99.966	10.3347
13600.000000	96.893	-3.8157
13800.000000	94.102	-13.1415
14000.000000	91.676	-19.4444
14300.000000	88.562	-26.3627
14500.000000	86.891	-29.6600
14750.000000	85.034	-33.2901
15000.000000	83.636	-35.5110
15250.000000	82.386	-37.7150
15500.000000	81.830	-38.9031
15750.000000	81.886	-41.1215
16000.000000	82.580	-45.7028
16250.000000	83.658	-55.4627
16500.000000	84.995	-70.5154
16750.000000	86.188	-89.2585
17000.000000	87.535	-111.3362
17250.000000	89.242	-138.9901
17500.000000	91.305	-176.6249
17750.000000	92.655	128.3347
18000.000000	90.690	63.6392
18250.000000	86.538	9.2736
18500.000000	82.361	-38.2388
18750.000000	78.281	-86.7116
19000.000000	74.348	-138.5813
19250.000000	70.847	163.3298
19500.000000	67.156	98.1609
19750.000000	61.147	8.4265
