* Measurement data measured by REW V5.20
* Source: USB-C to 3.5mm Headphone Jack Adapter, USB-C to 3.5mm Headphone Jack Adapter, 0, volume: 0.138
* Format: 256k Log Swept Sine, 1 sweep at -12.0 dBFS with no timing reference
* Dated: Jul 22, 2024 6:54:39 PM
* REW Settings:
*  C-weighting compensation: Off
*  Target level: 75.0 dB
* Note: 
* Measurement: R
* Smoothing: None
* Frequency Step: 1/48 octave
* Start Frequency: 20.300 Hz
*
* Freq(Hz)	SPL(dB)	Phase(degrees)
20.299999	98.683571	-140.0216
20.600000	98.709328	-140.8328
20.900000	98.731445	-141.5392
21.200001	98.759186	-142.2442
21.400000	98.781723	-142.7292
21.799999	98.831917	-143.7403
22.000000	98.856911	-144.2564
22.400000	98.902374	-145.2676
22.700001	98.931320	-145.9682
23.000000	98.957611	-146.6038
23.299999	98.983627	-147.1828
23.600000	99.011009	-147.7314
24.000000	99.048798	-148.4711
24.299999	99.075241	-149.0573
24.700001	99.104050	-149.8800
25.000000	99.120499	-150.5042
25.400000	99.138962	-151.3097
25.799999	99.159637	-152.0658
26.200001	99.185997	-152.7877
26.500000	99.208130	-153.3240
26.900000	99.235596	-154.0429
27.200001	99.251602	-154.5794
27.600000	99.265846	-155.2718
28.000000	99.275230	-155.9264
28.500000	99.287674	-156.7096
29.000000	99.303757	-157.5033
29.500000	99.318390	-158.3213
30.000000	99.327164	-159.1200
30.400000	99.331924	-159.7174
30.700001	99.336327	-160.1436
31.100000	99.344528	-160.7021
31.500000	99.353828	-161.2719
32.000000	99.362541	-162.0026
32.500000	99.366447	-162.7208
33.000000	99.369888	-163.3987
33.500000	99.376343	-164.0502
34.000000	99.382599	-164.7034
34.500000	99.382767	-165.3548
35.000000	99.376305	-165.9752
35.500000	99.368958	-166.5565
36.000000	99.365883	-167.1293
36.500000	99.366104	-167.7244
37.000000	99.365379	-168.3338
37.500000	99.362259	-168.9235
38.200001	99.357880	-169.6895
38.700001	99.355057	-170.2159
39.500000	99.343536	-171.0479
40.000000	99.332047	-171.5463
40.599998	99.319763	-172.1293
41.200001	99.310410	-172.7284
41.799999	99.300072	-173.3451
42.500000	99.285309	-174.0453
43.099998	99.272865	-174.6171
43.700001	99.260071	-175.1734
44.400002	99.242157	-175.7989
45.000000	99.224541	-176.3151
45.500000	99.208359	-176.7389
46.200001	99.184891	-177.3229
46.799999	99.168480	-177.8257
47.500000	99.152298	-178.4480
48.200001	99.127762	-179.0488
48.700001	99.106743	-179.3917
49.400002	99.086266	-179.7873
50.000000	99.073029	179.8204
50.799999	99.040047	179.1961
51.500000	99.009338	178.6570
52.200001	98.992622	178.0771
53.000000	98.966476	177.4053
53.799999	98.932007	176.9520
54.500000	98.912971	176.6138
55.200001	98.886452	176.1689
56.000000	98.840881	175.6719
57.000000	98.807602	175.0981
58.000000	98.772591	174.4300
59.000000	98.720543	173.8857
60.000000	98.682175	173.3548
60.799999	98.653999	172.8859
61.500000	98.625351	172.5091
62.200001	98.597137	172.1835
63.000000	98.567871	171.7863
64.000000	98.517471	171.2346
65.000000	98.468948	170.7963
66.000000	98.433975	170.3043
67.000000	98.386414	169.8268
68.000000	98.349533	169.4027
69.000000	98.308693	168.9272
70.000000	98.261986	168.5039
71.000000	98.217438	168.0794
72.000000	98.168182	167.7016
73.000000	98.123451	167.3646
74.000000	98.076370	166.9646
75.000000	98.024643	166.5760
76.199997	97.978958	166.1271
77.500000	97.923141	165.6157
78.800003	97.857880	165.2289
80.000000	97.809090	164.8634
81.199997	97.754944	164.4286
82.500000	97.694038	164.0584
83.800003	97.636940	163.6530
85.000000	97.582207	163.3087
86.199997	97.531357	162.9741
87.500000	97.471817	162.6404
88.500000	97.428574	162.3662
90.000000	97.354454	161.9602
91.199997	97.304161	161.6707
92.500000	97.245590	161.3598
93.800003	97.185349	161.0914
95.000000	97.132645	160.7932
96.199997	97.079285	160.5229
97.500000	97.025749	160.2786
98.800003	96.965042	159.9887
100.000000	96.912560	159.7817
101.500000	96.851410	159.5308
103.000000	96.785187	159.2411
104.400002	96.724091	159.0066
106.000000	96.662453	158.7197
107.500000	96.592361	158.4805
109.000000	96.530510	158.2690
110.599998	96.463516	158.0530
112.000000	96.407806	157.8234
113.800003	96.331444	157.5983
115.000000	96.281204	157.4507
117.199997	96.194481	157.1621
118.000000	96.160950	157.0341
120.599998	96.077003	156.8504
122.000000	95.994675	156.6949
124.099998	95.917389	156.4396
125.000000	95.883034	156.3727
126.500000	95.824806	156.2209
128.000000	95.765091	156.1053
131.500000	95.634712	155.8279
132.000000	95.615852	155.7929
134.000000	95.538788	155.6586
136.000000	95.463737	155.5483
138.000000	95.391159	155.4116
140.000000	95.315598	155.3078
143.000000	95.212296	155.1461
145.000000	95.136223	155.0843
147.500000	95.051849	154.9630
150.000000	94.965729	154.8886
152.500000	94.880630	154.8341
155.000000	94.792961	154.7894
157.500000	94.708740	154.7538
160.000000	94.630219	154.7227
162.500000	94.550491	154.7101
165.000000	94.471001	154.6976
167.500000	94.393814	154.7062
170.000000	94.316841	154.6753
172.500000	94.241592	154.7240
175.000000	94.166473	154.7304
177.500000	94.091843	154.7921
180.000000	94.004860	154.7854
182.500000	93.951904	154.8948
185.000000	93.877266	154.9266
187.500000	93.810356	155.0272
190.000000	93.742065	155.0908
192.500000	93.686462	155.2214
195.000000	93.619644	155.2756
197.500000	93.559227	155.3535
200.000000	93.492302	155.4376
203.000000	93.412857	155.5672
206.000000	93.333473	155.7083
209.000000	93.250160	155.9451
212.000000	93.184036	156.2548
214.000000	93.143959	156.5194
218.000000	93.115517	156.8682
220.000000	93.098999	156.9456
224.000000	93.053612	156.8959
227.000000	93.005615	156.8580
230.000000	92.943954	156.8269
233.000000	92.879364	156.8584
236.000000	92.817604	156.9465
240.000000	92.771324	157.0632
243.000000	92.670433	157.1737
247.000000	92.588036	157.3385
250.000000	92.529518	157.4915
254.000000	92.454231	157.6856
258.000000	92.386017	157.8820
262.000000	92.309784	158.0623
265.000000	92.254799	158.2479
269.000000	92.190102	158.4792
272.000000	92.137329	158.6264
276.000000	92.068291	158.8657
280.000000	92.003250	159.0820
285.000000	91.927422	159.4083
290.000000	91.846375	159.7108
295.000000	91.776588	160.0273
300.000000	91.710732	160.3606
304.000000	91.646790	160.6254
307.000000	91.604950	160.8331
311.000000	91.552780	161.0977
315.000000	91.500679	161.3642
320.000000	91.443779	161.6974
325.000000	91.378944	162.0125
330.000000	91.319199	162.3439
335.000000	91.262787	162.6781
340.000000	91.205109	163.0083
345.000000	91.148636	163.3631
350.000000	91.097702	163.6912
355.000000	91.038857	164.0671
360.000000	90.980606	164.3739
365.000000	90.938873	164.7357
370.000000	90.890648	165.0874
375.000000	90.844650	165.4456
382.000000	90.777611	165.9387
387.000000	90.730118	166.2866
395.000000	90.664062	166.8773
400.000000	90.623291	167.2441
406.000000	90.573814	167.6664
412.000000	90.529861	168.0790
418.000000	90.483604	168.5021
425.000000	90.436447	168.9879
431.000000	90.400574	169.4120
437.000000	90.353790	169.8629
444.000000	90.312317	170.3625
450.000000	90.274338	170.7852
455.000000	90.242867	171.1295
462.000000	90.198479	171.6524
468.000000	90.167938	172.0802
475.000000	90.132385	172.5623
482.000000	90.099548	173.0645
487.000000	90.071350	173.4390
494.000000	90.043587	173.9456
500.000000	90.009506	174.3430
508.000000	89.979500	174.9001
515.000000	89.953934	175.3912
522.000000	89.924026	175.8715
530.000000	89.898132	176.4553
538.000000	89.864700	177.0002
545.000000	89.842735	177.4925
552.000000	89.822479	177.9812
560.000000	89.793686	178.5438
570.000000	89.770203	179.2330
580.000000	89.745453	179.9238
590.000000	89.719910	-179.3788
600.000000	89.706261	-178.7355
608.000000	89.678337	-178.1220
615.000000	89.667793	-177.6363
622.000000	89.660904	-177.1301
630.000000	89.645287	-176.6057
640.000000	89.636375	-175.8952
650.000000	89.627739	-175.2123
660.000000	89.606384	-174.5815
670.000000	89.611397	-173.8452
680.000000	89.605629	-173.1366
690.000000	89.601562	-172.4182
700.000000	89.604691	-171.7343
710.000000	89.607162	-171.0766
720.000000	89.599876	-170.3534
730.000000	89.616493	-169.6743
740.000000	89.626381	-168.9507
750.000000	89.639595	-168.2747
762.000000	89.655205	-167.4602
775.000000	89.672859	-166.5678
788.000000	89.700256	-165.6510
800.000000	89.724609	-164.8502
812.000000	89.758835	-164.0152
825.000000	89.790657	-163.1230
838.000000	89.832840	-162.2471
850.000000	89.872833	-161.4444
862.000000	89.921898	-160.6346
875.000000	89.976761	-159.7935
885.000000	90.020081	-159.1014
900.000000	90.091797	-158.1988
912.000000	90.153267	-157.3705
925.000000	90.227608	-156.5761
938.000000	90.304123	-155.7575
950.000000	90.372414	-155.0389
962.000000	90.450668	-154.3746
975.000000	90.537994	-153.6114
988.000000	90.633202	-152.8773
1000.000000	90.723740	-152.2725
1015.000000	90.838684	-151.5003
1030.000000	90.950958	-150.7762
1044.000000	91.066521	-150.1777
1060.000000	91.197716	-149.4588
1075.000000	91.325203	-148.8725
1090.000000	91.450188	-148.3199
1106.000000	91.584824	-147.7441
1120.000000	91.709923	-147.2869
1138.000000	91.859283	-146.7416
1150.000000	91.963623	-146.3730
1172.000000	92.149361	-145.7699
1180.000000	92.226685	-145.5607
1206.000000	92.450768	-144.8979
1220.000000	92.572647	-144.5795
1241.000000	92.764740	-144.1147
1250.000000	92.847832	-143.9084
1265.000000	92.989716	-143.6065
1280.000000	93.137009	-143.3456
1315.000000	93.499130	-142.7888
1320.000000	93.560524	-142.7420
1340.000000	93.778488	-142.5361
1360.000000	94.012131	-142.4355
1380.000000	94.261398	-142.4483
1400.000000	94.524063	-142.7675
1430.000000	94.903458	-143.7356
1450.000000	95.116425	-144.6880
1475.000000	95.327248	-146.0170
1500.000000	95.484818	-147.2827
1525.000000	95.605995	-148.5047
1550.000000	95.704300	-149.5746
1575.000000	95.793037	-150.5658
1600.000000	95.876816	-151.5050
1625.000000	95.955276	-152.4248
1650.000000	96.028160	-153.3253
1675.000000	96.097351	-154.2634
1700.000000	96.153198	-155.2477
1725.000000	96.200752	-156.2742
1750.000000	96.232895	-157.3338
1775.000000	96.243111	-158.4144
1800.000000	96.228523	-159.5238
1825.000000	96.179596	-160.5349
1850.000000	96.110535	-161.4344
1875.000000	96.015923	-162.1592
1900.000000	95.915436	-162.6360
1925.000000	95.818863	-162.8974
1950.000000	95.748459	-162.9718
1975.000000	95.698402	-162.9737
2000.000000	95.669281	-162.9759
2030.000000	95.644882	-163.1050
2060.000000	95.622574	-163.2332
2090.000000	95.605415	-163.3596
2120.000000	95.593895	-163.4972
2140.000000	95.595901	-163.6309
2180.000000	95.587914	-164.0230
2200.000000	95.574577	-164.2698
2240.000000	95.525429	-164.7443
2270.000000	95.466042	-165.0427
2300.000000	95.404022	-165.2502
2330.000000	95.337830	-165.3638
2360.000000	95.264565	-165.3719
2400.000000	95.177246	-165.1752
2430.000000	95.130371	-164.8988
2470.000000	95.101212	-164.4813
2500.000000	95.112503	-164.2323
2540.000000	95.134644	-164.1862
2580.000000	95.136436	-164.3305
2620.000000	95.118896	-164.5027
2650.000000	95.088936	-164.6077
2690.000000	95.035568	-164.6683
2720.000000	94.993752	-164.6336
2760.000000	94.938446	-164.4170
2800.000000	94.900452	-164.0793
2850.000000	94.899300	-163.5342
2900.000000	94.952126	-163.1108
2950.000000	95.039650	-162.9607
3000.000000	95.150620	-163.1587
3040.000000	95.238861	-163.6041
3070.000000	95.307678	-164.1497
3110.000000	95.379822	-165.1547
3150.000000	95.415504	-166.4961
3200.000000	95.390930	-168.4790
3250.000000	95.260933	-170.7361
3300.000000	95.005531	-173.0048
3350.000000	94.609955	-175.0463
3400.000000	94.086586	-176.4677
3450.000000	93.468857	-176.8814
3500.000000	92.819534	-176.1449
3550.000000	92.218040	-174.1462
3600.000000	91.721588	-171.2143
3650.000000	91.363228	-167.6497
3700.000000	91.167587	-163.9391
3750.000000	91.101517	-160.3096
3820.000000	91.163895	-155.7843
3870.000000	91.291496	-153.0884
3950.000000	91.565041	-149.5970
4000.000000	91.766891	-147.8905
4060.000000	92.016487	-146.2653
4120.000000	92.267151	-145.0836
4180.000000	92.510872	-144.2295
4250.000000	92.771355	-143.6248
4310.000000	92.983315	-143.4609
4370.000000	93.166550	-143.4404
4440.000000	93.349998	-143.7274
4500.000000	93.479309	-144.1102
4550.000000	93.569008	-144.5203
4620.000000	93.667191	-145.2133
4680.000000	93.717216	-145.9118
4750.000000	93.745949	-146.7451
4820.000000	93.733078	-147.6341
4870.000000	93.709091	-148.2500
4940.000000	93.640984	-149.0576
5000.000000	93.562515	-149.7038
5080.000000	93.419388	-150.4925
5150.000000	93.273827	-151.0441
5220.000000	93.110611	-151.4495
5300.000000	92.908401	-151.7100
5380.000000	92.690247	-151.7794
5450.000000	92.504684	-151.6760
5520.000000	92.314766	-151.3690
5600.000000	92.098289	-150.8952
5700.000000	91.850449	-150.0351
5800.000000	91.629196	-148.9041
5900.000000	91.431618	-147.5328
6000.000000	91.289284	-146.0009
6080.000000	91.194901	-144.7407
6150.000000	91.132095	-143.5587
6220.000000	91.091156	-142.3546
6300.000000	91.081917	-140.8920
6400.000000	91.113564	-139.1293
6500.000000	91.186455	-137.3642
6600.000000	91.323761	-135.5677
6700.000000	91.497925	-134.0153
6800.000000	91.739891	-132.5115
6900.000000	92.028870	-131.2621
7000.000000	92.376312	-130.1929
7100.000000	92.778313	-129.5153
7200.000000	93.222931	-129.1690
7300.000000	93.722099	-129.4169
7400.000000	94.248337	-130.2891
7500.000000	94.767700	-131.7781
7620.000000	95.373840	-134.5217
7750.000000	95.935959	-138.6173
7880.000000	96.318069	-143.5507
8000.000000	96.482315	-148.1574
8120.000000	96.512863	-152.2487
8250.000000	96.513100	-155.7492
8380.000000	96.594643	-158.7855
8500.000000	96.752243	-161.9087
8620.000000	96.915474	-165.7339
8750.000000	97.014015	-170.6141
8850.000000	97.007797	-174.6649
9000.000000	96.868790	179.2320
9120.000000	96.656143	174.4732
9250.000000	96.356895	169.5994
9380.000000	96.007141	164.9577
9500.000000	95.642120	160.6883
9620.000000	95.246796	156.4746
9750.000000	94.747849	151.7275
9880.000000	94.114014	146.8396
10000.000000	93.369179	142.5485
10150.000000	92.197845	138.4623
10300.000000	90.869537	136.9253
10440.000000	89.749260	138.2223
10600.000000	88.809311	141.8221
10750.000000	88.380371	145.7842
10900.000000	88.329056	148.9585
11060.000000	88.525688	150.8718
11200.000000	88.831703	150.9666
11380.000000	89.301010	149.2075
11500.000000	89.653267	146.8313
11720.000000	90.216995	140.4769
11800.000000	90.402893	137.5536
12060.000000	90.870178	126.0692
12200.000000	90.994041	118.9313
12410.000000	91.036896	107.4478
12500.000000	91.007729	102.2602
12650.000000	90.887589	93.6064
12800.000000	90.737556	84.8275
13150.000000	90.199806	63.5750
13200.000000	90.098686	60.4132
13400.000000	89.674416	47.5855
13600.000000	89.134834	34.6003
13800.000000	88.458809	21.7617
14000.000000	87.675041	9.4836
14300.000000	86.366898	-7.2621
14500.000000	85.517982	-17.2094
14750.000000	84.625740	-28.4420
15000.000000	84.031326	-39.4363
15250.000000	83.797150	-50.0686
15500.000000	83.854019	-63.3243
15750.000000	84.115829	-79.1572
16000.000000	84.674561	-98.4055
16250.000000	85.370132	-123.0073
16500.000000	85.971710	-155.5291
16750.000000	85.726120	162.8246
17000.000000	83.876335	117.1978
17250.000000	80.897964	74.1398
17500.000000	77.678322	32.9331
17750.000000	74.765785	-8.7733
18000.000000	72.352501	-54.4127
18250.000000	70.645401	-103.4659
18500.000000	69.405006	-155.8013
18750.000000	68.590958	148.2247
19000.000000	68.034973	90.0442
19250.000000	67.449493	27.0020
19500.000000	66.304001	-41.4547
19750.000000	64.868385	-121.2173
