* Measurement data measured by REW V5.31.3
* Source: USB-C to 3.5mm Headphone Jack Adapter, no input selected, 0, volume: 0.138
* Format: 256k Log Swept Sine, 1 sweep at -12.0 dBFS with no timing reference
* Dated: Oct 22, 2025 2:18:22 PM
* REW Settings:
*  C-weighting compensation: Off
*  Target level: 75.0 dB
* Note: ; 
* Measurement: R Oct 22
* Smoothing: None
* Frequency Step: 1/48 octave
* Start Frequency: 20.000 Hz
*
* Freq(Hz)	SPL(dB)	Phase(degrees)
20.000000	99.525	-172.8356
20.299999	99.508	-173.4682
20.600000	99.496	-174.0999
20.900000	99.485	-174.7521
21.200001	99.471	-175.4267
21.400000	99.458	-175.8789
21.799999	99.423	-176.7461
22.000000	99.403	-177.1449
22.400000	99.363	-177.8631
22.700001	99.339	-178.3491
23.000000	99.322	-178.8218
23.299999	99.310	-179.3096
23.600000	99.300	-179.8278
24.000000	99.282	179.4435
24.299999	99.262	178.8951
24.700001	99.230	178.2001
25.000000	99.204	177.7169
25.400000	99.172	177.1119
25.799999	99.145	176.5175
26.200001	99.120	175.9045
26.500000	99.099	175.4304
26.900000	99.065	174.7972
27.200001	99.036	174.3386
27.600000	98.993	173.7687
28.000000	98.952	173.2499
28.500000	98.906	172.6453
29.000000	98.867	172.0336
29.500000	98.830	171.3845
30.000000	98.786	170.7211
30.400000	98.746	170.2121
30.700001	98.715	169.8527
31.100000	98.675	169.3990
31.500000	98.639	168.9557
32.000000	98.594	168.3935
32.500000	98.546	167.8290
33.000000	98.494	167.2950
33.500000	98.444	166.8043
34.000000	98.398	166.3320
34.500000	98.354	165.8475
35.000000	98.309	165.3511
35.500000	98.259	164.8683
36.000000	98.209	164.4167
36.500000	98.161	163.9882
37.000000	98.115	163.5636
37.500000	98.069	163.1378
38.200001	98.003	162.5586
38.700001	97.956	162.1628
39.500000	97.881	161.5443
40.000000	97.833	161.1704
40.599998	97.776	160.7427
41.200001	97.720	160.3203
41.799999	97.662	159.8960
42.500000	97.589	159.4386
43.099998	97.531	159.0754
43.700001	97.475	158.6817
44.400002	97.399	158.2162
45.000000	97.334	157.9007
45.500000	97.291	157.6532
46.200001	97.240	157.1796
46.799999	97.179	156.7078
47.500000	97.098	156.2903
48.200001	97.034	155.9174
48.700001	96.986	155.5829
49.400002	96.896	155.2255
50.000000	96.831	155.1580
50.799999	96.800	155.0012
51.500000	96.766	154.5785
52.200001	96.701	154.2209
53.000000	96.637	153.9191
53.799999	96.560	153.4933
54.500000	96.469	153.2764
55.200001	96.402	153.2097
56.000000	96.347	152.9435
57.000000	96.248	152.5172
58.000000	96.152	152.1821
59.000000	96.053	151.8529
60.000000	95.974	151.6181
60.799999	95.917	151.3222
61.500000	95.856	151.0755
62.200001	95.797	150.8846
63.000000	95.731	150.6626
64.000000	95.645	150.4307
65.000000	95.567	150.2171
66.000000	95.482	149.9643
67.000000	95.395	149.7798
68.000000	95.318	149.5855
69.000000	95.240	149.3729
70.000000	95.162	149.1729
71.000000	95.087	148.9912
72.000000	95.012	148.8267
73.000000	94.942	148.6864
74.000000	94.867	148.5165
75.000000	94.788	148.5035
76.199997	94.740	148.3572
77.500000	94.622	147.9611
78.800003	94.517	147.9680
80.000000	94.431	147.8136
81.199997	94.344	147.7260
82.500000	94.256	147.5863
83.800003	94.169	147.4680
85.000000	94.088	147.3793
86.199997	94.014	147.3141
87.500000	93.928	147.2165
88.500000	93.863	147.2052
90.000000	93.773	147.1055
91.199997	93.693	147.0560
92.500000	93.614	147.0193
93.800003	93.535	146.9665
95.000000	93.461	146.9450
96.199997	93.392	146.9261
97.500000	93.315	146.9200
98.800003	93.243	146.9124
100.000000	93.175	146.9006
101.500000	93.090	146.9012
103.000000	93.011	146.9205
104.400002	92.936	146.9016
106.000000	92.847	146.9296
107.500000	92.769	146.9566
109.000000	92.689	147.0118
110.599998	92.609	147.0406
112.000000	92.537	147.0856
113.800003	92.449	147.1480
115.000000	92.394	147.1805
117.199997	92.293	147.2802
118.000000	92.252	147.2986
120.599998	92.149	147.4119
122.000000	92.067	147.5098
124.099998	91.973	147.6280
125.000000	91.934	147.6918
126.500000	91.870	147.7631
128.000000	91.806	147.8412
131.500000	91.660	148.0615
132.000000	91.640	148.1082
134.000000	91.563	148.2512
136.000000	91.481	148.4297
138.000000	91.390	148.5347
140.000000	91.352	148.7617
143.000000	91.204	148.7125
145.000000	91.160	149.0653
147.500000	91.058	149.3013
150.000000	90.969	149.4573
152.500000	90.890	149.7117
155.000000	90.807	149.8923
157.500000	90.723	150.1622
160.000000	90.645	150.3753
162.500000	90.570	150.5922
165.000000	90.498	150.8651
167.500000	90.424	151.0939
170.000000	90.350	151.3365
172.500000	90.280	151.5501
175.000000	90.212	151.7953
177.500000	90.146	152.0491
180.000000	90.080	152.2455
182.500000	90.021	152.5308
185.000000	89.958	152.7739
187.500000	89.897	153.0314
190.000000	89.836	153.2982
192.500000	89.773	153.5440
195.000000	89.720	153.7955
197.500000	89.661	154.0387
200.000000	89.604	154.2870
203.000000	89.543	154.6307
206.000000	89.480	154.9072
209.000000	89.418	155.2043
212.000000	89.358	155.5226
214.000000	89.320	155.7349
218.000000	89.243	156.1647
220.000000	89.205	156.3551
224.000000	89.133	156.7658
227.000000	89.075	157.0564
230.000000	89.027	157.3928
233.000000	88.982	157.7014
236.000000	88.926	158.0320
240.000000	88.880	158.2756
243.000000	88.816	158.7106
247.000000	88.756	159.1523
250.000000	88.709	159.4279
254.000000	88.647	159.8691
258.000000	88.592	160.2825
262.000000	88.531	160.6755
265.000000	88.494	160.9891
269.000000	88.441	161.4424
272.000000	88.398	161.7578
276.000000	88.342	162.1669
280.000000	88.289	162.6237
285.000000	88.239	163.3588
290.000000	88.160	163.9066
295.000000	88.128	164.5200
300.000000	88.086	165.2296
304.000000	88.091	165.7087
307.000000	88.086	165.9599
311.000000	88.079	166.2627
315.000000	88.062	166.5399
320.000000	88.031	166.8179
325.000000	87.991	167.2046
330.000000	87.945	167.5479
335.000000	87.902	167.9553
340.000000	87.866	168.3674
345.000000	87.821	168.7676
350.000000	87.785	169.2286
355.000000	87.743	169.6215
360.000000	87.718	170.0952
365.000000	87.682	170.5175
370.000000	87.651	170.9440
375.000000	87.625	171.3437
382.000000	87.581	171.9711
387.000000	87.556	172.4115
395.000000	87.517	173.1028
400.000000	87.493	173.5101
406.000000	87.457	174.0459
412.000000	87.434	174.5567
418.000000	87.414	175.0591
425.000000	87.383	175.6321
431.000000	87.355	176.1021
437.000000	87.340	176.6300
444.000000	87.316	177.1793
450.000000	87.292	177.6830
455.000000	87.275	178.1041
462.000000	87.254	178.6597
468.000000	87.242	179.1266
475.000000	87.227	179.7108
482.000000	87.208	-179.7168
487.000000	87.201	-179.3831
494.000000	87.186	-178.7828
500.000000	87.176	-178.3224
508.000000	87.166	-177.7374
515.000000	87.159	-177.1865
522.000000	87.146	-176.6809
530.000000	87.137	-176.0842
538.000000	87.126	-175.4622
545.000000	87.117	-174.9221
552.000000	87.116	-174.4003
560.000000	87.110	-173.8286
570.000000	87.104	-173.0841
580.000000	87.097	-172.3302
590.000000	87.093	-171.5966
600.000000	87.100	-170.8187
608.000000	87.099	-170.2988
615.000000	87.095	-169.7844
622.000000	87.104	-169.2560
630.000000	87.105	-168.6986
640.000000	87.112	-167.9738
650.000000	87.123	-167.2209
660.000000	87.136	-166.5810
670.000000	87.136	-165.7889
680.000000	87.158	-165.1073
690.000000	87.170	-164.3564
700.000000	87.189	-163.6387
710.000000	87.210	-162.9342
720.000000	87.233	-162.2286
730.000000	87.255	-161.4822
740.000000	87.286	-160.7818
750.000000	87.312	-160.0798
762.000000	87.347	-159.2403
775.000000	87.390	-158.3476
788.000000	87.434	-157.4632
800.000000	87.487	-156.6705
812.000000	87.523	-155.7891
825.000000	87.585	-154.9204
838.000000	87.640	-154.0668
850.000000	87.697	-153.2336
862.000000	87.757	-152.4219
875.000000	87.828	-151.5974
885.000000	87.885	-150.9247
900.000000	87.974	-150.0048
912.000000	88.045	-149.2063
925.000000	88.135	-148.4256
938.000000	88.226	-147.6332
950.000000	88.309	-146.8868
962.000000	88.402	-146.1873
975.000000	88.510	-145.4709
988.000000	88.614	-144.8018
1000.000000	88.712	-144.1759
1015.000000	88.840	-143.4353
1030.000000	88.972	-142.7257
1044.000000	89.102	-142.1321
1060.000000	89.245	-141.4873
1075.000000	89.389	-140.9052
1090.000000	89.532	-140.3662
1106.000000	89.682	-139.8464
1120.000000	89.816	-139.4627
1138.000000	89.983	-138.9680
1150.000000	90.099	-138.6681
1172.000000	90.308	-138.2158
1180.000000	90.385	-138.0481
1206.000000	90.624	-137.6164
1220.000000	90.751	-137.4404
1241.000000	90.945	-137.1768
1250.000000	91.021	-137.0770
1265.000000	91.160	-136.9824
1280.000000	91.289	-136.8777
1315.000000	91.589	-136.7274
1320.000000	91.631	-136.6879
1340.000000	91.811	-136.6927
1360.000000	91.983	-136.6869
1380.000000	92.153	-136.7381
1400.000000	92.325	-136.8204
1430.000000	92.584	-137.0617
1450.000000	92.760	-137.2657
1475.000000	92.982	-137.6493
1500.000000	93.197	-138.1932
1525.000000	93.414	-138.8204
1550.000000	93.617	-139.6959
1575.000000	93.798	-140.7769
1600.000000	93.942	-142.0306
1625.000000	94.028	-143.4352
1650.000000	94.050	-144.6533
1675.000000	94.023	-145.5278
1700.000000	93.993	-146.0251
1725.000000	93.999	-146.2659
1750.000000	94.038	-146.4455
1775.000000	94.110	-146.5955
1800.000000	94.202	-146.9090
1825.000000	94.294	-147.2984
1850.000000	94.378	-147.8291
1875.000000	94.459	-148.4617
1900.000000	94.521	-149.1656
1925.000000	94.575	-149.8921
1950.000000	94.616	-150.6850
1975.000000	94.631	-151.4541
2000.000000	94.635	-152.2030
2030.000000	94.610	-153.0258
2060.000000	94.562	-153.6208
2090.000000	94.519	-153.8854
2120.000000	94.525	-153.8577
2140.000000	94.592	-153.7877
2180.000000	94.815	-154.6324
2200.000000	94.897	-155.6104
2240.000000	94.908	-157.8302
2270.000000	94.835	-159.2638
2300.000000	94.719	-160.4920
2330.000000	94.581	-161.5095
2360.000000	94.426	-162.3125
2400.000000	94.203	-163.0622
2430.000000	94.026	-163.3975
2470.000000	93.800	-163.4758
2500.000000	93.643	-163.2457
2540.000000	93.483	-162.6683
2580.000000	93.395	-162.0123
2620.000000	93.376	-161.6788
2650.000000	93.353	-161.7056
2690.000000	93.293	-161.8644
2720.000000	93.234	-162.0480
2760.000000	93.157	-162.2955
2800.000000	93.080	-162.6404
2850.000000	92.938	-163.5052
2900.000000	92.631	-164.5339
2950.000000	92.161	-164.3972
3000.000000	91.773	-162.7247
3040.000000	91.570	-161.2277
3070.000000	91.433	-160.2253
3110.000000	91.248	-158.7286
3150.000000	91.089	-156.8003
3200.000000	91.012	-154.1659
3250.000000	91.031	-151.8732
3300.000000	91.087	-149.8930
3350.000000	91.161	-148.2932
3400.000000	91.222	-146.8504
3450.000000	91.279	-145.4378
3500.000000	91.364	-143.9509
3550.000000	91.478	-142.6425
3600.000000	91.600	-141.5210
3650.000000	91.723	-140.4896
3700.000000	91.856	-139.6100
3750.000000	91.976	-138.8822
3820.000000	92.132	-138.0243
3870.000000	92.237	-137.4336
3950.000000	92.406	-136.6180
4000.000000	92.469	-136.2444
4060.000000	92.530	-135.3765
4120.000000	92.653	-134.2660
4180.000000	92.855	-133.3456
4250.000000	93.111	-133.1452
4310.000000	93.323	-133.7418
4370.000000	93.414	-134.9775
4440.000000	93.176	-135.8361
4500.000000	92.927	-134.1134
4550.000000	92.907	-131.6810
4620.000000	93.198	-128.1657
4680.000000	93.692	-126.8134
4750.000000	94.132	-126.8882
4820.000000	94.496	-127.3226
4870.000000	94.726	-127.8024
4940.000000	95.021	-128.7236
5000.000000	95.245	-129.7214
5080.000000	95.498	-131.3031
5150.000000	95.679	-132.9151
5220.000000	95.831	-134.7743
5300.000000	95.914	-137.4016
5380.000000	95.798	-140.4064
5450.000000	95.457	-142.0853
5520.000000	95.112	-141.5279
5600.000000	95.101	-140.0130
5700.000000	95.272	-140.3680
5800.000000	95.238	-141.8568
5900.000000	94.994	-141.7319
6000.000000	95.148	-140.5695
6080.000000	95.311	-141.1927
6150.000000	95.371	-142.1110
6220.000000	95.376	-143.0957
6300.000000	95.312	-143.9104
6400.000000	95.235	-144.2362
6500.000000	95.243	-144.3308
6600.000000	95.285	-144.6681
6700.000000	95.304	-144.9670
6800.000000	95.385	-144.9384
6900.000000	95.558	-145.1518
7000.000000	95.786	-145.8015
7100.000000	96.038	-146.9902
7200.000000	96.298	-148.8345
7300.000000	96.503	-151.3616
7400.000000	96.608	-154.0746
7500.000000	96.700	-156.6462
7620.000000	96.718	-160.5255
7750.000000	96.584	-163.1976
7880.000000	96.755	-165.8913
8000.000000	96.833	-169.9165
8120.000000	96.828	-173.9441
8250.000000	96.801	-178.6279
8380.000000	96.696	176.0870
8500.000000	96.483	170.8269
8620.000000	96.122	165.5938
8750.000000	95.611	160.5412
8850.000000	95.185	157.0378
9000.000000	94.528	152.2283
9120.000000	93.978	148.3434
9250.000000	93.249	144.2347
9380.000000	92.429	141.2728
9500.000000	91.750	139.0851
9620.000000	91.005	136.5493
9750.000000	90.080	135.1691
9880.000000	89.264	134.9286
10000.000000	88.568	135.6744
10150.000000	88.236	137.2834
10300.000000	88.052	132.9977
10440.000000	86.991	129.0618
10600.000000	85.711	129.1114
10750.000000	84.779	130.6755
10900.000000	83.979	132.7301
11060.000000	83.289	135.4968
11200.000000	82.889	137.5700
11380.000000	82.379	139.5438
11500.000000	82.076	140.9969
11720.000000	81.693	143.1495
11800.000000	81.581	143.1207
12060.000000	80.870	143.3459
12200.000000	80.369	145.5197
12410.000000	80.127	149.8353
12500.000000	80.186	151.5293
12650.000000	80.288	152.7711
12800.000000	80.407	153.5659
13150.000000	81.039	157.6914
13200.000000	81.245	157.6985
13400.000000	82.296	157.9282
13600.000000	83.493	154.7193
13800.000000	84.843	148.9538
14000.000000	86.215	139.6053
14300.000000	87.830	120.6651
14500.000000	88.515	105.8831
14750.000000	89.102	87.6211
15000.000000	89.734	68.3170
15250.000000	90.102	47.0138
15500.000000	90.260	25.8281
15750.000000	90.489	5.4572
16000.000000	91.073	-15.7089
16250.000000	92.002	-40.4771
16500.000000	92.889	-70.3367
16750.000000	93.347	-104.4796
17000.000000	93.398	-141.0890
17250.000000	92.976	179.1249
17500.000000	91.762	137.5385
17750.000000	89.832	96.9055
18000.000000	87.371	57.8005
18250.000000	84.536	18.5622
18500.000000	81.278	-23.8778
18750.000000	76.694	-69.0722
19000.000000	70.673	-120.0384
19250.000000	63.126	-177.7166
19500.000000	53.109	116.9768
19750.000000	40.983	35.0353
