* Measurement data measured by REW V5.20
* Source: USB-C to 3.5mm Headphone Jack Adapter, USB-C to 3.5mm Headphone Jack Adapter, 0, volume: 0.138
* Format: 256k Log Swept Sine, 1 sweep at -12.0 dBFS with no timing reference
* Dated: Mar 10, 2024 6:21:13 PM
* REW Settings:
*  C-weighting compensation: Off
*  Target level: 75.0 dB
* Note: 
* Measurement: L
* Smoothing: None
* Frequency Step: 1/48 octave
* Start Frequency: 20.000 Hz
*
* Freq(Hz)	SPL(dB)	Phase(degrees)
20.000000	98.795868	-170.1647
20.299999	98.711891	-170.5733
20.600000	98.653778	-170.6740
20.900000	98.644424	-170.6297
21.200001	98.685822	-170.6589
21.400000	98.731766	-170.8230
21.799999	98.824791	-171.5388
22.000000	98.855194	-172.0489
22.400000	98.866409	-173.1775
22.700001	98.834305	-173.9213
23.000000	98.784836	-174.4729
23.299999	98.737915	-174.8252
23.600000	98.708748	-175.0500
24.000000	98.703423	-175.3466
24.299999	98.713257	-175.6730
24.700001	98.720337	-176.2777
25.000000	98.709106	-176.7904
25.400000	98.670715	-177.4198
25.799999	98.622894	-177.8823
26.200001	98.590218	-178.1999
26.500000	98.583984	-178.4251
26.900000	98.593941	-178.8335
27.200001	98.603607	-179.2619
27.600000	98.600769	-179.9477
28.000000	98.572815	179.3668
28.500000	98.520927	178.7022
29.000000	98.489899	178.2187
29.500000	98.488068	177.6618
30.000000	98.476273	176.9048
30.400000	98.436874	176.2911
30.700001	98.393372	175.9384
31.100000	98.336868	175.6720
31.500000	98.305374	175.5517
32.000000	98.303947	175.3256
32.500000	98.305435	174.8480
33.000000	98.271904	174.2957
33.500000	98.215500	173.9332
34.000000	98.178894	173.7589
34.500000	98.177757	173.5167
35.000000	98.182724	173.0146
35.500000	98.157135	172.3292
36.000000	98.094078	171.6991
36.500000	98.017540	171.2870
37.000000	97.958595	171.0562
37.500000	97.929047	170.8341
38.200001	97.903976	170.3133
38.700001	97.868759	169.8777
39.500000	97.799057	169.4550
40.000000	97.781898	169.3126
40.599998	97.785789	168.9940
41.200001	97.776825	168.4759
41.799999	97.738480	167.9395
42.500000	97.674126	167.4131
43.099998	97.608681	167.0252
43.700001	97.537262	166.7328
44.400002	97.467224	166.4813
45.000000	97.418884	166.2172
45.500000	97.377068	165.9659
46.200001	97.321487	165.6527
46.799999	97.288620	165.3882
47.500000	97.263397	165.0051
48.200001	97.242683	164.5120
48.700001	97.215149	164.0744
49.400002	97.129105	163.6142
50.000000	97.055527	163.7209
50.799999	97.084610	164.0279
51.500000	97.135223	163.4596
52.200001	97.049240	162.7318
53.000000	96.916550	162.8951
53.799999	96.910767	163.0586
54.500000	96.883736	162.5449
55.200001	96.776031	162.0493
56.000000	96.637436	161.9288
57.000000	96.573639	161.9209
58.000000	96.520386	160.7032
59.000000	96.226990	160.1855
60.000000	96.197594	161.4236
60.799999	96.332230	161.0616
61.500000	96.341492	160.3165
62.200001	96.317543	159.9138
63.000000	96.295403	159.5014
64.000000	96.232643	159.2238
65.000000	96.196098	158.9676
66.000000	96.081314	158.6558
67.000000	95.981682	158.9221
68.000000	95.945274	158.9355
69.000000	95.889984	158.6284
70.000000	95.811569	158.3189
71.000000	95.742836	157.9960
72.000000	95.644623	157.6636
73.000000	95.575302	157.7075
74.000000	95.547134	157.3808
75.000000	95.448463	157.1282
76.199997	95.398056	157.2345
77.500000	95.352249	156.8472
78.800003	95.259392	156.4449
80.000000	95.140053	156.4662
81.199997	95.096237	156.5631
82.500000	95.003624	156.4458
83.800003	94.949944	156.5267
85.000000	94.867462	156.3652
86.199997	94.807861	156.4365
87.500000	94.739632	156.1851
88.500000	94.653236	156.0635
90.000000	94.548637	156.4763
91.199997	94.544907	156.3470
92.500000	94.439613	156.1538
93.800003	94.379761	156.1930
95.000000	94.303535	156.0316
96.199997	94.232559	156.0990
97.500000	94.175873	156.0325
98.800003	94.117599	156.0178
100.000000	94.036034	155.9528
101.500000	93.991615	156.2610
103.000000	93.887024	156.0527
104.400002	93.830299	156.3201
106.000000	93.716576	156.3367
107.500000	93.673180	156.3974
109.000000	93.568672	156.3906
110.599998	93.498718	156.4658
112.000000	93.455551	156.6104
113.800003	93.361046	156.7985
115.000000	93.347633	156.9635
117.199997	93.229652	157.4082
118.000000	93.205261	157.1636
120.599998	93.117676	158.3456
122.000000	93.028458	157.5486
124.099998	92.955193	157.6311
125.000000	92.912048	157.7830
126.500000	92.860748	157.9669
128.000000	92.818336	158.2177
131.500000	92.709473	158.5736
132.000000	92.686874	158.4955
134.000000	92.599258	158.7369
136.000000	92.526756	158.8122
138.000000	92.462532	159.2355
140.000000	92.382942	159.4200
143.000000	92.303253	159.8022
145.000000	92.239197	160.0163
147.500000	92.144928	160.4081
150.000000	92.076942	160.5914
152.500000	92.022369	161.0280
155.000000	91.973526	161.4873
157.500000	91.890579	161.8065
160.000000	91.845070	161.9370
162.500000	91.793518	162.6401
165.000000	91.710922	162.9297
167.500000	91.647522	163.0421
170.000000	91.617882	163.5656
172.500000	91.554710	163.9050
175.000000	91.525841	164.2791
177.500000	91.472252	164.3722
180.000000	91.453377	164.7420
182.500000	91.419502	165.1848
185.000000	91.365898	165.7507
187.500000	91.327225	166.0214
190.000000	91.279182	166.4164
192.500000	91.234100	166.7725
195.000000	91.217010	167.0794
197.500000	91.179405	167.4326
200.000000	91.137032	167.7986
203.000000	91.112778	168.2478
206.000000	91.091171	168.6644
209.000000	91.061554	169.0350
212.000000	91.019394	169.4267
214.000000	90.999352	169.7599
218.000000	90.981888	170.3466
220.000000	90.976761	170.6507
224.000000	90.946648	171.0975
227.000000	90.936859	171.6089
230.000000	90.903778	171.8525
233.000000	90.903389	172.2175
236.000000	90.871201	172.5329
240.000000	90.852371	173.0188
243.000000	90.835281	173.3551
247.000000	90.822731	173.8844
250.000000	90.822685	174.1512
254.000000	90.812790	174.7390
258.000000	90.803131	175.1627
262.000000	90.799980	175.5782
265.000000	90.809967	175.9389
269.000000	90.806427	176.3792
272.000000	90.814995	176.5668
276.000000	90.817169	176.9149
280.000000	90.819885	177.2423
285.000000	90.826500	177.5793
290.000000	90.813698	177.9683
295.000000	90.803703	178.3044
300.000000	90.802956	178.6636
304.000000	90.810722	178.8975
307.000000	90.808945	179.1902
311.000000	90.802528	179.5049
315.000000	90.796364	179.7847
320.000000	90.801506	-179.8625
325.000000	90.810036	-179.5587
330.000000	90.811279	-179.2326
335.000000	90.807632	-178.9395
340.000000	90.809891	-178.6830
345.000000	90.806007	-178.3701
350.000000	90.800484	-178.1279
355.000000	90.802361	-177.8177
360.000000	90.799385	-177.5105
365.000000	90.799782	-177.2272
370.000000	90.794724	-176.9352
375.000000	90.793686	-176.6770
382.000000	90.788940	-176.2947
387.000000	90.786850	-176.0139
395.000000	90.785568	-175.5694
400.000000	90.781197	-175.3115
406.000000	90.783157	-174.9981
412.000000	90.779694	-174.7381
418.000000	90.781815	-174.4398
425.000000	90.783524	-174.0877
431.000000	90.779022	-173.8135
437.000000	90.776062	-173.5213
444.000000	90.771706	-173.2110
450.000000	90.761246	-172.9410
455.000000	90.766815	-172.6731
462.000000	90.759621	-172.3632
468.000000	90.753975	-172.0417
475.000000	90.745003	-171.7257
482.000000	90.734314	-171.4041
487.000000	90.731018	-171.1277
494.000000	90.731155	-170.7953
500.000000	90.732162	-170.4940
508.000000	90.722534	-170.0955
515.000000	90.721069	-169.7961
522.000000	90.716965	-169.4852
530.000000	90.710655	-169.0925
538.000000	90.706261	-168.7253
545.000000	90.705696	-168.4107
552.000000	90.704582	-168.1061
560.000000	90.684753	-167.7208
570.000000	90.673416	-167.2542
580.000000	90.664978	-166.7696
590.000000	90.659599	-166.2675
600.000000	90.649071	-165.7688
608.000000	90.640053	-165.3546
615.000000	90.639366	-164.9554
622.000000	90.636398	-164.6045
630.000000	90.635933	-164.2151
640.000000	90.629570	-163.7175
650.000000	90.622421	-163.1869
660.000000	90.628464	-162.6150
670.000000	90.618011	-162.0889
680.000000	90.621506	-161.5305
690.000000	90.620064	-161.0188
700.000000	90.624985	-160.4667
710.000000	90.629196	-159.9326
720.000000	90.631943	-159.3547
730.000000	90.632561	-158.8210
740.000000	90.636177	-158.2917
750.000000	90.647369	-157.7207
762.000000	90.650505	-156.9934
775.000000	90.664169	-156.2737
788.000000	90.675896	-155.4951
800.000000	90.693550	-154.7787
812.000000	90.703720	-154.0704
825.000000	90.732552	-153.2728
838.000000	90.756355	-152.4762
850.000000	90.778839	-151.7236
862.000000	90.812790	-150.9518
875.000000	90.851685	-150.1495
885.000000	90.892204	-149.4968
900.000000	90.950241	-148.5682
912.000000	90.991669	-147.8758
925.000000	91.048462	-147.0331
938.000000	91.108643	-146.2627
950.000000	91.166962	-145.5627
962.000000	91.243385	-144.8777
975.000000	91.321960	-144.1392
988.000000	91.399399	-143.4137
1000.000000	91.488968	-142.6987
1015.000000	91.575996	-142.0085
1030.000000	91.685043	-141.3046
1044.000000	91.789055	-140.6269
1060.000000	91.912918	-139.9581
1075.000000	92.029236	-139.3956
1090.000000	92.154388	-138.8824
1106.000000	92.289749	-138.3784
1120.000000	92.401718	-138.0201
1138.000000	92.546921	-137.5919
1150.000000	92.640190	-137.3822
1172.000000	92.807236	-137.0121
1180.000000	92.865074	-136.8918
1206.000000	93.047691	-136.5667
1220.000000	93.137398	-136.4489
1241.000000	93.273346	-136.2732
1250.000000	93.330574	-136.2150
1265.000000	93.414528	-136.1586
1280.000000	93.502121	-136.0635
1315.000000	93.680962	-135.9215
1320.000000	93.704277	-135.9106
1340.000000	93.795952	-135.8715
1360.000000	93.881264	-135.8127
1380.000000	93.966866	-135.7741
1400.000000	94.041870	-135.6949
1430.000000	94.146828	-135.5611
1450.000000	94.208824	-135.4418
1475.000000	94.296364	-135.3342
1500.000000	94.380875	-135.1661
1525.000000	94.451508	-135.0428
1550.000000	94.524895	-134.8335
1575.000000	94.604385	-134.6515
1600.000000	94.672676	-134.4322
1625.000000	94.747757	-134.2109
1650.000000	94.822510	-133.9718
1675.000000	94.904510	-133.7246
1700.000000	94.986534	-133.5083
1725.000000	95.064049	-133.2221
1750.000000	95.150055	-132.9592
1775.000000	95.238342	-132.7439
1800.000000	95.332268	-132.5174
1825.000000	95.422600	-132.3054
1850.000000	95.518738	-132.0851
1875.000000	95.617355	-131.9216
1900.000000	95.720093	-131.7564
1925.000000	95.824875	-131.6504
1950.000000	95.935593	-131.5552
1975.000000	96.042946	-131.5076
2000.000000	96.164658	-131.4213
2030.000000	96.290367	-131.4946
2060.000000	96.422859	-131.5792
2090.000000	96.560211	-131.7485
2120.000000	96.690750	-131.9635
2140.000000	96.778183	-132.1418
2180.000000	96.949516	-132.6338
2200.000000	97.029594	-132.9065
2240.000000	97.181038	-133.5889
2270.000000	97.283875	-134.1658
2300.000000	97.376129	-134.7739
2330.000000	97.453201	-135.4270
2360.000000	97.517097	-136.1323
2400.000000	97.582092	-137.0526
2430.000000	97.611481	-137.7675
2470.000000	97.631729	-138.6421
2500.000000	97.630051	-139.2830
2540.000000	97.617706	-139.9934
2580.000000	97.587402	-140.5923
2620.000000	97.549576	-141.0790
2650.000000	97.516525	-141.3501
2690.000000	97.479759	-141.6216
2720.000000	97.449699	-141.7538
2760.000000	97.417320	-141.8407
2800.000000	97.390366	-141.8976
2850.000000	97.378296	-141.8716
2900.000000	97.378883	-141.8324
2950.000000	97.389824	-141.7769
3000.000000	97.418709	-141.8790
3040.000000	97.436234	-141.8591
3070.000000	97.460159	-141.9359
3110.000000	97.484543	-142.0545
3150.000000	97.515190	-142.2214
3200.000000	97.554047	-142.4674
3250.000000	97.588821	-142.8070
3300.000000	97.621964	-143.1733
3350.000000	97.652466	-143.6291
3400.000000	97.679619	-144.1407
3450.000000	97.698631	-144.6903
3500.000000	97.714600	-145.3075
3550.000000	97.715408	-145.9566
3600.000000	97.710655	-146.6273
3650.000000	97.697433	-147.3181
3700.000000	97.677963	-148.0406
3750.000000	97.650116	-148.7989
3820.000000	97.590858	-149.8758
3870.000000	97.540833	-150.6257
3950.000000	97.432877	-151.8505
4000.000000	97.314865	-152.8332
4060.000000	97.233231	-153.4408
4120.000000	97.100143	-154.2373
4180.000000	96.952614	-154.9439
4250.000000	96.768860	-155.5993
4310.000000	96.590317	-155.9908
4370.000000	96.414536	-156.2045
4440.000000	96.219093	-156.2212
4500.000000	96.070648	-156.0853
4550.000000	95.961891	-155.8926
4620.000000	95.843338	-155.5239
4680.000000	95.774017	-155.2760
4750.000000	95.719185	-155.0966
4820.000000	95.680069	-155.0814
4870.000000	95.653763	-155.1560
4940.000000	95.608612	-155.4552
5000.000000	95.560738	-155.8090
5080.000000	95.463684	-156.2899
5150.000000	95.359543	-156.6964
5220.000000	95.238678	-157.0871
5300.000000	95.081223	-157.4393
5380.000000	94.907471	-157.6453
5450.000000	94.751122	-157.7406
5520.000000	94.594727	-157.7079
5600.000000	94.411285	-157.5161
5700.000000	94.187241	-157.1232
5800.000000	93.979019	-156.4744
5900.000000	93.783783	-155.6916
6000.000000	93.593109	-154.4653
6080.000000	93.486748	-153.7993
6150.000000	93.397781	-152.9669
6220.000000	93.329765	-152.0541
6300.000000	93.252907	-150.9358
6400.000000	93.210732	-149.4378
6500.000000	93.200401	-147.9175
6600.000000	93.233917	-146.3095
6700.000000	93.313614	-144.6738
6800.000000	93.452339	-143.0900
6900.000000	93.643578	-141.6139
7000.000000	93.886772	-140.2258
7100.000000	94.200233	-139.0162
7200.000000	94.584808	-138.0878
7300.000000	95.032410	-137.6675
7400.000000	95.527267	-137.7570
7500.000000	96.071175	-138.5750
7620.000000	96.743835	-140.6148
7750.000000	97.448624	-144.4845
7880.000000	98.010605	-150.0759
8000.000000	98.282791	-156.2810
8120.000000	98.286446	-163.0447
8250.000000	97.993332	-169.5838
8380.000000	97.512978	-174.9611
8500.000000	96.980232	-178.8700
8620.000000	96.417282	178.1234
8750.000000	95.794548	175.8657
8850.000000	95.346924	174.6623
9000.000000	94.724258	173.5297
9120.000000	94.311493	172.9912
9250.000000	93.895050	172.5928
9380.000000	93.554710	172.3340
9500.000000	93.268433	172.0929
9620.000000	93.011124	171.9268
9750.000000	92.766174	171.6270
9880.000000	92.536308	171.4188
10000.000000	92.404099	171.2203
10150.000000	92.154106	170.8323
10300.000000	92.010178	170.4922
10440.000000	91.893784	169.9788
10600.000000	91.847099	169.2580
10750.000000	91.855804	168.1569
10900.000000	91.888428	166.5208
11060.000000	91.938530	164.1686
11200.000000	91.931740	161.4988
11380.000000	91.878967	158.7607
11500.000000	91.997139	156.5164
11720.000000	92.126663	150.0097
11800.000000	92.131256	147.3293
12060.000000	91.899231	137.5226
12200.000000	91.662369	131.9527
12410.000000	91.116066	123.6394
12500.000000	90.838509	120.2133
12650.000000	90.293480	114.7302
12800.000000	89.704590	109.6184
13150.000000	88.315056	99.5017
13200.000000	88.122620	98.2222
13400.000000	87.449905	93.2694
13600.000000	86.906448	88.1609
13800.000000	86.427696	82.7881
14000.000000	86.038048	77.2661
14300.000000	85.712234	67.9894
14500.000000	85.703354	60.7421
14750.000000	85.910477	49.3356
15000.000000	86.276428	34.6972
15250.000000	86.595078	15.6058
15500.000000	86.625076	-8.1061
15750.000000	85.949631	-35.2555
16000.000000	84.244553	-61.7656
16250.000000	82.130814	-81.2927
16500.000000	81.234474	-98.2188
16750.000000	80.872971	-120.6295
17000.000000	80.420128	-146.9137
17250.000000	79.991699	-175.5556
17500.000000	79.730690	153.2165
17750.000000	79.847633	117.2043
18000.000000	80.034027	75.1323
18250.000000	80.381744	24.5764
18500.000000	80.630066	-33.6215
18750.000000	79.685555	-100.9105
19000.000000	78.678108	-174.1584
19250.000000	77.876175	102.1805
19500.000000	77.323242	-0.3777
19750.000000	76.327316	-132.5748
