* Measurement data measured by REW V5.31.3
* Source: USB-C to 3.5mm Headphone Jack Adapter, no input selected, 0, volume: 0.138
* Format: 256k Log Swept Sine, 1 sweep at -12.0 dBFS with no timing reference
* Dated: Oct 22, 2025 2:15:42 PM
* REW Settings:
*  C-weighting compensation: Off
*  Target level: 75.0 dB
* Note: ; 
* Measurement: L
* Smoothing: None
* Frequency Step: 1/48 octave
* Start Frequency: 20.000 Hz
*
* Freq(Hz)	SPL(dB)	Phase(degrees)
20.000000	99.848	-177.0432
20.299999	99.831	-177.6303
20.600000	99.815	-178.2002
20.900000	99.802	-178.7643
21.200001	99.791	-179.3366
21.400000	99.783	-179.7286
21.799999	99.764	179.4649
22.000000	99.751	179.0573
22.400000	99.716	178.2587
22.700001	99.685	177.6996
23.000000	99.651	177.1876
23.299999	99.618	176.7220
23.600000	99.589	176.2905
24.000000	99.557	175.7357
24.299999	99.537	175.3145
24.700001	99.511	174.7332
25.000000	99.491	174.2874
25.400000	99.461	173.6942
25.799999	99.428	173.1166
26.200001	99.393	172.5592
26.500000	99.367	172.1521
26.900000	99.332	171.6210
27.200001	99.305	171.2312
27.600000	99.269	170.7244
28.000000	99.232	170.2319
28.500000	99.188	169.6285
29.000000	99.144	169.0265
29.500000	99.098	168.4245
30.000000	99.049	167.8380
30.400000	99.008	167.3909
30.700001	98.977	167.0698
31.100000	98.938	166.6559
31.500000	98.900	166.2489
32.000000	98.855	165.7392
32.500000	98.808	165.2298
33.000000	98.760	164.7326
33.500000	98.712	164.2554
34.000000	98.664	163.7964
34.500000	98.617	163.3494
35.000000	98.570	162.9084
35.500000	98.524	162.4690
36.000000	98.476	162.0302
36.500000	98.426	161.5998
37.000000	98.373	161.1918
37.500000	98.321	160.8128
38.200001	98.251	160.3096
38.700001	98.203	159.9490
39.500000	98.125	159.3724
40.000000	98.076	159.0292
40.599998	98.019	158.6309
41.200001	97.964	158.2249
41.799999	97.906	157.8138
42.500000	97.835	157.3700
43.099998	97.777	157.0251
43.700001	97.723	156.6724
44.400002	97.656	156.2411
45.000000	97.594	155.9061
45.500000	97.545	155.6608
46.200001	97.484	155.3060
46.799999	97.429	154.9600
47.500000	97.356	154.5807
48.200001	97.284	154.2806
48.700001	97.239	154.0745
49.400002	97.179	153.7458
50.000000	97.123	153.4552
50.799999	97.047	153.1066
51.500000	96.982	152.8207
52.200001	96.919	152.5361
53.000000	96.845	152.2188
53.799999	96.768	151.9368
54.500000	96.706	151.7357
55.200001	96.653	151.5023
56.000000	96.585	151.1400
57.000000	96.476	150.8138
58.000000	96.393	150.5870
59.000000	96.302	150.2320
60.000000	96.209	150.0477
60.799999	96.155	149.8571
61.500000	96.100	149.6121
62.200001	96.036	149.4152
63.000000	95.969	149.2378
64.000000	95.888	149.0007
65.000000	95.806	148.7805
66.000000	95.725	148.5617
67.000000	95.645	148.3597
68.000000	95.565	148.1502
69.000000	95.484	147.9659
70.000000	95.406	147.8061
71.000000	95.330	147.6499
72.000000	95.255	147.5004
73.000000	95.181	147.3526
74.000000	95.106	147.2213
75.000000	95.032	147.0908
76.199997	94.942	146.9508
77.500000	94.851	146.7990
78.800003	94.753	146.6663
80.000000	94.675	146.5704
81.199997	94.589	146.4387
82.500000	94.499	146.3502
83.800003	94.408	146.2571
85.000000	94.327	146.1931
86.199997	94.247	146.1245
87.500000	94.163	146.0543
88.500000	94.098	146.0104
90.000000	94.005	145.9565
91.199997	93.931	145.9213
92.500000	93.852	145.8611
93.800003	93.767	145.8467
95.000000	93.698	145.8364
96.199997	93.625	145.8156
97.500000	93.551	145.7955
98.800003	93.474	145.7992
100.000000	93.407	145.8004
101.500000	93.323	145.8205
103.000000	93.238	145.8166
104.400002	93.163	145.8536
106.000000	93.078	145.8661
107.500000	92.998	145.8900
109.000000	92.920	145.9575
110.599998	92.838	145.9860
112.000000	92.766	146.0358
113.800003	92.675	146.0989
115.000000	92.620	146.1523
117.199997	92.516	146.2676
118.000000	92.477	146.2937
120.599998	92.370	146.4611
122.000000	92.290	146.5215
124.099998	92.195	146.6142
125.000000	92.154	146.6884
126.500000	92.094	146.7708
128.000000	92.029	146.8419
131.500000	91.880	147.0866
132.000000	91.859	147.1281
134.000000	91.779	147.2845
136.000000	91.701	147.3968
138.000000	91.621	147.5887
140.000000	91.546	147.7336
143.000000	91.430	147.9755
145.000000	91.360	148.1324
147.500000	91.268	148.3530
150.000000	91.184	148.5651
152.500000	91.098	148.7727
155.000000	91.016	149.0030
157.500000	90.933	149.2054
160.000000	90.852	149.4789
162.500000	90.776	149.7030
165.000000	90.700	149.9467
167.500000	90.623	150.1625
170.000000	90.551	150.4182
172.500000	90.484	150.6729
175.000000	90.413	150.9042
177.500000	90.343	151.1683
180.000000	90.279	151.4208
182.500000	90.211	151.6572
185.000000	90.152	151.9081
187.500000	90.084	152.1622
190.000000	90.021	152.3976
192.500000	89.960	152.6914
195.000000	89.897	152.9265
197.500000	89.844	153.1922
200.000000	89.789	153.4384
203.000000	89.718	153.7626
206.000000	89.653	154.0817
209.000000	89.589	154.4207
212.000000	89.526	154.7578
214.000000	89.479	154.9739
218.000000	89.397	155.4609
220.000000	89.356	155.6861
224.000000	89.281	156.2126
227.000000	89.231	156.6053
230.000000	89.186	157.0285
233.000000	89.145	157.3794
236.000000	89.116	157.6677
240.000000	89.093	158.0742
243.000000	89.033	158.3157
247.000000	88.973	158.6629
250.000000	88.931	158.8961
254.000000	88.869	159.2963
258.000000	88.811	159.6497
262.000000	88.757	160.0804
265.000000	88.711	160.3873
269.000000	88.657	160.8182
272.000000	88.619	161.1511
276.000000	88.572	161.5429
280.000000	88.529	162.0201
285.000000	88.484	162.5413
290.000000	88.439	163.0125
295.000000	88.397	163.4544
300.000000	88.350	163.8634
304.000000	88.313	164.2421
307.000000	88.281	164.5150
311.000000	88.248	164.8280
315.000000	88.209	165.2029
320.000000	88.165	165.6282
325.000000	88.120	166.1229
330.000000	88.077	166.5546
335.000000	88.034	167.0318
340.000000	87.996	167.4464
345.000000	87.956	167.9174
350.000000	87.922	168.3595
355.000000	87.885	168.8219
360.000000	87.849	169.2710
365.000000	87.817	169.7158
370.000000	87.788	170.1282
375.000000	87.758	170.5955
382.000000	87.723	171.2145
387.000000	87.688	171.6345
395.000000	87.651	172.3481
400.000000	87.626	172.7394
406.000000	87.589	173.2511
412.000000	87.573	173.7385
418.000000	87.543	174.2380
425.000000	87.515	174.8253
431.000000	87.487	175.3406
437.000000	87.469	175.8026
444.000000	87.440	176.3781
450.000000	87.412	176.8900
455.000000	87.399	177.2838
462.000000	87.376	177.8463
468.000000	87.361	178.3647
475.000000	87.335	178.9358
482.000000	87.315	179.4925
487.000000	87.304	179.8561
494.000000	87.289	-179.5427
500.000000	87.271	-179.0591
508.000000	87.260	-178.3909
515.000000	87.248	-177.7796
522.000000	87.240	-177.2533
530.000000	87.230	-176.5706
538.000000	87.234	-175.9494
545.000000	87.231	-175.4313
552.000000	87.229	-174.9368
560.000000	87.222	-174.3054
570.000000	87.228	-173.5843
580.000000	87.233	-172.8887
590.000000	87.231	-172.2233
600.000000	87.220	-171.4975
608.000000	87.229	-170.9374
615.000000	87.229	-170.4430
622.000000	87.225	-169.9630
630.000000	87.228	-169.3988
640.000000	87.237	-168.6764
650.000000	87.244	-167.9692
660.000000	87.248	-167.1769
670.000000	87.261	-166.5304
680.000000	87.275	-165.8049
690.000000	87.281	-165.1202
700.000000	87.296	-164.4202
710.000000	87.311	-163.7111
720.000000	87.340	-163.0074
730.000000	87.356	-162.3057
740.000000	87.378	-161.5965
750.000000	87.403	-160.9015
762.000000	87.435	-160.0900
775.000000	87.473	-159.2086
788.000000	87.515	-158.2885
800.000000	87.559	-157.4591
812.000000	87.608	-156.6017
825.000000	87.655	-155.7236
838.000000	87.717	-154.8731
850.000000	87.765	-154.0780
862.000000	87.825	-153.2556
875.000000	87.891	-152.4001
885.000000	87.951	-151.8000
900.000000	88.035	-150.7529
912.000000	88.113	-150.0620
925.000000	88.191	-149.2982
938.000000	88.279	-148.5292
950.000000	88.364	-147.8862
962.000000	88.448	-147.2155
975.000000	88.542	-146.4812
988.000000	88.641	-145.8155
1000.000000	88.731	-145.2147
1015.000000	88.847	-144.4586
1030.000000	88.968	-143.7641
1044.000000	89.081	-143.1333
1060.000000	89.216	-142.4521
1075.000000	89.345	-141.7849
1090.000000	89.482	-141.2557
1106.000000	89.629	-140.6399
1120.000000	89.761	-140.1869
1138.000000	89.931	-139.6427
1150.000000	90.045	-139.3314
1172.000000	90.251	-138.8751
1180.000000	90.325	-138.7100
1206.000000	90.561	-138.2589
1220.000000	90.684	-138.0853
1241.000000	90.876	-137.8108
1250.000000	90.946	-137.6999
1265.000000	91.078	-137.5652
1280.000000	91.201	-137.4780
1315.000000	91.486	-137.2561
1320.000000	91.525	-137.2481
1340.000000	91.685	-137.1812
1360.000000	91.838	-137.1272
1380.000000	91.992	-137.0982
1400.000000	92.142	-137.0950
1430.000000	92.367	-137.1837
1450.000000	92.514	-137.2529
1475.000000	92.695	-137.3623
1500.000000	92.877	-137.5039
1525.000000	93.054	-137.7127
1550.000000	93.232	-137.9872
1575.000000	93.408	-138.2843
1600.000000	93.582	-138.6515
1625.000000	93.753	-139.0556
1650.000000	93.920	-139.5321
1675.000000	94.083	-140.0925
1700.000000	94.242	-140.6860
1725.000000	94.400	-141.3018
1750.000000	94.547	-142.0289
1775.000000	94.690	-142.8123
1800.000000	94.827	-143.6233
1825.000000	94.961	-144.5507
1850.000000	95.093	-145.5871
1875.000000	95.218	-146.7550
1900.000000	95.317	-148.1068
1925.000000	95.384	-149.6304
1950.000000	95.392	-151.1598
1975.000000	95.355	-152.5934
2000.000000	95.287	-153.7427
2030.000000	95.194	-154.8363
2060.000000	95.097	-155.6409
2090.000000	95.009	-156.2159
2120.000000	94.946	-156.5383
2140.000000	94.928	-156.6814
2180.000000	94.970	-157.2031
2200.000000	95.005	-157.7692
2240.000000	95.003	-159.3352
2270.000000	94.934	-160.4893
2300.000000	94.830	-161.5001
2330.000000	94.713	-162.3319
2360.000000	94.588	-163.0479
2400.000000	94.404	-163.7815
2430.000000	94.260	-164.2097
2470.000000	94.066	-164.6263
2500.000000	93.922	-164.7635
2540.000000	93.739	-164.8442
2580.000000	93.565	-164.7615
2620.000000	93.413	-164.6126
2650.000000	93.315	-164.4850
2690.000000	93.196	-164.3678
2720.000000	93.109	-164.3916
2760.000000	92.980	-164.6886
2800.000000	92.782	-165.2559
2850.000000	92.335	-165.6319
2900.000000	91.802	-163.8829
2950.000000	91.531	-160.7081
3000.000000	91.475	-158.0259
3040.000000	91.478	-156.3245
3070.000000	91.489	-155.2272
3110.000000	91.509	-153.9275
3150.000000	91.530	-152.7710
3200.000000	91.570	-151.4924
3250.000000	91.602	-150.3677
3300.000000	91.616	-149.4672
3350.000000	91.591	-148.5263
3400.000000	91.539	-147.2090
3450.000000	91.537	-145.5811
3500.000000	91.583	-143.9330
3550.000000	91.675	-142.3376
3600.000000	91.796	-140.9869
3650.000000	91.933	-139.7794
3700.000000	92.075	-138.7366
3750.000000	92.234	-137.8478
3820.000000	92.466	-136.8888
3870.000000	92.634	-136.5281
3950.000000	92.770	-136.5746
4000.000000	92.767	-135.8743
4060.000000	92.891	-134.4965
4120.000000	93.106	-133.6234
4180.000000	93.321	-133.2719
4250.000000	93.531	-133.3430
4310.000000	93.628	-133.4742
4370.000000	93.680	-133.2670
4440.000000	93.775	-132.3068
4500.000000	93.945	-131.4076
4550.000000	94.150	-130.8398
4620.000000	94.473	-130.6614
4680.000000	94.753	-131.0603
4750.000000	95.045	-132.0995
4820.000000	95.224	-133.4656
4870.000000	95.321	-134.2001
4940.000000	95.504	-135.1718
5000.000000	95.696	-136.5263
5080.000000	95.896	-139.6525
5150.000000	95.799	-143.8669
5220.000000	95.005	-147.5142
5300.000000	94.006	-141.4126
5380.000000	94.686	-136.0443
5450.000000	95.294	-136.6104
5520.000000	95.639	-138.7458
5600.000000	95.787	-141.6772
5700.000000	95.675	-145.2135
5800.000000	95.234	-147.5162
5900.000000	94.772	-146.3102
6000.000000	94.850	-144.8057
6080.000000	94.904	-145.1393
6150.000000	94.889	-145.3764
6220.000000	94.868	-145.5211
6300.000000	94.845	-145.5682
6400.000000	94.841	-145.4628
6500.000000	94.903	-145.1863
6600.000000	95.050	-145.5219
6700.000000	95.125	-146.3135
6800.000000	95.170	-146.8925
6900.000000	95.229	-147.3573
7000.000000	95.294	-147.8004
7100.000000	95.395	-147.8496
7200.000000	95.623	-147.8642
7300.000000	95.969	-148.5493
7400.000000	96.354	-150.1484
7500.000000	96.752	-152.6536
7620.000000	97.176	-157.2743
7750.000000	97.243	-164.0736
7880.000000	96.856	-168.4343
8000.000000	96.840	-170.0471
8120.000000	97.084	-173.8638
8250.000000	97.127	-179.9693
8380.000000	96.886	174.0587
8500.000000	96.623	169.1764
8620.000000	96.344	163.8451
8750.000000	95.860	157.6762
8850.000000	95.348	153.1419
9000.000000	94.300	147.5037
9120.000000	93.427	145.5343
9250.000000	92.785	144.2187
9380.000000	92.265	142.1996
9500.000000	91.796	139.8635
9620.000000	91.292	137.0396
9750.000000	90.633	133.8709
9880.000000	90.034	130.7174
10000.000000	89.156	125.9984
10150.000000	87.614	124.8872
10300.000000	86.567	125.8487
10440.000000	85.672	125.9429
10600.000000	84.543	126.9692
10750.000000	83.531	128.9361
10900.000000	82.698	132.4584
11060.000000	82.101	136.3707
11200.000000	81.720	139.0075
11380.000000	81.353	141.4364
11500.000000	81.090	142.4287
11720.000000	80.452	145.3550
11800.000000	80.230	147.0711
12060.000000	80.298	151.3279
12200.000000	80.382	150.3073
12410.000000	79.616	150.2858
12500.000000	79.436	152.6495
12650.000000	79.645	156.1776
12800.000000	80.021	157.3177
13150.000000	80.895	156.7922
13200.000000	81.039	156.5603
13400.000000	81.777	154.9437
13600.000000	82.659	152.0244
13800.000000	83.716	146.9636
14000.000000	84.807	139.7492
14300.000000	86.634	124.6023
14500.000000	87.695	109.9362
14750.000000	88.284	90.0806
15000.000000	88.696	71.5093
15250.000000	89.137	52.0112
15500.000000	89.488	31.8470
15750.000000	89.936	10.9637
16000.000000	90.453	-11.7349
16250.000000	90.982	-36.0018
16500.000000	91.725	-62.1858
16750.000000	92.655	-93.3862
17000.000000	93.284	-131.1956
17250.000000	93.027	-174.6417
17500.000000	91.397	140.7318
17750.000000	88.806	101.2604
18000.000000	86.234	65.7971
18250.000000	83.693	29.6659
18500.000000	80.753	-11.4045
18750.000000	76.976	-59.6834
19000.000000	71.239	-114.1342
19250.000000	63.201	-175.8516
19500.000000	53.132	114.6326
19750.000000	39.014	-9.8726
