* Measurement data measured by REW V5.31.3
* Source: USB-C to 3.5mm Headphone Jack Adapter, USB-C to 3.5mm Headphone Jack Adapter, 0, volume: 0.138
* Format: 256k Log Swept Sine, 1 sweep at -12.0 dBFS with no timing reference
* Dated: Feb 22, 2025 2:46:50 PM
* REW Settings:
*  C-weighting compensation: Off
*  Target level: 75.0 dB
* Note: 
* Measurement: R
* Smoothing: None
* Frequency Step: 1/48 octave
* Start Frequency: 20.300 Hz
*
* Freq(Hz)	SPL(dB)	Phase(degrees)
20.299999	100.852	-169.8165
20.600000	100.848	-170.3930
20.900000	100.836	-170.8835
21.200001	100.825	-171.3443
21.400000	100.821	-171.6426
21.799999	100.819	-172.2386
22.000000	100.821	-172.5419
22.400000	100.827	-173.1583
22.700001	100.830	-173.6184
23.000000	100.830	-174.0655
23.299999	100.829	-174.4961
23.600000	100.827	-174.9176
24.000000	100.827	-175.4958
24.299999	100.829	-175.9637
24.700001	100.830	-176.6415
25.000000	100.828	-177.1694
25.400000	100.820	-177.8483
25.799999	100.812	-178.4445
26.200001	100.809	-178.9450
26.500000	100.811	-179.2776
26.900000	100.816	-179.7030
27.200001	100.817	179.9763
27.600000	100.812	179.5487
28.000000	100.799	179.1345
28.500000	100.782	178.6284
29.000000	100.772	178.0724
29.500000	100.764	177.4294
30.000000	100.745	176.7708
30.400000	100.724	176.3083
30.700001	100.708	176.0146
31.100000	100.694	175.6677
31.500000	100.687	175.3120
32.000000	100.679	174.7923
32.500000	100.662	174.2143
33.000000	100.636	173.6651
33.500000	100.613	173.1794
34.000000	100.599	172.7161
34.500000	100.588	172.2358
35.000000	100.572	171.7494
35.500000	100.552	171.2839
36.000000	100.531	170.8361
36.500000	100.510	170.3842
37.000000	100.489	169.9260
37.500000	100.467	169.4785
38.200001	100.439	168.8771
38.700001	100.420	168.4472
39.500000	100.386	167.7547
40.000000	100.362	167.3405
40.599998	100.334	166.8658
41.200001	100.307	166.3986
41.799999	100.280	165.9310
42.500000	100.246	165.3896
43.099998	100.216	164.9319
43.700001	100.186	164.4820
44.400002	100.154	163.9631
45.000000	100.128	163.5131
45.500000	100.105	163.1373
46.200001	100.070	162.6332
46.799999	100.038	162.2271
47.500000	100.001	161.7592
48.200001	99.961	161.2942
48.700001	99.932	160.9759
49.400002	99.896	160.5373
50.000000	99.867	160.1463
50.799999	99.823	159.6328
51.500000	99.784	159.2213
52.200001	99.752	158.7882
53.000000	99.710	158.2278
53.799999	99.658	157.7219
54.500000	99.619	157.3743
55.200001	99.589	157.0154
56.000000	99.547	156.5211
57.000000	99.475	155.9385
58.000000	99.425	155.3773
59.000000	99.376	154.7403
60.000000	99.315	154.2648
60.799999	99.270	153.9080
61.500000	99.226	153.5588
62.200001	99.182	153.2315
63.000000	99.140	152.8495
64.000000	99.078	152.3431
65.000000	99.011	151.9126
66.000000	98.953	151.4421
67.000000	98.894	150.9990
68.000000	98.839	150.5825
69.000000	98.776	150.1353
70.000000	98.716	149.7164
71.000000	98.658	149.2815
72.000000	98.595	148.8884
73.000000	98.535	148.4911
74.000000	98.472	148.0864
75.000000	98.414	147.7196
76.199997	98.342	147.2313
77.500000	98.259	146.7740
78.800003	98.183	146.2914
80.000000	98.103	145.8623
81.199997	98.027	145.4576
82.500000	97.948	145.0656
83.800003	97.870	144.6074
85.000000	97.796	144.2654
86.199997	97.726	143.8626
87.500000	97.641	143.5103
88.500000	97.585	143.1996
90.000000	97.477	142.8074
91.199997	97.408	142.4333
92.500000	97.333	142.0381
93.800003	97.263	141.7486
95.000000	97.186	141.5111
96.199997	97.098	141.2314
97.500000	97.023	140.8855
98.800003	96.939	140.5417
100.000000	96.861	140.3230
101.500000	96.774	139.9441
103.000000	96.686	139.6345
104.400002	96.589	139.3690
106.000000	96.487	139.0470
107.500000	96.402	138.7543
109.000000	96.302	138.5286
110.599998	96.206	138.2504
112.000000	96.119	138.0981
113.800003	96.004	137.8239
115.000000	95.940	137.6970
117.199997	95.799	137.3960
118.000000	95.752	137.2839
120.599998	95.668	137.1292
122.000000	95.538	137.0563
124.099998	95.436	136.7822
125.000000	95.391	136.6943
126.500000	95.304	136.5720
128.000000	95.231	136.4144
131.500000	95.060	136.1125
132.000000	95.031	136.0593
134.000000	94.914	135.8880
136.000000	94.802	135.7506
138.000000	94.712	135.5456
140.000000	94.621	135.4810
143.000000	94.470	135.2950
145.000000	94.363	135.2032
147.500000	94.249	135.0275
150.000000	94.114	134.7948
152.500000	94.003	134.7419
155.000000	93.863	134.5414
157.500000	93.747	134.4093
160.000000	93.603	134.3996
162.500000	93.493	134.3105
165.000000	93.368	134.2847
167.500000	93.243	134.3780
170.000000	93.115	134.4464
172.500000	92.991	134.5320
175.000000	92.853	134.5159
177.500000	92.781	134.6000
180.000000	92.644	134.8026
182.500000	92.545	135.0446
185.000000	92.434	135.1472
187.500000	92.324	135.2281
190.000000	92.219	135.4193
192.500000	92.121	135.6782
195.000000	92.046	135.8527
197.500000	91.958	135.9655
200.000000	91.858	136.1145
203.000000	91.731	136.2526
206.000000	91.617	136.5675
209.000000	91.519	136.9572
212.000000	91.424	137.1958
214.000000	91.367	137.3219
218.000000	91.229	137.7100
220.000000	91.160	137.8730
224.000000	91.041	138.2755
227.000000	90.947	138.5802
230.000000	90.867	138.8831
233.000000	90.774	139.1478
236.000000	90.702	139.5103
240.000000	90.599	139.9159
243.000000	90.523	140.2814
247.000000	90.428	140.7271
250.000000	90.354	141.0301
254.000000	90.269	141.4229
258.000000	90.186	141.7877
262.000000	90.093	142.1514
265.000000	90.023	142.4470
269.000000	89.929	142.8978
272.000000	89.859	143.2699
276.000000	89.776	143.7986
280.000000	89.702	144.3214
285.000000	89.616	145.0136
290.000000	89.533	145.6757
295.000000	89.462	146.3464
300.000000	89.400	147.0148
304.000000	89.347	147.5351
307.000000	89.317	147.9240
311.000000	89.278	148.4254
315.000000	89.244	148.9429
320.000000	89.213	149.5539
325.000000	89.181	150.1330
330.000000	89.147	150.7089
335.000000	89.126	151.1780
340.000000	89.105	151.7161
345.000000	89.086	152.1342
350.000000	89.057	152.5840
355.000000	89.045	153.0568
360.000000	89.026	153.4922
365.000000	89.019	153.9131
370.000000	89.009	154.2526
375.000000	88.996	154.6262
382.000000	88.985	155.0751
387.000000	88.984	155.4795
395.000000	88.964	156.0652
400.000000	88.966	156.3999
406.000000	88.956	156.7630
412.000000	88.948	157.0609
418.000000	88.952	157.4365
425.000000	88.937	157.7123
431.000000	88.929	158.0932
437.000000	88.942	158.4143
444.000000	88.931	158.7048
450.000000	88.936	159.0536
455.000000	88.928	159.2872
462.000000	88.933	159.6110
468.000000	88.936	159.8778
475.000000	88.953	160.1186
482.000000	88.942	160.4125
487.000000	88.949	160.5830
494.000000	88.963	160.8189
500.000000	88.951	161.0427
508.000000	88.959	161.2930
515.000000	88.961	161.5293
522.000000	88.970	161.7678
530.000000	88.972	162.0005
538.000000	88.973	162.2481
545.000000	88.980	162.4180
552.000000	88.983	162.6060
560.000000	88.984	162.8391
570.000000	88.993	163.1237
580.000000	88.990	163.3456
590.000000	88.997	163.6521
600.000000	89.007	163.8537
608.000000	89.006	164.0906
615.000000	89.010	164.2971
622.000000	89.021	164.3987
630.000000	89.022	164.6046
640.000000	89.022	164.8859
650.000000	89.030	165.0614
660.000000	89.037	165.3414
670.000000	89.040	165.6128
680.000000	89.049	165.8263
690.000000	89.056	166.1055
700.000000	89.069	166.3091
710.000000	89.070	166.5962
720.000000	89.084	166.8695
730.000000	89.098	167.1138
740.000000	89.108	167.3997
750.000000	89.124	167.5961
762.000000	89.137	167.9895
775.000000	89.155	168.3476
788.000000	89.173	168.6926
800.000000	89.188	169.0331
812.000000	89.207	169.4143
825.000000	89.228	169.8628
838.000000	89.262	170.2866
850.000000	89.276	170.6868
862.000000	89.325	171.1081
875.000000	89.374	171.5222
885.000000	89.412	171.9116
900.000000	89.460	172.4304
912.000000	89.522	172.8171
925.000000	89.580	173.2388
938.000000	89.647	173.7193
950.000000	89.707	174.1168
962.000000	89.782	174.4264
975.000000	89.845	174.8536
988.000000	89.935	175.2201
1000.000000	90.029	175.4673
1015.000000	90.113	175.8973
1030.000000	90.212	176.2615
1044.000000	90.312	176.5298
1060.000000	90.442	176.9081
1075.000000	90.565	177.1769
1090.000000	90.687	177.3690
1106.000000	90.822	177.4989
1120.000000	90.936	177.5693
1138.000000	91.081	177.6270
1150.000000	91.181	177.6449
1172.000000	91.351	177.5991
1180.000000	91.416	177.5688
1206.000000	91.611	177.4454
1220.000000	91.711	177.3058
1241.000000	91.858	177.1207
1250.000000	91.922	177.0131
1265.000000	92.022	176.8151
1280.000000	92.115	176.6068
1315.000000	92.326	176.1404
1320.000000	92.354	176.0616
1340.000000	92.463	175.7723
1360.000000	92.575	175.4938
1380.000000	92.676	175.2213
1400.000000	92.779	174.9641
1430.000000	92.923	174.5719
1450.000000	93.018	174.3084
1475.000000	93.127	173.9635
1500.000000	93.235	173.6348
1525.000000	93.345	173.3697
1550.000000	93.447	173.1042
1575.000000	93.555	172.8187
1600.000000	93.663	172.5622
1625.000000	93.758	172.3201
1650.000000	93.856	172.1326
1675.000000	93.955	171.9748
1700.000000	94.069	171.9030
1725.000000	94.189	171.8805
1750.000000	94.341	171.8599
1775.000000	94.519	171.6649
1800.000000	94.709	171.3096
1825.000000	94.898	170.6447
1850.000000	95.062	169.8053
1875.000000	95.206	168.8386
1900.000000	95.315	167.9165
1925.000000	95.399	166.9293
1950.000000	95.482	166.0051
1975.000000	95.541	165.1525
2000.000000	95.570	164.3163
2030.000000	95.641	163.3553
2060.000000	95.681	162.4329
2090.000000	95.709	161.5703
2120.000000	95.727	160.7792
2140.000000	95.733	160.2693
2180.000000	95.741	159.3607
2200.000000	95.743	158.9525
2240.000000	95.747	158.2383
2270.000000	95.755	157.7576
2300.000000	95.760	157.3741
2330.000000	95.780	156.9384
2360.000000	95.803	156.5366
2400.000000	95.840	155.9608
2430.000000	95.864	155.5655
2470.000000	95.899	154.9860
2500.000000	95.930	154.5964
2540.000000	95.963	153.9669
2580.000000	96.002	153.3652
2620.000000	96.032	152.7231
2650.000000	96.057	152.2547
2690.000000	96.088	151.5924
2720.000000	96.111	151.0574
2760.000000	96.137	150.3578
2800.000000	96.155	149.6334
2850.000000	96.172	148.6877
2900.000000	96.193	147.7150
2950.000000	96.195	146.8075
3000.000000	96.169	145.7465
3040.000000	96.193	144.9071
3070.000000	96.188	144.2389
3110.000000	96.173	143.3282
3150.000000	96.147	142.3328
3200.000000	96.098	141.1090
3250.000000	96.039	139.8181
3300.000000	95.963	138.5275
3350.000000	95.858	137.2298
3400.000000	95.728	135.9236
3450.000000	95.584	134.6554
3500.000000	95.407	133.4069
3550.000000	95.213	132.2448
3600.000000	95.005	131.1606
3650.000000	94.768	130.0735
3700.000000	94.505	129.1499
3750.000000	94.216	128.3103
3820.000000	93.772	127.4209
3870.000000	93.425	127.0362
3950.000000	92.843	126.9512
4000.000000	92.395	127.0610
4060.000000	92.032	127.9318
4120.000000	91.598	128.9135
4180.000000	91.170	130.1734
4250.000000	90.662	132.0873
4310.000000	90.224	134.2213
4370.000000	89.793	136.9739
4440.000000	89.334	141.1380
4500.000000	89.062	145.5739
4550.000000	88.936	149.7467
4620.000000	89.016	155.7684
4680.000000	89.289	160.5374
4750.000000	89.802	164.8042
4820.000000	90.379	167.3475
4870.000000	90.757	168.3129
4940.000000	91.164	169.0465
5000.000000	91.475	169.7478
5080.000000	91.824	169.7113
5150.000000	92.061	169.5775
5220.000000	92.256	169.4900
5300.000000	92.408	169.3459
5380.000000	92.514	169.1436
5450.000000	92.564	169.1730
5520.000000	92.598	169.1855
5600.000000	92.617	169.3463
5700.000000	92.614	169.7054
5800.000000	92.560	169.9591
5900.000000	92.428	171.0638
6000.000000	92.512	173.0032
6080.000000	92.516	174.0985
6150.000000	92.666	174.7712
6220.000000	92.822	174.7699
6300.000000	92.907	173.8410
6400.000000	92.813	172.2477
6500.000000	92.450	171.3392
6600.000000	91.983	171.8800
6700.000000	91.555	173.7556
6800.000000	91.236	176.5138
6900.000000	91.021	179.7375
7000.000000	90.936	-176.7660
7100.000000	90.955	-173.2463
7200.000000	91.116	-169.8084
7300.000000	91.365	-166.7463
7400.000000	91.748	-164.2337
7500.000000	92.214	-162.7071
7620.000000	92.794	-162.3112
7750.000000	93.344	-163.2057
7880.000000	93.783	-165.2706
8000.000000	94.047	-168.4786
8120.000000	94.115	-171.2832
8250.000000	93.974	-174.4522
8380.000000	93.676	-176.8503
8500.000000	93.319	-178.3486
8620.000000	92.922	-178.9326
8750.000000	92.466	-178.7193
8850.000000	92.144	-177.9785
9000.000000	91.734	-175.8079
9120.000000	91.473	-173.9618
9250.000000	91.276	-171.4561
9380.000000	91.147	-168.6244
9500.000000	91.150	-165.8274
9620.000000	91.220	-163.5086
9750.000000	91.314	-160.9232
9880.000000	91.614	-158.6327
10000.000000	91.880	-157.7416
10150.000000	92.073	-157.9607
10300.000000	92.188	-157.7178
10440.000000	92.327	-157.7314
10600.000000	92.545	-158.6683
10750.000000	92.619	-161.0138
10900.000000	92.505	-164.1046
11060.000000	92.136	-167.7592
11200.000000	91.617	-170.9710
11380.000000	90.662	-174.4482
11500.000000	89.886	-176.0918
11720.000000	88.309	-177.1453
11800.000000	87.722	-176.9821
12060.000000	85.871	-174.4577
12200.000000	84.933	-172.7781
12410.000000	83.669	-169.6193
12500.000000	83.163	-168.2280
12650.000000	82.324	-166.2631
12800.000000	81.561	-164.9826
13150.000000	79.636	-163.0792
13200.000000	79.383	-162.9127
13400.000000	78.150	-162.0432
13600.000000	76.961	-161.5204
13800.000000	75.694	-160.5771
14000.000000	74.584	-159.4332
14300.000000	73.211	-157.7839
14500.000000	72.491	-156.8559
14750.000000	71.980	-156.6410
15000.000000	71.677	-156.5668
15250.000000	71.822	-158.9368
15500.000000	72.230	-160.0252
15750.000000	73.043	-163.8764
16000.000000	74.039	-168.1461
16250.000000	75.446	-174.4772
16500.000000	77.454	173.9815
16750.000000	79.641	156.3315
17000.000000	81.706	126.3916
17250.000000	81.921	84.1544
17500.000000	79.199	42.9183
17750.000000	75.159	7.3314
18000.000000	68.217	-31.3818
18250.000000	52.483	-176.1909
18500.000000	69.413	79.1154
18750.000000	73.597	24.8437
19000.000000	74.796	-28.6159
19250.000000	74.854	-85.0585
19500.000000	74.025	-148.3943
19750.000000	72.130	139.4819
