* Measurement data measured by REW V5.31.3
* Source: USB-C to 3.5mm Headphone Jack Adapter, USB-C to 3.5mm Headphone Jack Adapter, 0, volume: 0.138
* Format: 256k Log Swept Sine, 1 sweep at -12.0 dBFS with no timing reference
* Dated: Oct 31, 2024 8:53:44 PM
* REW Settings:
*  C-weighting compensation: Off
*  Target level: 75.0 dB
* Note: 
* Measurement: R
* Smoothing: None
* Frequency Step: 1/48 octave
* Start Frequency: 20.000 Hz
*
* Freq(Hz)	SPL(dB)	Phase(degrees)
20.000000	102.507	175.1688
20.299999	102.500	174.6085
20.600000	102.491	174.0512
20.900000	102.481	173.5010
21.200001	102.468	172.9623
21.400000	102.460	172.6111
21.799999	102.442	171.9276
22.000000	102.433	171.5942
22.400000	102.416	170.9387
22.700001	102.404	170.4515
23.000000	102.393	169.9649
23.299999	102.381	169.4781
23.600000	102.368	168.9925
24.000000	102.350	168.3515
24.299999	102.336	167.8789
24.700001	102.316	167.2613
25.000000	102.301	166.8064
25.400000	102.281	166.2081
25.799999	102.261	165.6167
26.200001	102.241	165.0330
26.500000	102.225	164.6024
26.900000	102.203	164.0406
27.200001	102.187	163.6287
27.600000	102.166	163.0882
28.000000	102.146	162.5505
28.500000	102.122	161.8713
29.000000	102.094	161.1848
29.500000	102.061	160.5102
30.000000	102.026	159.8705
30.400000	101.998	159.3860
30.700001	101.979	159.0315
31.100000	101.955	158.5588
31.500000	101.932	158.0779
32.000000	101.902	157.4695
32.500000	101.869	156.8703
33.000000	101.835	156.2911
33.500000	101.802	155.7245
34.000000	101.770	155.1591
34.500000	101.738	154.5950
35.000000	101.704	154.0403
35.500000	101.669	153.4976
36.000000	101.635	152.9629
36.500000	101.601	152.4348
37.000000	101.566	151.9177
37.500000	101.531	151.4122
38.200001	101.485	150.7093
38.700001	101.451	150.2039
39.500000	101.395	149.4091
40.000000	101.360	148.9292
40.599998	101.320	148.3548
41.200001	101.279	147.7686
41.799999	101.235	147.1868
42.500000	101.180	146.5482
43.099998	101.136	146.0310
43.700001	101.095	145.5154
44.400002	101.048	144.9008
45.000000	101.007	144.3662
45.500000	100.970	143.9197
46.200001	100.914	143.3143
46.799999	100.865	142.8386
47.500000	100.814	142.3175
48.200001	100.770	141.7662
48.700001	100.736	141.3452
49.400002	100.682	140.7685
50.000000	100.636	140.3123
50.799999	100.579	139.7246
51.500000	100.532	139.2000
52.200001	100.483	138.6700
53.000000	100.425	138.0718
53.799999	100.366	137.5148
54.500000	100.320	137.0421
55.200001	100.275	136.5221
56.000000	100.211	135.9241
57.000000	100.132	135.3213
58.000000	100.070	134.6546
59.000000	99.987	133.9638
60.000000	99.914	133.4338
60.799999	99.870	132.9308
61.500000	99.823	132.4422
62.200001	99.771	131.9911
63.000000	99.714	131.5065
64.000000	99.645	130.9102
65.000000	99.579	130.3292
66.000000	99.512	129.7308
67.000000	99.439	129.1569
68.000000	99.368	128.6537
69.000000	99.309	128.1360
70.000000	99.243	127.5459
71.000000	99.170	127.0425
72.000000	99.110	126.5409
73.000000	99.045	125.9934
74.000000	98.978	125.4940
75.000000	98.915	124.9901
76.199997	98.837	124.4075
77.500000	98.755	123.7822
78.800003	98.675	123.1830
80.000000	98.600	122.6196
81.199997	98.526	122.1017
82.500000	98.450	121.5043
83.800003	98.368	120.9433
85.000000	98.298	120.4326
86.199997	98.224	119.9240
87.500000	98.149	119.3982
88.500000	98.091	118.9718
90.000000	98.001	118.3756
91.199997	97.934	117.9084
92.500000	97.860	117.4066
93.800003	97.788	116.9272
95.000000	97.723	116.4687
96.199997	97.654	116.0352
97.500000	97.586	115.5655
98.800003	97.514	115.0901
100.000000	97.452	114.6810
101.500000	97.373	114.1550
103.000000	97.295	113.6506
104.400002	97.224	113.1826
106.000000	97.141	112.6541
107.500000	97.067	112.1620
109.000000	96.990	111.6954
110.599998	96.915	111.1974
112.000000	96.847	110.7847
113.800003	96.758	110.2632
115.000000	96.700	109.9046
117.199997	96.595	109.2277
118.000000	96.561	109.0414
120.599998	96.419	108.2045
122.000000	96.388	107.9435
124.099998	96.297	107.3931
125.000000	96.256	107.1540
126.500000	96.192	106.7886
128.000000	96.123	106.4122
131.500000	95.982	105.5621
132.000000	95.963	105.4360
134.000000	95.880	104.9700
136.000000	95.798	104.5250
138.000000	95.717	104.0854
140.000000	95.641	103.6636
143.000000	95.528	103.1093
145.000000	95.458	102.7653
147.500000	95.378	102.3525
150.000000	95.305	101.9649
152.500000	95.247	101.5817
155.000000	95.203	101.1164
157.500000	95.159	100.5734
160.000000	95.107	99.9759
162.500000	95.048	99.3214
165.000000	94.980	98.7072
167.500000	94.913	98.1321
170.000000	94.838	97.5852
172.500000	94.764	97.0650
175.000000	94.691	96.5977
177.500000	94.623	96.1510
180.000000	94.551	95.7594
182.500000	94.505	95.2839
185.000000	94.453	94.8199
187.500000	94.399	94.3399
190.000000	94.341	93.8548
192.500000	94.282	93.3790
195.000000	94.217	92.9314
197.500000	94.159	92.4979
200.000000	94.101	92.0847
203.000000	94.032	91.6065
206.000000	93.963	91.1412
209.000000	93.897	90.6807
212.000000	93.832	90.2548
214.000000	93.792	89.9678
218.000000	93.710	89.3893
220.000000	93.671	89.1342
224.000000	93.593	88.5862
227.000000	93.539	88.1824
230.000000	93.486	87.7980
233.000000	93.427	87.4127
236.000000	93.375	87.0370
240.000000	93.335	86.3571
243.000000	93.262	86.1696
247.000000	93.196	85.7672
250.000000	93.150	85.4377
254.000000	93.091	84.9867
258.000000	93.030	84.5819
262.000000	92.981	84.1545
265.000000	92.937	83.8578
269.000000	92.887	83.4431
272.000000	92.849	83.1580
276.000000	92.798	82.7694
280.000000	92.747	82.3847
285.000000	92.688	81.9334
290.000000	92.629	81.4832
295.000000	92.572	81.0582
300.000000	92.517	80.5616
304.000000	92.475	80.3724
307.000000	92.443	80.1365
311.000000	92.404	79.8367
315.000000	92.361	79.5432
320.000000	92.316	79.2124
325.000000	92.270	78.8712
330.000000	92.226	78.5434
335.000000	92.182	78.2255
340.000000	92.141	77.9389
345.000000	92.097	77.6481
350.000000	92.061	77.4143
355.000000	92.024	77.1218
360.000000	92.006	76.9411
365.000000	91.957	76.6477
370.000000	91.923	76.4189
375.000000	91.893	76.1527
382.000000	91.849	75.8670
387.000000	91.818	75.6318
395.000000	91.771	75.3355
400.000000	91.742	75.1536
406.000000	91.706	74.9712
412.000000	91.678	74.7753
418.000000	91.646	74.5782
425.000000	91.612	74.4226
431.000000	91.585	74.2530
437.000000	91.557	74.1039
444.000000	91.530	73.9771
450.000000	91.507	73.8741
455.000000	91.485	73.7625
462.000000	91.459	73.6392
468.000000	91.435	73.5561
475.000000	91.408	73.4639
482.000000	91.385	73.3973
487.000000	91.364	73.3570
494.000000	91.342	73.2910
500.000000	91.325	73.2958
508.000000	91.300	73.2466
515.000000	91.279	73.2512
522.000000	91.259	73.2541
530.000000	91.239	73.2749
538.000000	91.218	73.3162
545.000000	91.200	73.3663
552.000000	91.184	73.4061
560.000000	91.170	73.4951
570.000000	91.153	73.6305
580.000000	91.134	73.7496
590.000000	91.114	73.9200
600.000000	91.097	74.2089
608.000000	91.092	74.2854
615.000000	91.087	74.4105
622.000000	91.081	74.5972
630.000000	91.077	74.7798
640.000000	91.073	75.0630
650.000000	91.066	75.3031
660.000000	91.057	75.5248
670.000000	91.066	75.8893
680.000000	91.067	76.2132
690.000000	91.067	76.5316
700.000000	91.075	76.9015
710.000000	91.082	77.2184
720.000000	91.071	77.5834
730.000000	91.095	77.9771
740.000000	91.107	78.3606
750.000000	91.117	78.7768
762.000000	91.133	79.2615
775.000000	91.154	79.8196
788.000000	91.180	80.4148
800.000000	91.204	80.9531
812.000000	91.233	81.5378
825.000000	91.265	82.1573
838.000000	91.304	82.8083
850.000000	91.345	83.3949
862.000000	91.387	84.0332
875.000000	91.431	84.6763
885.000000	91.476	85.2165
900.000000	91.528	86.0143
912.000000	91.596	86.6356
925.000000	91.663	87.2957
938.000000	91.737	87.9850
950.000000	91.803	88.5996
962.000000	91.868	89.2017
975.000000	91.958	89.8360
988.000000	92.044	90.4754
1000.000000	92.124	91.0716
1015.000000	92.227	91.7298
1030.000000	92.335	92.4131
1044.000000	92.436	92.9953
1060.000000	92.559	93.6616
1075.000000	92.669	94.2749
1090.000000	92.778	94.8447
1106.000000	92.899	95.5362
1120.000000	93.016	96.1508
1138.000000	93.191	96.9198
1150.000000	93.326	97.3174
1172.000000	93.561	97.6170
1180.000000	93.633	97.6820
1206.000000	93.842	97.8694
1220.000000	93.941	97.9669
1241.000000	94.078	98.1220
1250.000000	94.132	98.2033
1265.000000	94.222	98.3451
1280.000000	94.308	98.4759
1315.000000	94.490	98.8180
1320.000000	94.513	98.8712
1340.000000	94.614	99.1011
1360.000000	94.703	99.3171
1380.000000	94.788	99.5053
1400.000000	94.871	99.8310
1430.000000	94.986	100.2659
1450.000000	95.059	100.5730
1475.000000	95.151	101.0212
1500.000000	95.241	101.4909
1525.000000	95.337	101.8885
1550.000000	95.423	102.3481
1575.000000	95.502	102.8170
1600.000000	95.581	103.3219
1625.000000	95.659	103.8548
1650.000000	95.740	104.4244
1675.000000	95.816	104.9631
1700.000000	95.891	105.5214
1725.000000	95.960	106.1028
1750.000000	96.024	106.7288
1775.000000	96.084	107.4048
1800.000000	96.135	108.1533
1825.000000	96.189	108.9833
1850.000000	96.236	109.9835
1875.000000	96.290	111.2003
1900.000000	96.369	112.7337
1925.000000	96.516	114.5762
1950.000000	96.783	116.4033
1975.000000	97.165	117.5219
2000.000000	97.544	117.5758
2030.000000	97.870	116.8598
2060.000000	98.062	116.0788
2090.000000	98.182	115.5953
2120.000000	98.271	115.4269
2140.000000	98.325	115.4665
2180.000000	98.446	115.9236
2200.000000	98.530	116.2924
2240.000000	98.779	116.8942
2270.000000	99.002	116.8099
2300.000000	99.185	116.3058
2330.000000	99.310	115.6717
2360.000000	99.389	115.1092
2400.000000	99.457	114.4893
2430.000000	99.483	114.1275
2470.000000	99.494	113.8028
2500.000000	99.485	113.7045
2540.000000	99.464	113.8778
2580.000000	99.474	114.3732
2620.000000	99.542	114.8812
2650.000000	99.615	115.0330
2690.000000	99.695	114.9726
2720.000000	99.732	114.8773
2760.000000	99.768	114.6862
2800.000000	99.777	114.4299
2850.000000	99.743	114.1053
2900.000000	99.664	113.9633
2950.000000	99.556	114.0229
3000.000000	99.427	114.3218
3040.000000	99.315	114.7570
3070.000000	99.234	115.2226
3110.000000	99.135	115.9393
3150.000000	99.047	116.7733
3200.000000	98.950	117.9276
3250.000000	98.871	119.2014
3300.000000	98.822	120.5119
3350.000000	98.778	121.7601
3400.000000	98.750	123.0152
3450.000000	98.725	124.2626
3500.000000	98.707	125.4749
3550.000000	98.688	126.6920
3600.000000	98.673	127.9192
3650.000000	98.653	129.1822
3700.000000	98.641	130.4568
3750.000000	98.630	131.7675
3820.000000	98.617	133.6867
3870.000000	98.623	135.1558
3950.000000	98.670	137.4759
4000.000000	98.711	138.8858
4060.000000	98.774	140.5103
4120.000000	98.846	142.0517
4180.000000	98.923	143.5609
4250.000000	99.024	145.2116
4310.000000	99.117	146.5719
4370.000000	99.216	147.8830
4440.000000	99.339	149.2840
4500.000000	99.450	150.3934
4550.000000	99.540	151.2596
4620.000000	99.673	152.3858
4680.000000	99.789	153.2501
4750.000000	99.927	154.1384
4820.000000	100.065	154.8480
4870.000000	100.161	155.2643
4940.000000	100.293	155.6624
5000.000000	100.393	155.8483
5080.000000	100.506	155.8979
5150.000000	100.579	155.7014
5220.000000	100.620	155.3828
5300.000000	100.625	154.7942
5380.000000	100.568	154.0506
5450.000000	100.444	153.3304
5520.000000	100.251	152.7794
5600.000000	99.965	152.5731
5700.000000	99.570	152.9391
5800.000000	99.161	153.8752
5900.000000	98.753	155.3388
6000.000000	98.354	157.2967
6080.000000	98.052	159.1733
6150.000000	97.806	160.9917
6220.000000	97.578	162.9662
6300.000000	97.344	165.3989
6400.000000	97.088	168.6715
6500.000000	96.877	172.1703
6600.000000	96.732	175.8205
6700.000000	96.645	179.6219
6800.000000	96.625	-176.5122
6900.000000	96.689	-172.6233
7000.000000	96.848	-168.7910
7100.000000	97.134	-165.3053
7200.000000	97.537	-162.6168
7300.000000	97.976	-161.1611
7400.000000	98.373	-160.4872
7500.000000	98.745	-160.6449
7620.000000	99.057	-161.8906
7750.000000	99.233	-163.5721
7880.000000	99.300	-165.6111
8000.000000	99.251	-167.7887
8120.000000	99.075	-170.0873
8250.000000	98.752	-172.4577
8380.000000	98.315	-174.6544
8500.000000	97.799	-176.4784
8620.000000	97.173	-177.9544
8750.000000	96.361	-178.9484
8850.000000	95.642	-178.7959
9000.000000	94.597	-176.6466
9120.000000	93.842	-174.0539
9250.000000	93.144	-170.4512
9380.000000	92.633	-166.4459
9500.000000	92.227	-163.3336
9620.000000	91.825	-159.8012
9750.000000	91.491	-155.7739
9880.000000	91.291	-151.8447
10000.000000	91.170	-148.8106
10150.000000	91.047	-145.1518
10300.000000	90.989	-141.8761
10440.000000	91.003	-139.0390
10600.000000	91.108	-136.7142
10750.000000	91.209	-135.3937
10900.000000	91.275	-135.0253
11060.000000	91.246	-135.2684
11200.000000	91.124	-135.8820
11380.000000	90.836	-136.5707
11500.000000	90.566	-136.8162
11720.000000	89.984	-136.6054
11800.000000	89.774	-136.2272
12060.000000	89.141	-134.1617
12200.000000	88.875	-132.6840
12410.000000	88.656	-130.3210
12500.000000	88.628	-129.5614
12650.000000	88.681	-128.5834
12800.000000	88.772	-128.5838
13150.000000	88.960	-132.1336
13200.000000	88.960	-132.8044
13400.000000	88.915	-135.8446
13600.000000	88.910	-139.2706
13800.000000	88.996	-143.6359
14000.000000	89.107	-149.6120
14300.000000	89.162	-161.7685
14500.000000	88.970	-171.9997
14750.000000	88.328	174.7322
15000.000000	87.358	162.4323
15250.000000	86.471	150.5100
15500.000000	85.641	139.6598
15750.000000	85.027	128.4469
16000.000000	84.668	116.1341
16250.000000	84.527	101.7256
16500.000000	84.576	84.4624
16750.000000	84.634	62.7580
17000.000000	84.390	36.5866
17250.000000	83.622	6.6747
17500.000000	82.261	-24.9121
17750.000000	80.435	-57.1831
18000.000000	78.247	-90.4791
18250.000000	75.861	-124.2166
18500.000000	73.500	-160.7394
18750.000000	71.150	158.6844
19000.000000	68.359	117.4169
19250.000000	66.663	58.3198
19500.000000	64.555	-10.7230
19750.000000	62.165	-95.9956
