* Measurement data measured by REW V5.31.3
* Source: USB-C to 3.5mm Headphone Jack Adapter, no input selected, 0, volume: 0.138
* Format: 256k Log Swept Sine, 1 sweep at -12.0 dBFS with no timing reference
* Dated: Oct 9, 2025 12:53:56 PM
* REW Settings:
*  C-weighting compensation: Off
*  Target level: 75.0 dB
* Note: ; 
* Measurement: S1 grn L
* Smoothing: None
* Frequency Step: 1/48 octave
* Start Frequency: 20.000 Hz
*
* Freq(Hz)	SPL(dB)	Phase(degrees)
20.000000	100.976	25.3749
20.299999	100.992	25.1529
20.600000	101.009	24.9353
20.900000	101.028	24.7118
21.200001	101.047	24.4762
21.400000	101.058	24.3130
21.799999	101.077	23.9880
22.000000	101.084	23.8344
22.400000	101.098	23.5556
22.700001	101.110	23.3689
23.000000	101.124	23.1873
23.299999	101.141	22.9954
23.600000	101.158	22.7839
24.000000	101.176	22.4784
24.299999	101.184	22.2524
24.700001	101.191	21.9862
25.000000	101.196	21.8200
25.400000	101.207	21.6279
25.799999	101.223	21.4346
26.200001	101.240	21.2184
26.500000	101.251	21.0461
26.900000	101.263	20.8246
27.200001	101.271	20.6756
27.600000	101.282	20.4974
28.000000	101.297	20.3243
28.500000	101.316	20.0885
29.000000	101.332	19.8406
29.500000	101.342	19.6158
30.000000	101.353	19.4276
30.400000	101.363	19.2898
30.700001	101.371	19.1856
31.100000	101.382	19.0435
31.500000	101.391	18.9046
32.000000	101.401	18.7452
32.500000	101.412	18.5981
33.000000	101.422	18.4516
33.500000	101.432	18.3044
34.000000	101.441	18.1648
34.500000	101.449	18.0331
35.000000	101.458	17.9012
35.500000	101.466	17.7693
36.000000	101.473	17.6478
36.500000	101.482	17.5373
37.000000	101.492	17.4217
37.500000	101.502	17.2922
38.200001	101.510	17.1266
38.700001	101.516	17.0412
39.500000	101.535	16.8955
40.000000	101.544	16.7742
40.599998	101.549	16.6536
41.200001	101.556	16.5873
41.799999	101.570	16.5063
42.500000	101.582	16.3498
43.099998	101.582	16.2536
43.700001	101.587	16.2199
44.400002	101.603	16.1315
45.000000	101.610	15.9987
45.500000	101.609	15.9217
46.200001	101.613	15.8802
46.799999	101.625	15.8124
47.500000	101.632	15.6836
48.200001	101.633	15.6165
48.700001	101.640	15.5988
49.400002	101.656	15.5207
50.000000	101.664	15.4082
50.799999	101.664	15.3047
51.500000	101.667	15.2770
52.200001	101.676	15.2518
53.000000	101.689	15.1909
53.799999	101.697	15.1092
54.500000	101.699	15.0534
55.200001	101.703	15.0282
56.000000	101.713	14.9919
57.000000	101.720	14.9049
58.000000	101.727	14.8829
59.000000	101.745	14.7850
60.000000	101.739	14.6740
60.799999	101.737	14.7342
61.500000	101.751	14.7682
62.200001	101.765	14.7323
63.000000	101.772	14.6906
64.000000	101.780	14.6631
65.000000	101.788	14.6389
66.000000	101.794	14.6049
67.000000	101.795	14.5941
68.000000	101.803	14.6145
69.000000	101.812	14.5998
70.000000	101.820	14.5956
71.000000	101.828	14.5750
72.000000	101.835	14.5824
73.000000	101.846	14.5711
74.000000	101.851	14.5427
75.000000	101.855	14.5466
76.199997	101.861	14.5707
77.500000	101.875	14.5890
78.800003	101.878	14.5859
80.000000	101.888	14.6306
81.199997	101.896	14.6400
82.500000	101.906	14.6922
83.800003	101.920	14.6978
85.000000	101.923	14.7056
86.199997	101.933	14.7599
87.500000	101.941	14.7750
88.500000	101.947	14.8241
90.000000	101.958	14.8566
91.199997	101.965	14.9025
92.500000	101.974	14.9352
93.800003	101.983	14.9810
95.000000	101.991	15.0229
96.199997	102.000	15.0714
97.500000	102.010	15.1165
98.800003	102.018	15.1594
100.000000	102.025	15.2130
101.500000	102.035	15.2713
103.000000	102.046	15.3377
104.400002	102.055	15.4059
106.000000	102.069	15.4689
107.500000	102.078	15.5468
109.000000	102.086	15.6330
110.599998	102.100	15.7016
112.000000	102.105	15.7917
113.800003	102.121	15.8633
115.000000	102.128	15.9289
117.199997	102.147	16.0222
118.000000	102.152	16.0771
120.599998	102.169	16.1697
122.000000	102.183	16.3038
124.099998	102.199	16.4124
125.000000	102.206	16.4610
126.500000	102.216	16.5547
128.000000	102.229	16.6511
131.500000	102.255	16.8540
132.000000	102.258	16.8849
134.000000	102.273	16.9997
136.000000	102.291	17.1425
138.000000	102.306	17.2360
140.000000	102.324	17.3723
143.000000	102.349	17.5647
145.000000	102.365	17.6958
147.500000	102.386	17.8562
150.000000	102.409	18.0247
152.500000	102.432	18.1728
155.000000	102.460	18.3586
157.500000	102.469	18.5381
160.000000	102.500	18.5018
162.500000	102.520	18.8511
165.000000	102.547	18.9937
167.500000	102.572	19.1889
170.000000	102.592	19.3537
172.500000	102.616	19.5308
175.000000	102.642	19.6864
177.500000	102.667	19.8569
180.000000	102.693	20.0144
182.500000	102.719	20.1959
185.000000	102.745	20.3761
187.500000	102.773	20.5532
190.000000	102.800	20.7299
192.500000	102.829	20.9051
195.000000	102.854	21.0812
197.500000	102.883	21.2454
200.000000	102.911	21.4288
203.000000	102.945	21.6350
206.000000	102.980	21.8493
209.000000	103.015	22.0550
212.000000	103.052	22.2662
214.000000	103.075	22.4071
218.000000	103.125	22.6891
220.000000	103.151	22.8346
224.000000	103.202	23.1068
227.000000	103.238	23.3298
230.000000	103.276	23.5348
233.000000	103.314	23.7605
236.000000	103.357	23.9871
240.000000	103.398	24.2582
243.000000	103.445	24.5184
247.000000	103.497	24.8532
250.000000	103.541	25.1165
254.000000	103.601	25.5347
258.000000	103.685	26.0030
262.000000	103.788	26.3492
265.000000	103.869	26.4794
269.000000	103.956	26.5730
272.000000	104.012	26.6428
276.000000	104.082	26.7822
280.000000	104.149	26.9448
285.000000	104.236	27.1893
290.000000	104.326	27.4283
295.000000	104.418	27.6787
300.000000	104.512	27.9563
304.000000	104.593	28.1533
307.000000	104.654	28.3082
311.000000	104.735	28.5013
315.000000	104.818	28.6849
320.000000	104.929	28.9344
325.000000	105.041	29.1564
330.000000	105.154	29.3637
335.000000	105.274	29.5690
340.000000	105.394	29.7624
345.000000	105.519	29.9308
350.000000	105.648	30.0951
355.000000	105.778	30.2425
360.000000	105.914	30.3591
365.000000	106.054	30.4830
370.000000	106.197	30.5634
375.000000	106.343	30.6289
382.000000	106.556	30.6784
387.000000	106.711	30.6743
395.000000	106.970	30.6165
400.000000	107.135	30.5575
406.000000	107.339	30.4172
412.000000	107.549	30.2380
418.000000	107.766	30.0059
425.000000	108.028	29.6572
431.000000	108.259	29.2728
437.000000	108.495	28.8103
444.000000	108.782	28.1517
450.000000	109.027	27.4921
455.000000	109.238	26.8445
462.000000	109.533	25.8202
468.000000	109.787	24.8062
475.000000	110.084	23.4604
482.000000	110.383	21.9070
487.000000	110.593	20.7219
494.000000	110.881	18.8479
500.000000	111.120	17.0466
508.000000	111.424	14.3870
515.000000	111.673	11.8080
522.000000	111.895	8.9969
530.000000	112.116	5.4921
538.000000	112.296	1.7071
545.000000	112.409	-1.8318
552.000000	112.482	-5.5039
560.000000	112.509	-9.9142
570.000000	112.450	-15.5809
580.000000	112.285	-21.3009
590.000000	112.013	-26.9399
600.000000	111.643	-32.3302
608.000000	111.276	-36.3897
615.000000	110.916	-39.6726
622.000000	110.525	-42.6748
630.000000	110.053	-45.7429
640.000000	109.436	-49.0542
650.000000	108.806	-51.7871
660.000000	108.176	-54.0016
670.000000	107.554	-55.7804
680.000000	106.944	-57.1239
690.000000	106.351	-58.1597
700.000000	105.774	-58.8725
710.000000	105.222	-59.3525
720.000000	104.686	-59.6153
730.000000	104.168	-59.6837
740.000000	103.673	-59.5885
750.000000	103.196	-59.3671
762.000000	102.647	-58.9519
775.000000	102.076	-58.3368
788.000000	101.534	-57.5887
800.000000	101.050	-56.8157
812.000000	100.586	-55.8949
825.000000	100.108	-54.8050
838.000000	99.652	-53.6487
850.000000	99.248	-52.5560
862.000000	98.861	-51.3860
875.000000	98.454	-50.0959
885.000000	98.153	-49.0554
900.000000	97.721	-47.5017
912.000000	97.388	-46.2071
925.000000	97.040	-44.7959
938.000000	96.707	-43.3679
950.000000	96.407	-42.0562
962.000000	96.117	-40.7323
975.000000	95.812	-39.3202
988.000000	95.515	-37.8750
1000.000000	95.244	-36.5637
1015.000000	94.913	-34.9545
1030.000000	94.586	-33.3552
1044.000000	94.282	-31.8807
1060.000000	93.928	-30.2181
1075.000000	93.587	-28.6909
1090.000000	93.237	-27.1428
1106.000000	92.833	-25.5108
1120.000000	92.438	-23.9817
1138.000000	91.872	-21.8807
1150.000000	91.428	-20.2372
1172.000000	90.391	-16.0967
1180.000000	89.912	-13.7940
1206.000000	88.139	2.5427
1220.000000	88.341	21.8198
1241.000000	92.818	35.2769
1250.000000	94.368	29.0299
1265.000000	95.166	16.3324
1280.000000	94.882	8.2358
1315.000000	93.667	1.5384
1320.000000	93.511	1.2424
1340.000000	92.938	0.8788
1360.000000	92.424	1.2347
1380.000000	91.966	1.9968
1400.000000	91.538	3.0522
1430.000000	90.937	5.0560
1450.000000	90.564	6.5171
1475.000000	90.111	8.4870
1500.000000	89.679	10.6042
1525.000000	89.245	12.7412
1550.000000	88.836	14.9824
1575.000000	88.421	17.3942
1600.000000	88.015	19.8883
1625.000000	87.608	22.5017
1650.000000	87.215	25.1896
1675.000000	86.828	28.0361
1700.000000	86.444	30.8779
1725.000000	86.096	33.8671
1750.000000	85.749	36.9005
1775.000000	85.415	40.0012
1800.000000	85.073	43.0440
1825.000000	84.750	46.2261
1850.000000	84.431	49.4476
1875.000000	84.114	52.5766
1900.000000	83.810	55.8975
1925.000000	83.504	59.1030
1950.000000	83.197	62.4065
1975.000000	82.901	65.8286
2000.000000	82.584	69.2936
2030.000000	82.214	73.4328
2060.000000	81.872	77.7867
2090.000000	81.522	82.2734
2120.000000	81.154	86.8588
2140.000000	80.923	89.8941
2180.000000	80.443	96.4120
2200.000000	80.214	99.6910
2240.000000	79.733	106.6254
2270.000000	79.387	112.0762
2300.000000	79.092	118.0529
2330.000000	78.746	123.9609
2360.000000	78.456	130.5048
2400.000000	78.122	139.6191
2430.000000	77.958	146.8339
2470.000000	77.808	157.1692
2500.000000	77.793	165.2707
2540.000000	77.930	176.1460
2580.000000	78.282	-172.4147
2620.000000	78.869	-161.6587
2650.000000	79.424	-154.0029
2690.000000	80.350	-144.4548
2720.000000	81.113	-138.2037
2760.000000	82.235	-130.8140
2800.000000	83.412	-124.6871
2850.000000	84.944	-118.8828
2900.000000	86.457	-115.2299
2950.000000	87.895	-113.5883
3000.000000	89.147	-113.8034
3040.000000	90.013	-114.9257
3070.000000	90.538	-116.2651
3110.000000	91.062	-118.4253
3150.000000	91.406	-120.6544
3200.000000	91.573	-123.0787
3250.000000	91.536	-124.7135
3300.000000	91.365	-125.3440
3350.000000	91.119	-124.8996
3400.000000	90.843	-123.6327
3450.000000	90.554	-121.5748
3500.000000	90.278	-118.9359
3550.000000	90.013	-115.7594
3600.000000	89.771	-112.1586
3650.000000	89.551	-108.0682
3700.000000	89.351	-103.6562
3750.000000	89.184	-98.8442
3820.000000	88.994	-91.3973
3870.000000	88.918	-85.6040
3950.000000	88.936	-75.2534
4000.000000	89.114	-68.2522
4060.000000	89.502	-59.4952
4120.000000	90.171	-51.1985
4180.000000	91.073	-44.0262
4250.000000	92.280	-38.0445
4310.000000	93.283	-34.8919
4370.000000	94.145	-33.1227
4440.000000	94.928	-31.6800
4500.000000	95.459	-30.4452
4550.000000	95.842	-29.1705
4620.000000	96.369	-27.1977
4680.000000	96.825	-26.1183
4750.000000	97.031	-21.4668
4820.000000	97.859	-18.7759
4870.000000	98.372	-16.9066
4940.000000	99.240	-14.9313
5000.000000	100.059	-14.0430
5080.000000	101.247	-14.4991
5150.000000	102.334	-17.1501
5220.000000	103.326	-22.6086
5300.000000	104.020	-32.3952
5380.000000	103.885	-43.9595
5450.000000	103.070	-52.6486
5520.000000	101.867	-58.3689
5600.000000	100.345	-61.2702
5700.000000	98.510	-60.8330
5800.000000	96.879	-57.4739
5900.000000	95.463	-52.3124
6000.000000	94.231	-45.9405
6080.000000	93.369	-40.3089
6150.000000	92.700	-35.0665
6220.000000	92.094	-29.5941
6300.000000	91.480	-23.0911
6400.000000	90.821	-14.8190
6500.000000	90.280	-6.3867
6600.000000	89.840	2.0498
6700.000000	89.490	10.4768
6800.000000	89.229	18.8621
6900.000000	89.025	27.1934
7000.000000	88.911	35.3502
7100.000000	88.876	43.5779
7200.000000	88.953	51.5006
7300.000000	89.109	59.1178
7400.000000	89.378	66.3975
7500.000000	89.739	73.1152
7620.000000	90.328	80.0337
7750.000000	91.118	85.6455
7880.000000	91.993	88.3760
8000.000000	92.691	87.5969
8120.000000	93.038	83.6398
8250.000000	92.682	77.6046
8380.000000	91.574	72.5958
8500.000000	90.107	70.6177
8620.000000	88.448	71.3392
8750.000000	86.593	75.0031
8850.000000	85.211	79.4675
9000.000000	83.290	88.1783
9120.000000	81.903	96.1263
9250.000000	80.504	105.8202
9380.000000	79.298	115.7168
9500.000000	78.207	125.5764
9620.000000	77.223	135.3813
9750.000000	76.332	146.0438
9880.000000	75.450	156.9829
10000.000000	74.705	166.8828
10150.000000	73.905	179.2229
10300.000000	72.761	-169.3193
10440.000000	72.558	-156.3063
10600.000000	71.911	-143.2969
10750.000000	71.415	-131.2139
10900.000000	70.893	-119.3245
11060.000000	70.476	-106.4876
11200.000000	70.153	-95.5876
11380.000000	69.795	-81.5927
11500.000000	69.630	-72.8048
11720.000000	69.371	-56.3865
11800.000000	69.308	-50.4796
12060.000000	69.294	-31.8761
12200.000000	69.559	-22.6458
12410.000000	69.709	-9.2867
12500.000000	69.895	-4.2320
12650.000000	70.156	3.5701
12800.000000	70.119	12.0860
13150.000000	70.244	33.4575
13200.000000	70.285	37.0984
13400.000000	71.230	51.4757
13600.000000	72.508	64.2060
13800.000000	73.987	74.7334
14000.000000	75.751	83.1091
14300.000000	79.222	93.1414
14500.000000	82.321	94.6416
14750.000000	87.321	81.2338
15000.000000	89.517	34.7299
15250.000000	85.368	4.5687
15500.000000	81.893	0.7325
15750.000000	79.850	2.7352
16000.000000	78.749	5.1306
16250.000000	78.204	7.1252
16500.000000	78.311	7.0712
16750.000000	78.981	4.3129
17000.000000	80.424	-3.2196
17250.000000	82.834	-19.3172
17500.000000	85.637	-57.8429
17750.000000	83.900	-116.0200
18000.000000	79.148	-153.3768
18250.000000	75.266	-179.3608
18500.000000	72.360	155.8063
18750.000000	70.082	126.2616
19000.000000	68.540	92.6685
19250.000000	67.645	48.9173
19500.000000	66.715	-6.3785
19750.000000	65.822	-76.5540
