* Measurement data measured by REW V5.31.3
* Source: USB-C to 3.5mm Headphone Jack Adapter, no input selected, 0, volume: 0.138
* Format: 256k Log Swept Sine, 1 sweep at -12.0 dBFS with no timing reference
* Dated: Oct 9, 2025 12:53:03 PM
* REW Settings:
*  C-weighting compensation: Off
*  Target level: 75.0 dB
* Note: ; 
* Measurement: S1 grn R
* Smoothing: None
* Frequency Step: 1/48 octave
* Start Frequency: 20.000 Hz
*
* Freq(Hz)	SPL(dB)	Phase(degrees)
20.000000	105.389	-157.0619
20.299999	105.405	-157.2112
20.600000	105.431	-157.3736
20.900000	105.464	-157.5910
21.200001	105.495	-157.8790
21.400000	105.511	-158.1018
21.799999	105.529	-158.5595
22.000000	105.531	-158.7652
22.400000	105.527	-159.0902
22.700001	105.527	-159.2546
23.000000	105.534	-159.3807
23.299999	105.550	-159.5076
23.600000	105.570	-159.6676
24.000000	105.597	-159.9480
24.299999	105.612	-160.1868
24.700001	105.622	-160.4929
25.000000	105.626	-160.6886
25.400000	105.633	-160.9030
25.799999	105.646	-161.0977
26.200001	105.662	-161.3103
26.500000	105.674	-161.4877
26.900000	105.686	-161.7321
27.200001	105.692	-161.9066
27.600000	105.699	-162.1147
28.000000	105.707	-162.2993
28.500000	105.720	-162.5192
29.000000	105.734	-162.7408
29.500000	105.746	-162.9547
30.000000	105.759	-163.1543
30.400000	105.771	-163.3117
30.700001	105.780	-163.4337
31.100000	105.791	-163.6015
31.500000	105.799	-163.7666
32.000000	105.808	-163.9548
32.500000	105.818	-164.1242
33.000000	105.830	-164.2943
33.500000	105.841	-164.4758
34.000000	105.848	-164.6559
34.500000	105.854	-164.8169
35.000000	105.860	-164.9582
35.500000	105.868	-165.0937
36.000000	105.877	-165.2341
36.500000	105.886	-165.3790
37.000000	105.894	-165.5250
37.500000	105.901	-165.6710
38.200001	105.910	-165.8686
38.700001	105.917	-165.9979
39.500000	105.929	-166.1940
40.000000	105.937	-166.3233
40.599998	105.945	-166.4808
41.200001	105.951	-166.6223
41.799999	105.958	-166.7450
42.500000	105.969	-166.8836
43.099998	105.977	-167.0071
43.700001	105.984	-167.1277
44.400002	105.991	-167.2514
45.000000	105.998	-167.3419
45.500000	106.006	-167.4182
46.200001	106.017	-167.5468
46.799999	106.023	-167.6696
47.500000	106.027	-167.7899
48.200001	106.032	-167.8819
48.700001	106.038	-167.9496
49.400002	106.046	-168.0522
50.000000	106.052	-168.1333
50.799999	106.062	-168.2428
51.500000	106.071	-168.3572
52.200001	106.075	-168.4620
53.000000	106.081	-168.5547
53.799999	106.089	-168.6470
54.500000	106.095	-168.7227
55.200001	106.102	-168.7978
56.000000	106.109	-168.8991
57.000000	106.114	-168.9802
58.000000	106.130	-169.0830
59.000000	106.131	-169.2421
60.000000	106.133	-169.2578
60.799999	106.149	-169.3067
61.500000	106.158	-169.4087
62.200001	106.161	-169.4824
63.000000	106.168	-169.5360
64.000000	106.178	-169.6227
65.000000	106.186	-169.7083
66.000000	106.192	-169.7851
67.000000	106.199	-169.8489
68.000000	106.207	-169.9126
69.000000	106.216	-169.9683
70.000000	106.224	-170.0465
71.000000	106.229	-170.1075
72.000000	106.237	-170.1593
73.000000	106.243	-170.2166
74.000000	106.249	-170.2481
75.000000	106.260	-170.2925
76.199997	106.269	-170.3878
77.500000	106.273	-170.4320
78.800003	106.287	-170.4725
80.000000	106.296	-170.5417
81.199997	106.306	-170.5774
82.500000	106.317	-170.6452
83.800003	106.326	-170.6854
85.000000	106.335	-170.7268
86.199997	106.345	-170.7586
87.500000	106.353	-170.7997
88.500000	106.362	-170.8168
90.000000	106.374	-170.8687
91.199997	106.382	-170.9020
92.500000	106.392	-170.9227
93.800003	106.403	-170.9572
95.000000	106.411	-170.9774
96.199997	106.421	-171.0015
97.500000	106.431	-171.0225
98.800003	106.441	-171.0486
100.000000	106.451	-171.0695
101.500000	106.462	-171.0930
103.000000	106.476	-171.1102
104.400002	106.486	-171.1330
106.000000	106.500	-171.1431
107.500000	106.512	-171.1638
109.000000	106.525	-171.1696
110.599998	106.538	-171.1941
112.000000	106.549	-171.1914
113.800003	106.565	-171.2135
115.000000	106.575	-171.2156
117.199997	106.595	-171.2353
118.000000	106.602	-171.2346
120.599998	106.621	-171.2539
122.000000	106.637	-171.2491
124.099998	106.656	-171.2472
125.000000	106.665	-171.2564
126.500000	106.678	-171.2473
128.000000	106.693	-171.2452
131.500000	106.725	-171.2485
132.000000	106.730	-171.2482
134.000000	106.750	-171.2397
136.000000	106.770	-171.2392
138.000000	106.789	-171.2272
140.000000	106.809	-171.2296
143.000000	106.840	-171.2150
145.000000	106.861	-171.2028
147.500000	106.887	-171.1919
150.000000	106.913	-171.1775
152.500000	106.941	-171.1674
155.000000	106.969	-171.1514
157.500000	106.995	-171.1193
160.000000	107.008	-171.1126
162.500000	107.052	-171.1060
165.000000	107.083	-171.0932
167.500000	107.115	-171.0656
170.000000	107.144	-171.0385
172.500000	107.173	-171.0224
175.000000	107.205	-171.0150
177.500000	107.237	-170.9921
180.000000	107.273	-170.9753
182.500000	107.304	-170.9584
185.000000	107.336	-170.9438
187.500000	107.370	-170.9260
190.000000	107.404	-170.9078
192.500000	107.439	-170.8878
195.000000	107.473	-170.8734
197.500000	107.510	-170.8515
200.000000	107.546	-170.8408
203.000000	107.590	-170.8233
206.000000	107.635	-170.8051
209.000000	107.682	-170.7829
212.000000	107.729	-170.7768
214.000000	107.759	-170.7643
218.000000	107.825	-170.7446
220.000000	107.857	-170.7407
224.000000	107.924	-170.7188
227.000000	107.974	-170.7197
230.000000	108.025	-170.7050
233.000000	108.078	-170.7097
236.000000	108.131	-170.7024
240.000000	108.209	-170.6784
243.000000	108.258	-170.6811
247.000000	108.331	-170.6840
250.000000	108.388	-170.6739
254.000000	108.465	-170.6619
258.000000	108.545	-170.6247
262.000000	108.631	-170.5846
265.000000	108.701	-170.5674
269.000000	108.797	-170.5557
272.000000	108.872	-170.5595
276.000000	108.978	-170.6103
280.000000	109.083	-170.7185
285.000000	109.210	-170.8907
290.000000	109.334	-171.0578
295.000000	109.458	-171.2267
300.000000	109.586	-171.3748
304.000000	109.691	-171.5021
307.000000	109.771	-171.6061
311.000000	109.882	-171.7563
315.000000	109.995	-171.9083
320.000000	110.140	-172.1389
325.000000	110.289	-172.3830
330.000000	110.440	-172.6570
335.000000	110.597	-172.9546
340.000000	110.757	-173.2793
345.000000	110.922	-173.6310
350.000000	111.092	-174.0197
355.000000	111.266	-174.4361
360.000000	111.442	-174.9057
365.000000	111.625	-175.4094
370.000000	111.810	-175.9550
375.000000	112.002	-176.5529
382.000000	112.277	-177.4855
387.000000	112.477	-178.2250
395.000000	112.804	-179.5466
400.000000	113.013	179.5428
406.000000	113.267	178.3332
412.000000	113.524	177.0071
418.000000	113.782	175.5370
425.000000	114.084	173.6506
431.000000	114.339	171.8644
437.000000	114.591	169.9116
444.000000	114.874	167.4193
450.000000	115.109	165.0981
455.000000	115.296	163.0238
462.000000	115.539	159.9115
468.000000	115.731	157.0464
475.000000	115.930	153.4752
482.000000	116.097	149.6385
487.000000	116.192	146.7675
494.000000	116.286	142.5704
500.000000	116.328	138.8442
508.000000	116.327	133.7130
515.000000	116.263	129.1498
522.000000	116.148	124.5994
530.000000	115.957	119.4261
538.000000	115.700	114.3642
545.000000	115.421	110.0840
552.000000	115.099	106.0005
560.000000	114.681	101.6113
570.000000	114.100	96.6459
580.000000	113.474	92.2906
590.000000	112.823	88.5450
600.000000	112.164	85.3885
608.000000	111.637	83.2206
615.000000	111.181	81.5892
622.000000	110.732	80.1667
630.000000	110.229	78.7652
640.000000	109.619	77.3170
650.000000	109.030	76.1514
660.000000	108.464	75.2137
670.000000	107.916	74.4922
680.000000	107.390	73.9634
690.000000	106.882	73.5807
700.000000	106.398	73.3434
710.000000	105.931	73.2084
720.000000	105.482	73.1657
730.000000	105.047	73.1935
740.000000	104.631	73.3113
750.000000	104.228	73.4817
762.000000	103.761	73.7651
775.000000	103.277	74.1617
788.000000	102.814	74.6273
800.000000	102.402	75.1099
812.000000	102.009	75.6522
825.000000	101.597	76.2824
838.000000	101.203	76.9589
850.000000	100.852	77.6096
862.000000	100.516	78.2952
875.000000	100.166	79.0612
885.000000	99.908	79.6602
900.000000	99.534	80.5693
912.000000	99.246	81.3459
925.000000	98.946	82.1678
938.000000	98.660	82.9867
950.000000	98.407	83.7473
962.000000	98.160	84.5032
975.000000	97.906	85.3325
988.000000	97.661	86.1310
1000.000000	97.440	86.8602
1015.000000	97.171	87.7383
1030.000000	96.906	88.6100
1044.000000	96.656	89.5247
1060.000000	96.438	90.7747
1075.000000	96.264	91.3698
1090.000000	96.045	91.8943
1106.000000	95.811	92.5443
1120.000000	95.600	93.0878
1138.000000	95.344	93.7742
1150.000000	95.173	94.2105
1172.000000	94.856	94.9651
1180.000000	94.742	95.2211
1206.000000	94.359	96.0476
1220.000000	94.150	96.4473
1241.000000	93.829	97.0688
1250.000000	93.689	97.3146
1265.000000	93.456	97.7557
1280.000000	93.213	98.1724
1315.000000	92.622	99.1587
1320.000000	92.532	99.2821
1340.000000	92.172	99.9229
1360.000000	91.795	100.5164
1380.000000	91.390	101.1637
1400.000000	90.965	101.9361
1430.000000	90.246	103.1461
1450.000000	89.689	104.1946
1475.000000	88.855	105.9994
1500.000000	87.787	109.1903
1525.000000	86.394	116.6360
1550.000000	85.571	135.0472
1575.000000	88.088	152.0890
1600.000000	90.558	145.7116
1625.000000	90.908	136.2912
1650.000000	90.499	131.1501
1675.000000	89.960	128.9402
1700.000000	89.408	128.2444
1725.000000	88.899	128.4211
1750.000000	88.413	129.1915
1775.000000	87.942	130.3586
1800.000000	87.506	131.8108
1825.000000	87.063	133.5008
1850.000000	86.645	135.4864
1875.000000	86.232	137.5705
1900.000000	85.827	139.9153
1925.000000	85.441	142.4089
1950.000000	85.050	145.1407
1975.000000	84.683	148.1513
2000.000000	84.313	151.0601
2030.000000	83.907	155.4178
2060.000000	83.502	159.7861
2090.000000	83.126	164.7633
2120.000000	82.810	170.2939
2140.000000	82.648	174.1131
2180.000000	82.412	-177.3263
2200.000000	82.362	-172.8429
2240.000000	82.444	-163.5927
2270.000000	82.697	-156.5471
2300.000000	83.086	-149.7997
2330.000000	83.604	-143.3445
2360.000000	84.273	-137.5475
2400.000000	85.314	-131.0276
2430.000000	86.168	-127.1534
2470.000000	87.379	-123.2526
2500.000000	88.306	-121.4601
2540.000000	89.553	-120.4081
2580.000000	90.734	-120.8704
2620.000000	91.835	-122.8633
2650.000000	92.562	-125.1591
2690.000000	93.352	-129.3051
2720.000000	93.791	-132.7025
2760.000000	94.182	-137.5871
2800.000000	94.353	-142.1994
2850.000000	94.335	-147.2783
2900.000000	94.137	-151.2495
2950.000000	93.838	-154.0953
3000.000000	93.506	-155.8852
3040.000000	93.230	-156.7920
3070.000000	93.031	-157.1602
3110.000000	92.773	-157.3647
3150.000000	92.530	-157.2475
3200.000000	92.252	-156.7581
3250.000000	91.999	-155.9719
3300.000000	91.766	-154.9706
3350.000000	91.564	-153.7959
3400.000000	91.377	-152.4560
3450.000000	91.210	-150.9801
3500.000000	91.055	-149.3959
3550.000000	90.921	-147.6812
3600.000000	90.788	-145.8787
3650.000000	90.668	-143.9324
3700.000000	90.554	-141.8404
3750.000000	90.445	-139.5924
3820.000000	90.308	-136.0754
3870.000000	90.235	-133.1359
3950.000000	90.176	-127.7345
4000.000000	90.209	-123.8554
4060.000000	90.395	-118.6495
4120.000000	90.763	-113.2363
4180.000000	91.365	-108.1870
4250.000000	92.292	-103.6325
4310.000000	93.186	-101.3435
4370.000000	94.056	-100.4282
4440.000000	94.957	-100.6221
4500.000000	95.615	-101.2768
4550.000000	96.099	-101.9029
4620.000000	96.717	-102.7257
4680.000000	97.244	-103.3283
4750.000000	97.895	-104.0134
4820.000000	98.672	-105.1339
4870.000000	99.338	-106.8472
4940.000000	100.280	-114.0623
5000.000000	99.089	-128.7068
5080.000000	98.415	-103.9928
5150.000000	100.590	-102.5668
5220.000000	102.265	-105.6098
5300.000000	104.042	-112.0945
5380.000000	105.692	-122.7164
5450.000000	106.761	-136.1851
5520.000000	107.071	-152.4247
5600.000000	106.320	-169.9815
5700.000000	104.432	174.8447
5800.000000	102.390	166.7359
5900.000000	100.554	163.0424
6000.000000	98.980	161.8884
6080.000000	97.896	162.1107
6150.000000	97.062	162.8594
6220.000000	96.320	163.9808
6300.000000	95.571	165.5279
6400.000000	94.768	167.8362
6500.000000	94.082	170.4714
6600.000000	93.517	173.3053
6700.000000	93.074	176.3691
6800.000000	92.755	179.4776
6900.000000	92.553	-177.4475
7000.000000	92.458	-174.5071
7100.000000	92.489	-171.8095
7200.000000	92.632	-169.4671
7300.000000	92.883	-167.5639
7400.000000	93.250	-166.1090
7500.000000	93.732	-165.3777
7620.000000	94.498	-165.7000
7750.000000	95.557	-168.4222
7880.000000	96.753	-175.2387
8000.000000	97.675	173.4326
8120.000000	97.868	157.7275
8250.000000	96.858	140.5781
8380.000000	95.026	128.1521
8500.000000	93.132	121.0157
8620.000000	91.282	117.0454
8750.000000	89.397	115.1812
8850.000000	88.069	115.1626
9000.000000	86.295	116.2345
9120.000000	85.007	118.0328
9250.000000	83.797	120.4477
9380.000000	82.694	123.3387
9500.000000	81.815	126.2339
9620.000000	80.973	128.7822
9750.000000	80.101	132.7661
9880.000000	79.480	135.7660
10000.000000	78.797	139.0258
10150.000000	78.113	142.6532
10300.000000	77.476	146.1522
10440.000000	76.978	149.6120
10600.000000	76.415	153.8677
10750.000000	76.100	157.7060
10900.000000	75.758	160.9092
11060.000000	75.374	164.9849
11200.000000	75.145	168.3411
11380.000000	74.909	172.2447
11500.000000	74.809	174.6190
11720.000000	74.665	179.0004
11800.000000	74.650	-179.4337
12060.000000	74.647	-174.5413
12200.000000	74.701	-171.9839
12410.000000	74.820	-168.8189
12500.000000	74.928	-167.2691
12650.000000	75.136	-163.6140
12800.000000	75.654	-161.5936
13150.000000	76.468	-156.7177
13200.000000	76.744	-155.6065
13400.000000	78.201	-151.9030
13600.000000	80.045	-154.5647
13800.000000	81.551	-158.8930
14000.000000	83.221	-163.7140
14300.000000	86.734	-174.0264
14500.000000	90.267	171.7261
14750.000000	95.091	124.3921
15000.000000	92.348	63.4036
15250.000000	88.156	37.5056
15500.000000	85.582	22.5431
15750.000000	84.180	9.7072
16000.000000	83.685	-3.4639
16250.000000	83.996	-18.9441
16500.000000	85.248	-37.8567
16750.000000	87.611	-64.2358
17000.000000	90.767	-108.4370
17250.000000	90.730	-175.6358
17500.000000	86.949	132.9489
17750.000000	83.882	95.5349
18000.000000	81.880	59.3048
18250.000000	80.672	17.3941
18500.000000	79.111	-36.2158
18750.000000	75.167	-95.9714
19000.000000	69.682	-143.4326
19250.000000	66.307	-179.4785
19500.000000	63.666	129.1281
19750.000000	61.574	56.1960
