* Measurement data measured by REW V5.20
* Source: USB-C to 3.5mm Headphone Jack Adapter, USB-C to 3.5mm Headphone Jack Adapter, 0, volume: 0.138
* Format: 256k Log Swept Sine, 1 sweep at -12.0 dBFS with no timing reference
* Dated: Apr 8, 2024 4:51:29 PM
* REW Settings:
*  C-weighting compensation: Off
*  Target level: 75.0 dB
* Note: 
* Measurement: L
* Smoothing: None
* Frequency Step: 1/48 octave
* Start Frequency: 20.000 Hz
*
* Freq(Hz)	SPL(dB)	Phase(degrees)
20.000000	99.698364	-153.5355
20.299999	99.699203	-154.2775
20.600000	99.699181	-154.9692
20.900000	99.701088	-155.6173
21.200001	99.707191	-156.2387
21.400000	99.714005	-156.6507
21.799999	99.731567	-157.5007
22.000000	99.740150	-157.9471
22.400000	99.751656	-158.8771
22.700001	99.751831	-159.5813
23.000000	99.745071	-160.2606
23.299999	99.734535	-160.8945
23.600000	99.724869	-161.4810
24.000000	99.719437	-162.2259
24.299999	99.720703	-162.7966
24.700001	99.722710	-163.6077
25.000000	99.718658	-164.2400
25.400000	99.703178	-165.0602
25.799999	99.683426	-165.8001
26.200001	99.671455	-166.4773
26.500000	99.670258	-166.9971
26.900000	99.669853	-167.7696
27.200001	99.661095	-168.4081
27.600000	99.626366	-169.2448
28.000000	99.570145	-169.9274
28.500000	99.504364	-170.4477
29.000000	99.485886	-170.7836
29.500000	99.510010	-171.2737
30.000000	99.528267	-172.0250
30.400000	99.517868	-172.6728
30.700001	99.499573	-173.0946
31.100000	99.476837	-173.5405
31.500000	99.470078	-173.9328
32.000000	99.478951	-174.5332
32.500000	99.476654	-175.3181
33.000000	99.440872	-176.1204
33.500000	99.383621	-176.7485
34.000000	99.335304	-177.1864
34.500000	99.311859	-177.5791
35.000000	99.303474	-178.0768
35.500000	99.288620	-178.7084
36.000000	99.252281	-179.3772
36.500000	99.197029	-179.9460
37.000000	99.142212	179.6467
37.500000	99.106613	179.3238
38.200001	99.080704	178.7585
38.700001	99.053505	178.2593
39.500000	98.989975	177.5917
40.000000	98.962982	177.2552
40.599998	98.941681	176.7415
41.200001	98.900589	176.1300
41.799999	98.837921	175.6435
42.500000	98.781754	175.2802
43.099998	98.757599	174.9130
43.700001	98.727821	174.4204
44.400002	98.671425	173.8742
45.000000	98.620720	173.5190
45.500000	98.586143	173.2626
46.200001	98.545555	172.8754
46.799999	98.504608	172.5157
47.500000	98.446312	172.1970
48.200001	98.406090	172.0207
48.700001	98.396217	171.8362
49.400002	98.373672	171.3790
50.000000	98.326797	170.9897
50.799999	98.262825	170.6562
51.500000	98.217834	170.3353
52.200001	98.159187	170.0376
53.000000	98.115616	169.8553
53.799999	98.100830	169.3726
54.500000	98.037682	168.7909
55.200001	97.950684	168.5494
56.000000	97.906921	168.4581
57.000000	97.870369	167.9694
58.000000	97.800781	167.5244
59.000000	97.737137	167.1312
60.000000	97.666870	166.7927
60.799999	97.617493	166.5453
61.500000	97.570671	166.3106
62.200001	97.519737	166.1222
63.000000	97.467369	165.9576
64.000000	97.407715	165.7477
65.000000	97.347198	165.5676
66.000000	97.291069	165.4474
67.000000	97.252914	165.3737
68.000000	97.232132	165.1129
69.000000	97.173943	164.7625
70.000000	97.127090	164.6584
71.000000	97.102333	164.2752
72.000000	97.022224	163.9343
73.000000	96.973221	163.8623
74.000000	96.931786	163.5330
75.000000	96.857407	163.3182
76.199997	96.796127	163.1992
77.500000	96.730560	162.8844
78.800003	96.641907	162.7146
80.000000	96.595741	162.5473
81.199997	96.515053	162.3018
82.500000	96.457184	162.2833
83.800003	96.393707	162.0533
85.000000	96.329720	161.9371
86.199997	96.254120	161.8253
87.500000	96.198517	161.8466
88.500000	96.163589	161.6558
90.000000	96.073685	161.4691
91.199997	96.017876	161.4325
92.500000	95.960136	161.3973
93.800003	95.908653	161.3644
95.000000	95.856682	161.3204
96.199997	95.802048	161.2955
97.500000	95.746704	161.2822
98.800003	95.687462	161.2586
100.000000	95.643982	161.3002
101.500000	95.589439	161.2361
103.000000	95.538757	161.2209
104.400002	95.485886	161.1787
106.000000	95.429443	161.0910
107.500000	95.367157	161.1104
109.000000	95.318977	161.0945
110.599998	95.257462	161.0833
112.000000	95.205666	161.0596
113.800003	95.134331	161.0818
115.000000	95.097137	161.0809
117.199997	95.024498	161.0847
118.000000	94.998306	161.0920
120.599998	94.912094	161.0621
122.000000	94.859177	161.2404
124.099998	94.790504	161.2941
125.000000	94.762749	161.3032
126.500000	94.713921	161.3730
128.000000	94.672562	161.3957
131.500000	94.569427	161.5483
132.000000	94.555786	161.5625
134.000000	94.486954	161.6680
136.000000	94.436424	161.7183
138.000000	94.376945	161.8252
140.000000	94.321808	161.9561
143.000000	94.236076	162.1293
145.000000	94.180679	162.2524
147.500000	94.113281	162.4691
150.000000	94.046356	162.7005
152.500000	93.983795	162.9346
155.000000	93.931229	163.2282
157.500000	93.893456	163.5095
160.000000	93.869141	163.7613
162.500000	93.846115	163.9393
165.000000	93.817917	164.0243
167.500000	93.783348	164.0685
170.000000	93.747536	164.1488
172.500000	93.702698	164.1968
175.000000	93.658607	164.3022
177.500000	93.612045	164.4236
180.000000	93.568909	164.5328
182.500000	93.524101	164.6646
185.000000	93.478149	164.8023
187.500000	93.436951	164.9569
190.000000	93.395012	165.1214
192.500000	93.353714	165.2657
195.000000	93.318405	165.4352
197.500000	93.281555	165.5750
200.000000	93.245819	165.7516
203.000000	93.204651	165.9502
206.000000	93.161804	166.1221
209.000000	93.119881	166.3239
212.000000	93.081009	166.5272
214.000000	93.054306	166.6511
218.000000	93.004234	166.8978
220.000000	92.974640	167.0411
224.000000	92.928986	167.3122
227.000000	92.894913	167.5091
230.000000	92.859070	167.7163
233.000000	92.829941	167.9169
236.000000	92.797493	168.1217
240.000000	92.744965	168.4362
243.000000	92.721840	168.6014
247.000000	92.684715	168.8474
250.000000	92.659348	169.0566
254.000000	92.617439	169.3184
258.000000	92.584198	169.5693
262.000000	92.547256	169.8525
265.000000	92.521591	170.0338
269.000000	92.485153	170.2796
272.000000	92.464767	170.4933
276.000000	92.431572	170.7716
280.000000	92.400604	171.0373
285.000000	92.360954	171.3566
290.000000	92.325226	171.6652
295.000000	92.289093	171.9679
300.000000	92.258171	172.3116
304.000000	92.231476	172.5886
307.000000	92.212059	172.7803
311.000000	92.188515	172.9998
315.000000	92.166931	173.2502
320.000000	92.137650	173.5441
325.000000	92.108932	173.8562
330.000000	92.077057	174.1682
335.000000	92.050209	174.4737
340.000000	92.024643	174.7720
345.000000	91.996895	175.0621
350.000000	91.974434	175.3845
355.000000	91.945152	175.6629
360.000000	91.924133	175.9719
365.000000	91.903427	176.2780
370.000000	91.880348	176.5767
375.000000	91.858849	176.8683
382.000000	91.826080	177.2988
387.000000	91.809517	177.5524
395.000000	91.782928	178.0359
400.000000	91.761589	178.3051
406.000000	91.740005	178.6581
412.000000	91.717346	178.9767
418.000000	91.697220	179.3168
425.000000	91.677452	179.7035
431.000000	91.654358	-179.9584
437.000000	91.632713	-179.6232
444.000000	91.614204	-179.2379
450.000000	91.595261	-178.8724
455.000000	91.581284	-178.6013
462.000000	91.560242	-178.2126
468.000000	91.543228	-177.8787
475.000000	91.526031	-177.4997
482.000000	91.506760	-177.1068
487.000000	91.494858	-176.8483
494.000000	91.479233	-176.4568
500.000000	91.463341	-176.1253
508.000000	91.445648	-175.7034
515.000000	91.431587	-175.3039
522.000000	91.418518	-174.9201
530.000000	91.401176	-174.4792
538.000000	91.383965	-174.0388
545.000000	91.374535	-173.6595
552.000000	91.359612	-173.2754
560.000000	91.345337	-172.8097
570.000000	91.331871	-172.2954
580.000000	91.315796	-171.7064
590.000000	91.301819	-171.1704
600.000000	91.289597	-170.6139
608.000000	91.282089	-170.1804
615.000000	91.271027	-169.7926
622.000000	91.265854	-169.4193
630.000000	91.259140	-168.9583
640.000000	91.248482	-168.3891
650.000000	91.241364	-167.8369
660.000000	91.235435	-167.2617
670.000000	91.230988	-166.7032
680.000000	91.229027	-166.1430
690.000000	91.225220	-165.5564
700.000000	91.222748	-164.9884
710.000000	91.224907	-164.4041
720.000000	91.225586	-163.8289
730.000000	91.227119	-163.2545
740.000000	91.227036	-162.6476
750.000000	91.232704	-162.0812
762.000000	91.242691	-161.3673
775.000000	91.252792	-160.6038
788.000000	91.269180	-159.8291
800.000000	91.283188	-159.1231
812.000000	91.299873	-158.4199
825.000000	91.323456	-157.5995
838.000000	91.347908	-156.8225
850.000000	91.376549	-156.0759
862.000000	91.408310	-155.3746
875.000000	91.444138	-154.5681
885.000000	91.475853	-153.9672
900.000000	91.527168	-153.0532
912.000000	91.574951	-152.3539
925.000000	91.627663	-151.5983
938.000000	91.689461	-150.8620
950.000000	91.744385	-150.1726
962.000000	91.805801	-149.5014
975.000000	91.872246	-148.8139
988.000000	91.944641	-148.1271
1000.000000	92.015366	-147.5246
1015.000000	92.106651	-146.7702
1030.000000	92.200676	-146.1013
1044.000000	92.293076	-145.4871
1060.000000	92.403732	-144.8180
1075.000000	92.507118	-144.2706
1090.000000	92.614716	-143.7286
1106.000000	92.727203	-143.2437
1120.000000	92.826927	-142.8178
1138.000000	92.953392	-142.3315
1150.000000	93.039642	-142.0661
1172.000000	93.189545	-141.6227
1180.000000	93.241486	-141.4749
1206.000000	93.414909	-141.0799
1220.000000	93.497566	-140.9142
1241.000000	93.617821	-140.7331
1250.000000	93.660919	-140.6823
1265.000000	93.724968	-140.5444
1280.000000	93.783783	-140.3373
1315.000000	93.956833	-139.7650
1320.000000	93.982407	-139.7047
1340.000000	94.081291	-139.4998
1360.000000	94.174858	-139.3293
1380.000000	94.263557	-139.1746
1400.000000	94.342522	-139.0291
1430.000000	94.460815	-138.7967
1450.000000	94.532616	-138.6400
1475.000000	94.621468	-138.4443
1500.000000	94.703583	-138.2345
1525.000000	94.787178	-138.0007
1550.000000	94.864456	-137.7834
1575.000000	94.942474	-137.5405
1600.000000	95.020988	-137.2838
1625.000000	95.097198	-137.0437
1650.000000	95.173485	-136.7787
1675.000000	95.248726	-136.5320
1700.000000	95.327019	-136.2751
1725.000000	95.404037	-135.9903
1750.000000	95.480194	-135.7331
1775.000000	95.558426	-135.4470
1800.000000	95.636955	-135.2053
1825.000000	95.715126	-134.9336
1850.000000	95.795853	-134.6933
1875.000000	95.874855	-134.4702
1900.000000	95.955154	-134.2050
1925.000000	96.039856	-133.9733
1950.000000	96.120049	-133.7446
1975.000000	96.204132	-133.5345
2000.000000	96.287117	-133.3059
2030.000000	96.389587	-133.0770
2060.000000	96.491302	-132.8660
2090.000000	96.594910	-132.6433
2120.000000	96.699821	-132.4525
2140.000000	96.766388	-132.3303
2180.000000	96.905487	-132.1376
2200.000000	96.974640	-132.0363
2240.000000	97.112396	-131.8659
2270.000000	97.214890	-131.7618
2300.000000	97.318108	-131.6830
2330.000000	97.423294	-131.6093
2360.000000	97.526291	-131.5671
2400.000000	97.662979	-131.5488
2430.000000	97.766876	-131.5676
2470.000000	97.896431	-131.6307
2500.000000	97.993675	-131.7044
2540.000000	98.115486	-131.8288
2580.000000	98.231094	-131.9829
2620.000000	98.336700	-132.1437
2650.000000	98.412399	-132.2689
2690.000000	98.503937	-132.3954
2720.000000	98.563690	-132.4633
2760.000000	98.644821	-132.4370
2800.000000	98.734207	-132.2713
2850.000000	98.890930	-131.9216
2900.000000	99.108910	-131.7548
2950.000000	99.348007	-132.0376
3000.000000	99.563202	-132.6326
3040.000000	99.713829	-133.2578
3070.000000	99.814331	-133.7598
3110.000000	99.932327	-134.4571
3150.000000	100.042427	-135.1553
3200.000000	100.164307	-136.0381
3250.000000	100.277122	-136.9464
3300.000000	100.376205	-137.8985
3350.000000	100.463943	-138.8553
3400.000000	100.542290	-139.8543
3450.000000	100.609810	-140.8710
3500.000000	100.663559	-141.9123
3550.000000	100.705986	-142.9720
3600.000000	100.737396	-144.0323
3650.000000	100.756493	-145.1089
3700.000000	100.763214	-146.2112
3750.000000	100.754028	-147.3131
3820.000000	100.717712	-148.8691
3870.000000	100.671432	-149.9713
3950.000000	100.555984	-151.6462
4000.000000	100.459534	-152.6246
4060.000000	100.320854	-153.6185
4120.000000	100.171616	-154.3829
4180.000000	100.029922	-154.9546
4250.000000	99.875443	-155.5135
4310.000000	99.743538	-155.9539
4370.000000	99.606712	-156.3443
4440.000000	99.441620	-156.6500
4500.000000	99.304428	-156.7717
4550.000000	99.198296	-156.8187
4620.000000	99.065384	-156.8134
4680.000000	98.958725	-156.7833
4750.000000	98.841614	-156.7359
4820.000000	98.729172	-156.6514
4870.000000	98.650543	-156.5798
4940.000000	98.546326	-156.4549
5000.000000	98.459320	-156.3038
5080.000000	98.348488	-156.0842
5150.000000	98.257065	-155.8305
5220.000000	98.173225	-155.5423
5300.000000	98.082932	-155.1407
5380.000000	98.016136	-154.6760
5450.000000	97.972107	-154.2271
5520.000000	97.943848	-153.7871
5600.000000	97.931496	-153.3118
5700.000000	97.944672	-152.8070
5800.000000	97.988449	-152.3637
5900.000000	98.066856	-152.0741
6000.000000	98.176147	-151.9485
6080.000000	98.293846	-152.0729
6150.000000	98.412209	-152.3539
6220.000000	98.538994	-152.9067
6300.000000	98.689636	-153.8335
6400.000000	98.856079	-155.6018
6500.000000	98.958542	-157.9613
6600.000000	98.960434	-160.7172
6700.000000	98.824234	-163.6674
6800.000000	98.541679	-166.1545
6900.000000	98.185341	-167.7098
7000.000000	97.843170	-168.3194
7100.000000	97.594978	-168.2756
7200.000000	97.457245	-167.9704
7300.000000	97.434013	-167.8670
7400.000000	97.481560	-168.1851
7500.000000	97.578728	-169.0204
7620.000000	97.721939	-170.7980
7750.000000	97.849030	-173.7800
7880.000000	97.894768	-177.7263
8000.000000	97.806503	177.9696
8120.000000	97.579491	173.4268
8250.000000	97.164047	168.5562
8380.000000	96.613289	164.1439
8500.000000	96.027267	160.5016
8620.000000	95.361183	157.3249
8750.000000	94.577972	154.5185
8850.000000	93.940460	152.7729
9000.000000	92.973007	151.0733
9120.000000	92.210510	150.3721
9250.000000	91.420166	150.1286
9380.000000	90.667084	150.3908
9500.000000	90.001862	150.8765
9620.000000	89.390152	151.6554
9750.000000	88.753738	152.6779
9880.000000	88.153778	153.9121
10000.000000	87.619446	155.2461
10150.000000	87.008606	157.0919
10300.000000	86.449341	159.1096
10440.000000	85.944244	161.2561
10600.000000	85.408142	164.1184
10750.000000	84.942383	166.9949
10900.000000	84.514618	170.4425
11060.000000	84.130569	175.0057
11200.000000	83.890137	179.8244
11380.000000	83.876495	-172.3235
11500.000000	84.158119	-166.1879
11720.000000	85.702400	-156.6386
11800.000000	86.544220	-155.0169
12060.000000	89.214485	-158.8252
12200.000000	90.191223	-164.8130
12410.000000	91.033813	-173.7299
12500.000000	91.295189	-177.0886
12650.000000	91.684120	177.8373
12800.000000	92.110008	173.2635
13150.000000	93.398636	162.2563
13200.000000	93.629395	160.5259
13400.000000	94.659996	152.5131
13600.000000	95.895905	142.4797
13800.000000	97.265533	129.0533
14000.000000	98.541183	111.0681
14300.000000	99.362122	76.1501
14500.000000	98.746521	51.6770
14750.000000	97.091751	26.0763
15000.000000	95.347389	5.9865
15250.000000	93.814850	-11.2023
15500.000000	92.598755	-27.0927
15750.000000	91.691895	-43.1409
16000.000000	91.047691	-59.7924
16250.000000	90.656830	-77.9051
16500.000000	90.486526	-97.6119
16750.000000	90.565857	-119.4743
17000.000000	90.910660	-144.2922
17250.000000	91.508026	-173.3195
17500.000000	92.264572	151.7634
17750.000000	92.772301	108.9163
18000.000000	92.397079	59.4048
18250.000000	90.927216	7.7903
18500.000000	88.912758	-43.3957
18750.000000	86.687576	-95.1284
19000.000000	84.561668	-149.7465
19250.000000	82.512543	149.5383
19500.000000	80.314934	80.0193
19750.000000	77.558563	-0.9923
