* Measurement data measured by REW V5.20
* Source: USB-C to 3.5mm Headphone Jack Adapter, USB-C to 3.5mm Headphone Jack Adapter, 0, volume: 0.138
* Format: 256k Log Swept Sine, 1 sweep at -12.0 dBFS with no timing reference
* Dated: Apr 8, 2024 4:53:30 PM
* REW Settings:
*  C-weighting compensation: Off
*  Target level: 75.0 dB
* Note: 
* Measurement: R
* Smoothing: None
* Frequency Step: 1/48 octave
* Start Frequency: 20.000 Hz
*
* Freq(Hz)	SPL(dB)	Phase(degrees)
20.000000	101.668808	-154.6990
20.299999	101.648102	-155.4649
20.600000	101.629486	-156.0810
20.900000	101.624626	-156.5800
21.200001	101.640350	-157.0367
21.400000	101.662025	-157.3632
21.799999	101.719681	-158.1488
22.000000	101.748611	-158.6208
22.400000	101.793259	-159.6892
22.700001	101.807724	-160.5310
23.000000	101.806259	-161.3416
23.299999	101.793808	-162.0765
23.600000	101.777542	-162.7167
24.000000	101.761971	-163.4406
24.299999	101.760384	-163.9270
24.700001	101.773499	-164.5708
25.000000	101.791443	-165.0934
25.400000	101.817680	-165.8773
25.799999	101.834549	-166.7533
26.200001	101.832443	-167.6613
26.500000	101.817299	-168.3101
26.900000	101.785179	-169.0733
27.200001	101.758812	-169.5547
27.600000	101.729515	-170.1040
28.000000	101.709641	-170.6047
28.500000	101.691254	-171.2214
29.000000	101.673225	-171.7972
29.500000	101.665108	-172.2962
30.000000	101.680046	-172.8302
30.400000	101.700424	-173.4039
30.700001	101.707733	-173.9376
31.100000	101.692368	-174.7166
31.500000	101.646500	-175.4214
32.000000	101.575180	-176.0275
32.500000	101.532013	-176.4092
33.000000	101.524467	-176.8832
33.500000	101.513939	-177.5973
34.000000	101.468857	-178.3613
34.500000	101.404327	-178.9383
35.000000	101.356094	-179.3515
35.500000	101.330261	-179.7918
36.000000	101.306244	179.6899
36.500000	101.280396	179.1922
37.000000	101.269173	178.6871
37.500000	101.263557	177.9962
38.200001	101.185638	176.8634
38.700001	101.083771	176.4732
39.500000	101.049347	176.6396
40.000000	101.128944	176.2805
40.599998	101.159103	175.0380
41.200001	101.044006	173.9971
41.799999	100.923912	173.9002
42.500000	100.937416	173.9215
43.099998	100.959488	173.2005
43.700001	100.885696	172.4380
44.400002	100.795235	172.1805
45.000000	100.780861	171.8994
45.500000	100.753815	171.3941
46.200001	100.657364	170.8792
46.799999	100.612267	170.8224
47.500000	100.640442	170.3713
48.200001	100.611740	169.2970
48.700001	100.527122	168.6788
49.400002	100.414871	168.3409
50.000000	100.359512	168.1417
50.799999	100.274277	167.8900
51.500000	100.224556	168.1128
52.200001	100.278358	168.2081
53.000000	100.321930	167.3474
53.799999	100.199814	166.5859
54.500000	100.098717	166.8006
55.200001	100.112366	167.0279
56.000000	100.147873	166.5129
57.000000	100.085342	165.6107
58.000000	100.005356	165.0154
59.000000	99.938492	164.3898
60.000000	99.858810	163.8311
60.799999	99.804008	163.5132
61.500000	99.763809	163.2432
62.200001	99.721901	163.0041
63.000000	99.682426	162.7769
64.000000	99.632668	162.3781
65.000000	99.560143	162.0213
66.000000	99.495117	161.6582
67.000000	99.409523	161.2527
68.000000	99.330956	161.0275
69.000000	99.287285	160.7436
70.000000	99.240280	160.2258
71.000000	99.152519	159.7798
72.000000	99.077614	159.6237
73.000000	99.027115	159.4219
74.000000	98.975548	159.1787
75.000000	98.916527	158.8707
76.199997	98.831772	158.6363
77.500000	98.758514	158.3546
78.800003	98.681824	158.1415
80.000000	98.613060	157.8359
81.199997	98.539108	157.7239
82.500000	98.474472	157.4116
83.800003	98.392143	157.2388
85.000000	98.319923	156.9903
86.199997	98.251595	156.9116
87.500000	98.185562	156.6321
88.500000	98.123123	156.5466
90.000000	98.044281	156.3382
91.199997	97.976624	156.2724
92.500000	97.912605	156.1102
93.800003	97.837906	155.9771
95.000000	97.771362	155.9164
96.199997	97.722809	155.8154
97.500000	97.648376	155.6496
98.800003	97.590508	155.6166
100.000000	97.530678	155.4897
101.500000	97.466827	155.4404
103.000000	97.383583	155.3074
104.400002	97.323288	155.2539
106.000000	97.229980	155.2319
107.500000	97.178635	155.1365
109.000000	97.106628	155.0451
110.599998	97.030746	154.9589
112.000000	96.971382	154.9395
113.800003	96.890205	154.9381
115.000000	96.834579	154.8995
117.199997	96.733673	154.8980
118.000000	96.701462	154.9276
120.599998	96.576149	154.9008
122.000000	96.541435	154.9897
124.099998	96.469879	155.0826
125.000000	96.433807	155.0893
126.500000	96.382408	155.1929
128.000000	96.330521	155.2523
131.500000	96.231262	155.2535
132.000000	96.213066	155.2353
134.000000	96.149994	155.2746
136.000000	96.088066	155.2616
138.000000	96.024117	155.2521
140.000000	95.958916	155.2886
143.000000	95.857582	155.3070
145.000000	95.790306	155.3727
147.500000	95.706314	155.4371
150.000000	95.630142	155.5241
152.500000	95.550659	155.6042
155.000000	95.475319	155.7336
157.500000	95.406776	155.8440
160.000000	95.335098	155.9602
162.500000	95.268143	156.0818
165.000000	95.200211	156.2213
167.500000	95.130585	156.3309
170.000000	95.066254	156.4715
172.500000	95.003601	156.6192
175.000000	94.941246	156.7514
177.500000	94.880219	156.9063
180.000000	94.819664	157.0742
182.500000	94.762589	157.2009
185.000000	94.701157	157.3555
187.500000	94.645233	157.5073
190.000000	94.590317	157.6793
192.500000	94.535965	157.8746
195.000000	94.484253	158.0231
197.500000	94.429718	158.1880
200.000000	94.380516	158.3833
203.000000	94.323143	158.5723
206.000000	94.262451	158.7823
209.000000	94.204842	158.9890
212.000000	94.148422	159.2170
214.000000	94.112640	159.3491
218.000000	94.041458	159.6266
220.000000	94.005333	159.7724
224.000000	93.937599	160.0729
227.000000	93.885429	160.2845
230.000000	93.835205	160.5327
233.000000	93.788925	160.7421
236.000000	93.742508	160.9962
240.000000	93.684814	161.2719
243.000000	93.637955	161.5430
247.000000	93.583824	161.8871
250.000000	93.547447	162.1375
254.000000	93.497643	162.4329
258.000000	93.449165	162.6833
262.000000	93.400963	162.9698
265.000000	93.357689	163.1932
269.000000	93.313644	163.4599
272.000000	93.276733	163.6859
276.000000	93.231895	163.9554
280.000000	93.183372	164.2707
285.000000	93.127762	164.6276
290.000000	93.071373	165.0005
295.000000	93.024460	165.3841
300.000000	92.971802	165.7528
304.000000	92.933014	166.0236
307.000000	92.905167	166.2482
311.000000	92.863487	166.5715
315.000000	92.832176	166.8614
320.000000	92.789757	167.2247
325.000000	92.751587	167.5934
330.000000	92.704773	167.9423
335.000000	92.668533	168.2564
340.000000	92.629776	168.6009
345.000000	92.593796	168.9352
350.000000	92.552849	169.3075
355.000000	92.518715	169.6460
360.000000	92.484421	169.9891
365.000000	92.446571	170.3671
370.000000	92.413795	170.7029
375.000000	92.380707	171.0655
382.000000	92.338722	171.5758
387.000000	92.312370	171.9371
395.000000	92.271149	172.4845
400.000000	92.247894	172.7995
406.000000	92.219963	173.1769
412.000000	92.189034	173.5513
418.000000	92.156548	173.9290
425.000000	92.120766	174.3748
431.000000	92.092850	174.7686
437.000000	92.062965	175.1447
444.000000	92.032173	175.5969
450.000000	92.001938	175.9984
455.000000	91.983414	176.3016
462.000000	91.950584	176.7563
468.000000	91.927422	177.1397
475.000000	91.900818	177.5931
482.000000	91.875572	178.0456
487.000000	91.854340	178.3548
494.000000	91.832611	178.7872
500.000000	91.811989	179.1747
508.000000	91.784134	179.6670
515.000000	91.762749	-179.8713
522.000000	91.743423	-179.4292
530.000000	91.720428	-178.9486
538.000000	91.696793	-178.4551
545.000000	91.678688	-178.0086
552.000000	91.657288	-177.5717
560.000000	91.637573	-177.0675
570.000000	91.612610	-176.4627
580.000000	91.594498	-175.8361
590.000000	91.573090	-175.1970
600.000000	91.553284	-174.5847
608.000000	91.537766	-174.0733
615.000000	91.524261	-173.6512
622.000000	91.514656	-173.2142
630.000000	91.504616	-172.7173
640.000000	91.485382	-172.0884
650.000000	91.477463	-171.4763
660.000000	91.464615	-170.8386
670.000000	91.456276	-170.2083
680.000000	91.448082	-169.6022
690.000000	91.440338	-168.9596
700.000000	91.434196	-168.3381
710.000000	91.432114	-167.7006
720.000000	91.427414	-167.0670
730.000000	91.428391	-166.4279
740.000000	91.429489	-165.7672
750.000000	91.433342	-165.1710
762.000000	91.436020	-164.3707
775.000000	91.443726	-163.5569
788.000000	91.454346	-162.7373
800.000000	91.463631	-161.9522
812.000000	91.479256	-161.1601
825.000000	91.505028	-160.3071
838.000000	91.525414	-159.4693
850.000000	91.552544	-158.6719
862.000000	91.580452	-157.9104
875.000000	91.623627	-157.0714
885.000000	91.650917	-156.4211
900.000000	91.704422	-155.4823
912.000000	91.750465	-154.7197
925.000000	91.803574	-153.9033
938.000000	91.863632	-153.1450
950.000000	91.920593	-152.4262
962.000000	91.980751	-151.7232
975.000000	92.051407	-151.0073
988.000000	92.126244	-150.2854
1000.000000	92.199944	-149.6402
1015.000000	92.292351	-148.9177
1030.000000	92.389297	-148.1818
1044.000000	92.490723	-147.5811
1060.000000	92.606033	-146.9204
1075.000000	92.712547	-146.3776
1090.000000	92.822746	-145.8705
1106.000000	92.946922	-145.4709
1120.000000	93.048729	-145.2016
1138.000000	93.169571	-145.0212
1150.000000	93.229843	-144.9901
1172.000000	93.261307	-144.7536
1180.000000	93.270782	-144.5113
1206.000000	93.352837	-143.3037
1220.000000	93.442787	-142.7091
1241.000000	93.594940	-142.0529
1250.000000	93.653015	-141.8444
1265.000000	93.758484	-141.5422
1280.000000	93.853722	-141.2929
1315.000000	94.055450	-140.8519
1320.000000	94.080833	-140.7811
1340.000000	94.189804	-140.5682
1360.000000	94.284782	-140.3681
1380.000000	94.377380	-140.1681
1400.000000	94.462738	-139.9943
1430.000000	94.588486	-139.7278
1450.000000	94.665283	-139.5383
1475.000000	94.762009	-139.2897
1500.000000	94.853386	-139.0401
1525.000000	94.941559	-138.8084
1550.000000	95.027283	-138.5416
1575.000000	95.113716	-138.2985
1600.000000	95.200378	-138.0274
1625.000000	95.285637	-137.7787
1650.000000	95.366623	-137.5067
1675.000000	95.450294	-137.2484
1700.000000	95.536728	-136.9926
1725.000000	95.621284	-136.7344
1750.000000	95.703072	-136.4873
1775.000000	95.787338	-136.2328
1800.000000	95.872139	-135.9922
1825.000000	95.958733	-135.7649
1850.000000	96.042931	-135.5345
1875.000000	96.130112	-135.3063
1900.000000	96.217911	-135.0946
1925.000000	96.304909	-134.8996
1950.000000	96.392410	-134.7105
1975.000000	96.479553	-134.5345
2000.000000	96.567604	-134.3636
2030.000000	96.677689	-134.1888
2060.000000	96.782639	-134.0289
2090.000000	96.888931	-133.8817
2120.000000	96.995972	-133.7567
2140.000000	97.066322	-133.6799
2180.000000	97.206802	-133.5903
2200.000000	97.275780	-133.5414
2240.000000	97.417938	-133.4720
2270.000000	97.520653	-133.4530
2300.000000	97.624527	-133.4503
2330.000000	97.726639	-133.4850
2360.000000	97.827103	-133.5373
2400.000000	97.959457	-133.6712
2430.000000	98.053505	-133.7933
2470.000000	98.172401	-133.9621
2500.000000	98.259064	-134.1270
2540.000000	98.367012	-134.3615
2580.000000	98.464134	-134.6194
2620.000000	98.549911	-134.8531
2650.000000	98.608925	-134.9898
2690.000000	98.682587	-135.1422
2720.000000	98.731201	-135.1650
2760.000000	98.808418	-135.0718
2800.000000	98.914932	-134.8894
2850.000000	99.100426	-134.7612
2900.000000	99.310280	-135.0450
2950.000000	99.500420	-135.6635
3000.000000	99.658661	-136.4441
3040.000000	99.767860	-137.1126
3070.000000	99.836708	-137.6235
3110.000000	99.921341	-138.3032
3150.000000	99.996033	-139.0007
3200.000000	100.075745	-139.8396
3250.000000	100.147003	-140.6503
3300.000000	100.216904	-141.5355
3350.000000	100.270714	-142.4104
3400.000000	100.313980	-143.3027
3450.000000	100.349731	-144.2218
3500.000000	100.375099	-145.1294
3550.000000	100.387894	-146.0361
3600.000000	100.390350	-146.9540
3650.000000	100.383118	-147.8729
3700.000000	100.363632	-148.7872
3750.000000	100.333084	-149.7054
3820.000000	100.262680	-150.9831
3870.000000	100.197357	-151.8414
3950.000000	100.052116	-153.0599
4000.000000	99.946777	-153.6845
4060.000000	99.816292	-154.2568
4120.000000	99.695305	-154.7338
4180.000000	99.576584	-155.1430
4250.000000	99.426628	-155.5823
4310.000000	99.284119	-155.8739
4370.000000	99.139252	-155.9749
4440.000000	98.982964	-155.8595
4500.000000	98.869431	-155.6746
4550.000000	98.789017	-155.4731
4620.000000	98.693199	-155.2079
4680.000000	98.618729	-154.9930
4750.000000	98.534851	-154.7097
4820.000000	98.458260	-154.4354
4870.000000	98.412415	-154.2237
4940.000000	98.347633	-153.9139
5000.000000	98.300995	-153.6051
5080.000000	98.244293	-153.2148
5150.000000	98.209618	-152.8027
5220.000000	98.184052	-152.3740
5300.000000	98.174774	-151.8415
5380.000000	98.190208	-151.2757
5450.000000	98.232178	-150.7952
5520.000000	98.300934	-150.3745
5600.000000	98.415627	-150.0216
5700.000000	98.615471	-149.8857
5800.000000	98.872986	-150.2895
5900.000000	99.166840	-151.4784
6000.000000	99.453232	-153.7404
6080.000000	99.616493	-156.3967
6150.000000	99.661209	-159.2766
6220.000000	99.575890	-162.3446
6300.000000	99.316139	-165.6558
6400.000000	98.807457	-168.6894
6500.000000	98.238564	-170.2013
6600.000000	97.710999	-170.5289
6700.000000	97.280624	-170.0411
6800.000000	96.965462	-169.1569
6900.000000	96.757645	-168.1613
7000.000000	96.629524	-167.3126
7100.000000	96.579544	-166.6885
7200.000000	96.583557	-166.3341
7300.000000	96.636032	-166.3734
7400.000000	96.716202	-166.8898
7500.000000	96.804802	-167.8858
7620.000000	96.898453	-169.6565
7750.000000	96.957649	-172.3942
7880.000000	96.942657	-175.8514
8000.000000	96.819397	-179.6031
8120.000000	96.559792	176.3498
8250.000000	96.132233	172.0992
8380.000000	95.570305	168.2101
8500.000000	94.956512	165.0334
8620.000000	94.254372	162.3982
8750.000000	93.424591	160.0010
8850.000000	92.742538	158.7760
9000.000000	91.666580	157.9139
9120.000000	90.776779	158.2479
9250.000000	89.822151	159.4028
9380.000000	88.902779	161.8828
9500.000000	88.086601	165.2818
9620.000000	87.372345	170.0453
9750.000000	86.853394	176.7526
9880.000000	86.735825	-175.2207
10000.000000	87.139091	-167.8484
10150.000000	88.292259	-162.0919
10300.000000	89.658417	-162.0294
10440.000000	90.615746	-166.4423
10600.000000	91.053452	-173.5879
10750.000000	90.949463	-179.4812
10900.000000	90.613297	176.3067
11060.000000	90.187126	173.4052
11200.000000	89.836349	171.8169
11380.000000	89.478767	170.5829
11500.000000	89.291359	170.1241
11720.000000	89.090851	169.5394
11800.000000	89.042091	169.4112
12060.000000	89.079338	168.8231
12200.000000	89.205299	168.4301
12410.000000	89.507690	167.4304
12500.000000	89.673386	166.9048
12650.000000	90.047646	165.7679
12800.000000	90.510910	164.2184
13150.000000	91.974899	158.5483
13200.000000	92.229996	157.4237
13400.000000	93.413528	152.0031
13600.000000	94.854858	144.1526
13800.000000	96.509163	132.7887
14000.000000	98.213493	116.0195
14300.000000	99.680214	79.4466
14500.000000	99.120651	52.4973
14750.000000	97.238129	25.4829
15000.000000	95.261536	5.9846
15250.000000	93.682701	-10.2781
15500.000000	92.458771	-25.2788
15750.000000	91.588669	-40.0083
16000.000000	91.080444	-55.7117
16250.000000	90.901672	-72.8091
16500.000000	91.027618	-92.1956
16750.000000	91.445770	-114.5028
17000.000000	92.173309	-140.6215
17250.000000	93.106232	-172.3617
17500.000000	93.989471	148.4270
17750.000000	94.166382	101.1293
18000.000000	93.084648	49.9112
18250.000000	91.092987	-0.0723
18500.000000	88.861755	-48.8205
18750.000000	86.681015	-98.6917
19000.000000	84.594154	-152.4266
19250.000000	82.522972	147.8192
19500.000000	80.258415	79.6023
19750.000000	77.590797	0.6824
