* Measurement data measured by REW V5.40 beta 124
* Source: USB-C to 3.5mm Headphone Jack Adapter, , 0, volume: 0.310
* Format: 256k Log Swept Sine, 1 sweep at -12.0 dBFS with no timing reference
* Dated: May 23, 2026, 5:25:24 PM
* REW Settings:
*  C-weighting compensation: Off
*  Target level: 75.0 dB
* Note: ; 
* Measurement: R
* Smoothing: None
* Frequency Step: 1/48 octave
* Start Frequency: 20.000 Hz
*
* Freq(Hz)	SPL(dB)	Phase(degrees)
20.000000	109.599	11.6566
20.299999	109.611	11.1743
20.600000	109.620	10.6923
20.900000	109.627	10.2164
21.200001	109.632	9.7531
21.400000	109.635	9.4537
21.799999	109.640	8.8746
22.000000	109.643	8.5919
22.400000	109.650	8.0318
22.700001	109.656	7.6096
23.000000	109.661	7.1841
23.299999	109.664	6.7574
23.600000	109.666	6.3337
24.000000	109.666	5.7814
24.299999	109.666	5.3803
24.700001	109.664	4.8634
25.000000	109.664	4.4858
25.400000	109.665	3.9893
25.799999	109.665	3.4948
26.200001	109.665	3.0013
26.500000	109.664	2.6344
26.900000	109.662	2.1541
27.200001	109.659	1.8021
27.600000	109.655	1.3428
28.000000	109.651	0.8917
28.500000	109.644	0.3363
29.000000	109.636	-0.2066
29.500000	109.627	-0.7338
30.000000	109.618	-1.2505
30.400000	109.611	-1.6625
30.700001	109.605	-1.9721
31.100000	109.596	-2.3834
31.500000	109.585	-2.7882
32.000000	109.571	-3.2802
32.500000	109.558	-3.7595
33.000000	109.545	-4.2346
33.500000	109.531	-4.7092
34.000000	109.516	-5.1794
34.500000	109.500	-5.6397
35.000000	109.484	-6.0871
35.500000	109.467	-6.5214
36.000000	109.450	-6.9440
36.500000	109.435	-7.3622
37.000000	109.420	-7.7876
37.500000	109.403	-8.2233
38.200001	109.372	-8.8154
38.700001	109.349	-9.2011
39.500000	109.319	-9.8044
40.000000	109.300	-10.2142
40.599998	109.270	-10.6993
41.200001	109.238	-11.1108
41.799999	109.218	-11.4953
42.500000	109.201	-12.0509
43.099998	109.170	-12.5756
43.700001	109.128	-13.0005
44.400002	109.094	-13.3907
45.000000	109.075	-13.7808
45.500000	109.053	-14.1492
46.200001	109.012	-14.6068
46.799999	108.982	-14.9248
47.500000	108.958	-15.3286
48.200001	108.931	-15.8027
48.700001	108.905	-16.1465
49.400002	108.864	-16.6059
50.000000	108.824	-16.9606
50.799999	108.776	-17.3598
51.500000	108.745	-17.7232
52.200001	108.710	-18.1518
53.000000	108.657	-18.6044
53.799999	108.610	-18.9850
54.500000	108.575	-19.3448
55.200001	108.535	-19.7153
56.000000	108.489	-20.1101
57.000000	108.433	-20.6111
58.000000	108.374	-21.0801
59.000000	108.320	-21.5425
60.000000	108.259	-22.0116
60.799999	108.211	-22.3454
61.500000	108.172	-22.6486
62.200001	108.130	-22.9643
63.000000	108.078	-23.2872
64.000000	108.020	-23.6675
65.000000	107.961	-24.0841
66.000000	107.899	-24.4615
67.000000	107.841	-24.8341
68.000000	107.779	-25.2092
69.000000	107.718	-25.5456
70.000000	107.659	-25.8956
71.000000	107.596	-26.2311
72.000000	107.536	-26.5503
73.000000	107.474	-26.8893
74.000000	107.409	-27.1934
75.000000	107.349	-27.4806
76.199997	107.276	-27.8336
77.500000	107.196	-28.1812
78.800003	107.121	-28.5396
80.000000	107.045	-28.8533
81.199997	106.972	-29.1418
82.500000	106.892	-29.4505
83.800003	106.814	-29.7420
85.000000	106.741	-30.0051
86.199997	106.669	-30.2614
87.500000	106.590	-30.5252
88.500000	106.531	-30.7124
90.000000	106.441	-30.9936
91.199997	106.370	-31.1973
92.500000	106.294	-31.4189
93.800003	106.218	-31.6411
95.000000	106.145	-31.8366
96.199997	106.075	-32.0049
97.500000	106.000	-32.1913
98.800003	105.925	-32.3645
100.000000	105.858	-32.5127
101.500000	105.772	-32.7005
103.000000	105.686	-32.8611
104.400002	105.608	-33.0034
106.000000	105.518	-33.1762
107.500000	105.436	-33.3054
109.000000	105.354	-33.4365
110.599998	105.266	-33.5714
112.000000	105.193	-33.6581
113.800003	105.096	-33.7721
115.000000	105.033	-33.8728
117.199997	104.921	-33.9919
118.000000	104.876	-34.0220
120.599998	104.738	-34.2183
122.000000	104.672	-34.1559
124.099998	104.568	-34.2179
125.000000	104.522	-34.2368
126.500000	104.451	-34.2511
128.000000	104.377	-34.2927
131.500000	104.215	-34.3197
132.000000	104.192	-34.3200
134.000000	104.098	-34.3190
136.000000	104.006	-34.3162
138.000000	103.916	-34.3091
140.000000	103.829	-34.2714
143.000000	103.698	-34.2180
145.000000	103.611	-34.1570
147.500000	103.507	-34.0701
150.000000	103.403	-33.9990
152.500000	103.307	-33.8915
155.000000	103.206	-33.7933
157.500000	103.111	-33.6876
160.000000	103.015	-33.5678
162.500000	102.923	-33.4318
165.000000	102.831	-33.2936
167.500000	102.741	-33.1454
170.000000	102.653	-33.0007
172.500000	102.569	-32.8417
175.000000	102.485	-32.6862
177.500000	102.401	-32.5131
180.000000	102.308	-32.2963
182.500000	102.231	-32.2208
185.000000	102.151	-32.0558
187.500000	102.070	-31.8652
190.000000	101.985	-31.6619
192.500000	101.904	-31.4620
195.000000	101.819	-31.2309
197.500000	101.737	-30.9783
200.000000	101.656	-30.7032
203.000000	101.559	-30.3229
206.000000	101.465	-29.8906
209.000000	101.372	-29.3711
212.000000	101.293	-28.7637
214.000000	101.253	-28.3046
218.000000	101.221	-27.2843
220.000000	101.236	-26.8654
224.000000	101.296	-26.5136
227.000000	101.318	-26.6388
230.000000	101.300	-26.8770
233.000000	101.250	-27.0602
236.000000	101.185	-27.1592
240.000000	101.080	-27.2570
243.000000	101.013	-27.1204
247.000000	100.912	-26.9252
250.000000	100.840	-26.7769
254.000000	100.752	-26.5499
258.000000	100.664	-26.2460
262.000000	100.577	-25.9575
265.000000	100.519	-25.7352
269.000000	100.440	-25.4191
272.000000	100.383	-25.1770
276.000000	100.311	-24.8496
280.000000	100.238	-24.5050
285.000000	100.155	-24.1128
290.000000	100.071	-23.7061
295.000000	99.990	-23.2807
300.000000	99.906	-22.7865
304.000000	99.849	-22.5672
307.000000	99.802	-22.3119
311.000000	99.740	-21.9663
315.000000	99.683	-21.6422
320.000000	99.609	-21.2225
325.000000	99.539	-20.7952
330.000000	99.469	-20.3618
335.000000	99.399	-19.9167
340.000000	99.332	-19.4575
345.000000	99.267	-19.0245
350.000000	99.203	-18.5741
355.000000	99.140	-18.1142
360.000000	99.077	-17.6505
365.000000	99.021	-17.1864
370.000000	98.963	-16.7306
375.000000	98.908	-16.2497
382.000000	98.834	-15.5665
387.000000	98.782	-15.0701
395.000000	98.701	-14.3034
400.000000	98.656	-13.8001
406.000000	98.604	-13.2065
412.000000	98.551	-12.6099
418.000000	98.505	-11.9969
425.000000	98.453	-11.3173
431.000000	98.409	-10.7142
437.000000	98.371	-10.1301
444.000000	98.324	-9.4789
450.000000	98.291	-8.8878
455.000000	98.264	-8.3932
462.000000	98.225	-7.7351
468.000000	98.200	-7.1828
475.000000	98.169	-6.4891
482.000000	98.136	-5.8414
487.000000	98.122	-5.3887
494.000000	98.093	-4.7550
500.000000	98.075	-4.2085
508.000000	98.051	-3.4988
515.000000	98.029	-2.8924
522.000000	98.012	-2.2868
530.000000	97.991	-1.6107
538.000000	97.974	-0.9434
545.000000	97.960	-0.3732
552.000000	97.948	0.2104
560.000000	97.932	0.8575
570.000000	97.916	1.6354
580.000000	97.902	2.4559
590.000000	97.890	3.2101
600.000000	97.875	4.0481
608.000000	97.866	4.5898
615.000000	97.858	5.1381
622.000000	97.852	5.6754
630.000000	97.846	6.2701
640.000000	97.834	7.0390
650.000000	97.831	7.7809
660.000000	97.829	8.4136
670.000000	97.823	9.3091
680.000000	97.817	10.0392
690.000000	97.821	10.7696
700.000000	97.821	11.5492
710.000000	97.822	12.2811
720.000000	97.819	13.0395
730.000000	97.829	13.7955
740.000000	97.836	14.5376
750.000000	97.849	15.2770
762.000000	97.862	16.1867
775.000000	97.878	17.1760
788.000000	97.901	18.1482
800.000000	97.922	19.0381
812.000000	97.949	19.9558
825.000000	97.982	20.9141
838.000000	98.020	21.9376
850.000000	98.058	22.7839
862.000000	98.098	23.6879
875.000000	98.149	24.6450
885.000000	98.191	25.3669
900.000000	98.257	26.5290
912.000000	98.318	27.3131
925.000000	98.384	28.2003
938.000000	98.454	29.0990
950.000000	98.528	29.9249
962.000000	98.607	30.6905
975.000000	98.688	31.5309
988.000000	98.779	32.3270
1000.000000	98.865	33.0333
1015.000000	98.976	33.8827
1030.000000	99.093	34.7135
1044.000000	99.205	35.3985
1060.000000	99.338	36.1528
1075.000000	99.462	36.8332
1090.000000	99.592	37.4314
1106.000000	99.726	37.9899
1120.000000	99.845	38.4718
1138.000000	99.998	39.0149
1150.000000	100.092	39.3099
1172.000000	100.273	39.8457
1180.000000	100.336	40.0173
1206.000000	100.538	40.4735
1220.000000	100.636	40.6940
1241.000000	100.788	40.9762
1250.000000	100.849	41.0797
1265.000000	100.946	41.2439
1280.000000	101.043	41.3755
1315.000000	101.247	41.6727
1320.000000	101.273	41.7494
1340.000000	101.382	41.8533
1360.000000	101.484	42.0059
1380.000000	101.579	42.1568
1400.000000	101.674	42.2871
1430.000000	101.809	42.5038
1450.000000	101.893	42.6494
1475.000000	101.996	42.8274
1500.000000	102.098	43.0428
1525.000000	102.193	43.2665
1550.000000	102.290	43.4687
1575.000000	102.386	43.7074
1600.000000	102.482	43.9430
1625.000000	102.575	44.1722
1650.000000	102.675	44.4102
1675.000000	102.770	44.6330
1700.000000	102.871	44.8496
1725.000000	102.971	45.0646
1750.000000	103.067	45.2495
1775.000000	103.165	45.4566
1800.000000	103.270	45.6244
1825.000000	103.368	45.7942
1850.000000	103.469	45.9550
1875.000000	103.572	46.0996
1900.000000	103.677	46.2082
1925.000000	103.780	46.3123
1950.000000	103.886	46.4052
1975.000000	103.989	46.4696
2000.000000	104.094	46.5029
2030.000000	104.219	46.5089
2060.000000	104.344	46.5036
2090.000000	104.470	46.4405
2120.000000	104.596	46.3524
2140.000000	104.674	46.2714
2180.000000	104.835	46.0662
2200.000000	104.915	45.9240
2240.000000	105.066	45.6108
2270.000000	105.176	45.3316
2300.000000	105.281	45.0282
2330.000000	105.380	44.6950
2360.000000	105.474	44.3495
2400.000000	105.594	43.8695
2430.000000	105.683	43.4910
2470.000000	105.794	42.9618
2500.000000	105.876	42.5159
2540.000000	105.977	41.8706
2580.000000	106.063	41.1655
2620.000000	106.133	40.4346
2650.000000	106.180	39.8970
2690.000000	106.228	39.2113
2720.000000	106.260	38.7193
2760.000000	106.295	38.0570
2800.000000	106.326	37.4259
2850.000000	106.361	36.6564
2900.000000	106.388	35.8723
2950.000000	106.403	35.0677
3000.000000	106.407	34.2997
3040.000000	106.402	33.6757
3070.000000	106.395	33.2345
3110.000000	106.381	32.6803
3150.000000	106.363	32.1199
3200.000000	106.334	31.4795
3250.000000	106.299	30.8835
3300.000000	106.262	30.3457
3350.000000	106.226	29.8372
3400.000000	106.193	29.3335
3450.000000	106.156	28.8108
3500.000000	106.115	28.2692
3550.000000	106.066	27.7340
3600.000000	106.004	27.1914
3650.000000	105.928	26.7069
3700.000000	105.842	26.3187
3750.000000	105.748	26.0223
3820.000000	105.615	25.9006
3870.000000	105.536	25.9512
3950.000000	105.451	26.2334
4000.000000	105.424	26.4092
4060.000000	105.416	26.5393
4120.000000	105.421	26.5823
4180.000000	105.436	26.5181
4250.000000	105.457	26.3122
4310.000000	105.477	26.0389
4370.000000	105.492	25.6753
4440.000000	105.500	25.1745
4500.000000	105.503	24.7137
4550.000000	105.501	24.2787
4620.000000	105.488	23.6543
4680.000000	105.473	23.0978
4750.000000	105.449	22.4004
4820.000000	105.420	21.6813
4870.000000	105.396	21.1366
4940.000000	105.353	20.3264
5000.000000	105.306	19.5968
5080.000000	105.223	18.5790
5150.000000	105.133	17.7005
5220.000000	105.026	16.8358
5300.000000	104.886	15.9166
5380.000000	104.726	15.0890
5450.000000	104.575	14.4143
5520.000000	104.414	13.8388
5600.000000	104.221	13.2754
5700.000000	103.970	12.7546
5800.000000	103.709	12.4219
5900.000000	103.448	12.2661
6000.000000	103.184	12.3342
6080.000000	102.987	12.4420
6150.000000	102.811	12.6554
6220.000000	102.644	12.9166
6300.000000	102.461	13.3159
6400.000000	102.238	13.8542
6500.000000	102.016	14.4272
6600.000000	101.789	15.1696
6700.000000	101.563	16.1875
6800.000000	101.362	17.5559
6900.000000	101.211	19.1171
7000.000000	101.103	20.6626
7100.000000	101.030	22.2072
7200.000000	100.915	23.8796
7300.000000	100.718	26.6241
7400.000000	100.728	32.6265
7500.000000	101.770	38.9578
7620.000000	103.548	37.2361
7750.000000	104.705	29.4318
7880.000000	105.225	19.9095
8000.000000	105.220	11.1780
8120.000000	105.032	2.8587
8250.000000	104.392	-6.8129
8380.000000	103.370	-14.5646
8500.000000	102.286	-19.9673
8620.000000	101.190	-24.1043
8750.000000	99.997	-28.9077
8850.000000	98.486	-32.5120
9000.000000	96.647	-27.7805
9120.000000	95.840	-25.4721
9250.000000	94.990	-23.7531
9380.000000	94.180	-21.9065
9500.000000	93.525	-20.1143
9620.000000	92.926	-18.1374
9750.000000	92.356	-15.8699
9880.000000	91.858	-13.7156
10000.000000	91.481	-11.5447
10150.000000	91.113	-8.9937
10300.000000	90.881	-6.4754
10440.000000	90.726	-4.1855
10600.000000	90.695	-1.7474
10750.000000	90.805	0.0735
10900.000000	91.011	1.7979
11060.000000	91.359	3.1771
11200.000000	91.797	4.0729
11380.000000	92.501	4.2570
11500.000000	93.061	3.9656
11720.000000	94.289	1.7168
11800.000000	94.794	0.2847
12060.000000	96.507	-7.6116
12200.000000	97.393	-14.2801
12410.000000	98.369	-27.6799
12500.000000	98.588	-34.3172
12650.000000	98.640	-45.6633
12800.000000	98.305	-56.4273
13150.000000	96.683	-75.9097
13200.000000	96.424	-78.0487
13400.000000	95.433	-85.2939
13600.000000	94.570	-91.7064
13800.000000	93.743	-97.7082
14000.000000	93.058	-103.1470
14300.000000	92.380	-112.5574
14500.000000	92.018	-120.9713
14750.000000	91.572	-133.8205
15000.000000	90.891	-150.0076
15250.000000	89.939	-167.2581
15500.000000	88.975	173.2835
15750.000000	87.936	151.9244
16000.000000	86.940	128.7434
16250.000000	86.049	105.3047
16500.000000	85.632	80.5970
16750.000000	85.531	55.6183
17000.000000	85.953	29.1187
17250.000000	86.778	1.7871
17500.000000	88.034	-27.8435
17750.000000	90.045	-64.6580
18000.000000	90.498	-116.4681
18250.000000	89.808	-165.1525
18500.000000	87.627	145.9146
18750.000000	85.268	100.6908
19000.000000	83.099	53.9595
19250.000000	80.710	3.9121
19500.000000	78.145	-51.3676
19750.000000	75.987	-110.8219
