* Measurement data measured by REW V5.40 beta 125
* Source: USB-C to 3.5mm Headphone Jack Adapter, no input selected, 0, volume: 0.138
* Format: 256k Log Swept Sine, 1 sweep at -12.0 dBFS with no timing reference
* Dated: May 29, 2026, 6:26:55 PM
* REW Settings:
*  C-weighting compensation: Off
*  Target level: 75.0 dB
* Note: ; 
* Measurement: anc off R
* Smoothing: None
* Frequency Step: 1/48 octave
* Start Frequency: 20.000 Hz
*
* Freq(Hz)	SPL(dB)	Phase(degrees)
20.000000	105.075	-164.5318
20.299999	105.074	-164.9803
20.600000	105.073	-165.4156
20.900000	105.071	-165.8356
21.200001	105.070	-166.2396
21.400000	105.069	-166.5012
21.799999	105.072	-167.0153
22.000000	105.074	-167.2729
22.400000	105.079	-167.7970
22.700001	105.082	-168.1983
23.000000	105.082	-168.5990
23.299999	105.080	-168.9883
23.600000	105.077	-169.3564
24.000000	105.072	-169.8099
24.299999	105.072	-170.1314
24.700001	105.074	-170.5576
25.000000	105.077	-170.8867
25.400000	105.078	-171.3373
25.799999	105.076	-171.7802
26.200001	105.071	-172.1933
26.500000	105.069	-172.4821
26.900000	105.068	-172.8562
27.200001	105.070	-173.1427
27.600000	105.072	-173.5430
28.000000	105.071	-173.9564
28.500000	105.066	-174.4622
29.000000	105.059	-174.9391
29.500000	105.053	-175.4001
30.000000	105.047	-175.8543
30.400000	105.043	-176.2043
30.700001	105.040	-176.4561
31.100000	105.040	-176.7856
31.500000	105.043	-177.1291
32.000000	105.046	-177.5986
32.500000	105.041	-178.0897
33.000000	105.029	-178.5413
33.500000	105.017	-178.9253
34.000000	105.011	-179.2776
34.500000	105.011	-179.6490
35.000000	105.009	179.9484
35.500000	105.001	179.5392
36.000000	104.990	179.1474
36.500000	104.977	178.7805
37.000000	104.964	178.4391
37.500000	104.955	178.1138
38.200001	104.950	177.6183
38.700001	104.945	177.1946
39.500000	104.915	176.4939
40.000000	104.888	176.1479
40.599998	104.869	175.8130
41.200001	104.866	175.4291
41.799999	104.860	174.9482
42.500000	104.835	174.4074
43.099998	104.814	174.0421
43.700001	104.803	173.6960
44.400002	104.793	173.2350
45.000000	104.776	172.8340
45.500000	104.759	172.5278
46.200001	104.736	172.1232
46.799999	104.716	171.7713
47.500000	104.688	171.3555
48.200001	104.657	170.9551
48.700001	104.636	170.6855
49.400002	104.613	170.3017
50.000000	104.596	169.9192
50.799999	104.563	169.3571
51.500000	104.528	168.9341
52.200001	104.505	168.5611
53.000000	104.487	168.0403
53.799999	104.450	167.4936
54.500000	104.410	167.1466
55.200001	104.380	166.8802
56.000000	104.353	166.5666
57.000000	104.323	166.1467
58.000000	104.283	165.6087
59.000000	104.210	165.1464
60.000000	104.160	164.8466
60.799999	104.135	164.4520
61.500000	104.100	164.0520
62.200001	104.063	163.6943
63.000000	104.024	163.2665
64.000000	103.962	162.8062
65.000000	103.927	162.5089
66.000000	103.900	161.9885
67.000000	103.835	161.5393
68.000000	103.783	161.2239
69.000000	103.722	160.8346
70.000000	103.658	160.5528
71.000000	103.603	160.1867
72.000000	103.535	159.8514
73.000000	103.485	159.5595
74.000000	103.433	159.1501
75.000000	103.371	158.8388
76.199997	103.313	158.4355
77.500000	103.223	158.0698
78.800003	103.176	157.7402
80.000000	103.089	157.1518
81.199997	102.993	156.9715
82.500000	102.930	156.6307
83.800003	102.846	156.3315
85.000000	102.786	156.1367
86.199997	102.733	155.8610
87.500000	102.654	155.4987
88.500000	102.589	155.2906
90.000000	102.488	154.9284
91.199997	102.402	154.7226
92.500000	102.322	154.4915
93.800003	102.237	154.3000
95.000000	102.169	154.1216
96.199997	102.088	153.9677
97.500000	102.018	153.8584
98.800003	101.942	153.6304
100.000000	101.865	153.4486
101.500000	101.768	153.2705
103.000000	101.672	153.1494
104.400002	101.590	153.1420
106.000000	101.507	153.0620
107.500000	101.416	152.9419
109.000000	101.321	152.8448
110.599998	101.214	152.8336
112.000000	101.146	152.8793
113.800003	101.055	152.7524
115.000000	100.978	152.7480
117.199997	100.851	152.7468
118.000000	100.810	152.6965
120.599998	100.633	152.9374
122.000000	100.572	152.8993
124.099998	100.468	153.0712
125.000000	100.422	153.1290
126.500000	100.345	153.2142
128.000000	100.261	153.3041
131.500000	100.072	153.4793
132.000000	100.042	153.5102
134.000000	99.940	153.7242
136.000000	99.851	153.9584
138.000000	99.755	154.2229
140.000000	99.671	154.5745
143.000000	99.549	154.8506
145.000000	99.460	155.1639
147.500000	99.374	155.5435
150.000000	99.279	155.8948
152.500000	99.186	156.2364
155.000000	99.110	156.6213
157.500000	99.036	157.0679
160.000000	98.965	157.5559
162.500000	98.894	157.9878
165.000000	98.820	158.3935
167.500000	98.749	158.8763
170.000000	98.688	159.3324
172.500000	98.630	159.7508
175.000000	98.580	160.2384
177.500000	98.526	160.6554
180.000000	98.474	160.9808
182.500000	98.438	161.5164
185.000000	98.398	161.9778
187.500000	98.364	162.4651
190.000000	98.340	162.9414
192.500000	98.312	163.3651
195.000000	98.288	163.8346
197.500000	98.259	164.2614
200.000000	98.243	164.6176
203.000000	98.228	165.1024
206.000000	98.200	165.6193
209.000000	98.187	166.0744
212.000000	98.188	166.6172
214.000000	98.193	166.8913
218.000000	98.187	167.4492
220.000000	98.189	167.6813
224.000000	98.191	168.1471
227.000000	98.187	168.4492
230.000000	98.185	168.8028
233.000000	98.188	169.1035
236.000000	98.191	169.4590
240.000000	98.218	169.7867
243.000000	98.226	170.2346
247.000000	98.260	170.7107
250.000000	98.289	170.8321
254.000000	98.312	171.0494
258.000000	98.323	171.2423
262.000000	98.328	171.3530
265.000000	98.346	171.4929
269.000000	98.362	171.6472
272.000000	98.356	171.7464
276.000000	98.364	171.9925
280.000000	98.373	172.2228
285.000000	98.398	172.2478
290.000000	98.401	172.3411
295.000000	98.401	172.4615
300.000000	98.397	172.6819
304.000000	98.412	172.7787
307.000000	98.420	172.8829
311.000000	98.416	172.9828
315.000000	98.415	173.0141
320.000000	98.421	173.0139
325.000000	98.446	172.9757
330.000000	98.463	173.1587
335.000000	98.456	173.2866
340.000000	98.436	173.3099
345.000000	98.450	173.2552
350.000000	98.439	173.4191
355.000000	98.441	173.3863
360.000000	98.440	173.3969
365.000000	98.431	173.4550
370.000000	98.428	173.5125
375.000000	98.430	173.4013
382.000000	98.403	173.4117
387.000000	98.405	173.3718
395.000000	98.378	173.4077
400.000000	98.364	173.4274
406.000000	98.340	173.3759
412.000000	98.321	173.4030
418.000000	98.310	173.4178
425.000000	98.276	173.3799
431.000000	98.257	173.4189
437.000000	98.244	173.4198
444.000000	98.203	173.4764
450.000000	98.167	173.4928
455.000000	98.149	173.4855
462.000000	98.120	173.5430
468.000000	98.085	173.5525
475.000000	98.059	173.5563
482.000000	98.022	173.7002
487.000000	97.995	173.7038
494.000000	97.955	173.7896
500.000000	97.913	173.8092
508.000000	97.871	173.9070
515.000000	97.838	174.0274
522.000000	97.801	174.1603
530.000000	97.759	174.2474
538.000000	97.709	174.4117
545.000000	97.680	174.5563
552.000000	97.638	174.6750
560.000000	97.587	174.8977
570.000000	97.534	175.0711
580.000000	97.468	175.3038
590.000000	97.419	175.5351
600.000000	97.367	175.7790
608.000000	97.323	176.0988
615.000000	97.295	176.2559
622.000000	97.249	176.5223
630.000000	97.225	176.7553
640.000000	97.166	177.0076
650.000000	97.110	177.3325
660.000000	97.060	177.6771
670.000000	97.018	178.0760
680.000000	96.964	178.2754
690.000000	96.913	178.8507
700.000000	96.867	179.1673
710.000000	96.815	179.4834
720.000000	96.776	179.9095
730.000000	96.762	-179.6400
740.000000	96.720	-179.2149
750.000000	96.683	-178.8116
762.000000	96.635	-178.3910
775.000000	96.592	-177.8774
788.000000	96.536	-177.3969
800.000000	96.504	-176.8626
812.000000	96.460	-176.1389
825.000000	96.437	-175.4294
838.000000	96.359	-175.0339
850.000000	96.338	-174.3248
862.000000	96.314	-173.9325
875.000000	96.267	-173.1588
885.000000	96.265	-172.6871
900.000000	96.224	-171.9489
912.000000	96.199	-171.2877
925.000000	96.184	-170.5016
938.000000	96.152	-169.7256
950.000000	96.168	-169.2245
962.000000	96.161	-168.3578
975.000000	96.165	-167.7803
988.000000	96.170	-166.8324
1000.000000	96.187	-166.3058
1015.000000	96.202	-165.4747
1030.000000	96.223	-164.7433
1044.000000	96.250	-163.8591
1060.000000	96.277	-162.9881
1075.000000	96.300	-162.3508
1090.000000	96.344	-161.7156
1106.000000	96.437	-160.7253
1120.000000	96.487	-160.2441
1138.000000	96.544	-159.7271
1150.000000	96.574	-158.8719
1172.000000	96.642	-158.2298
1180.000000	96.686	-157.8124
1206.000000	96.832	-157.0374
1220.000000	96.862	-156.6034
1241.000000	96.912	-155.8272
1250.000000	96.920	-155.6826
1265.000000	96.970	-155.5570
1280.000000	97.078	-154.9132
1315.000000	97.142	-154.0610
1320.000000	97.161	-153.9351
1340.000000	97.252	-153.7453
1360.000000	97.322	-153.0336
1380.000000	97.355	-152.7671
1400.000000	97.427	-152.4828
1430.000000	97.486	-151.8068
1450.000000	97.542	-151.3686
1475.000000	97.614	-150.9193
1500.000000	97.647	-150.7026
1525.000000	97.691	-150.1706
1550.000000	97.777	-149.4174
1575.000000	97.816	-148.9315
1600.000000	97.889	-148.5280
1625.000000	97.927	-148.0087
1650.000000	98.019	-147.6315
1675.000000	98.109	-147.0887
1700.000000	98.137	-146.2736
1725.000000	98.165	-146.1214
1750.000000	98.239	-145.5666
1775.000000	98.266	-144.8535
1800.000000	98.403	-144.2368
1825.000000	98.444	-144.2440
1850.000000	98.527	-143.4236
1875.000000	98.552	-142.8212
1900.000000	98.656	-142.3032
1925.000000	98.717	-141.8672
1950.000000	98.776	-141.2947
1975.000000	98.879	-141.0281
2000.000000	98.930	-140.5052
2030.000000	99.059	-139.6658
2060.000000	99.170	-139.2636
2090.000000	99.246	-138.6803
2120.000000	99.374	-138.0100
2140.000000	99.420	-137.6589
2180.000000	99.551	-137.2983
2200.000000	99.711	-136.8141
2240.000000	99.827	-136.1919
2270.000000	99.944	-135.6307
2300.000000	100.146	-135.2850
2330.000000	100.227	-135.3139
2360.000000	100.381	-134.8688
2400.000000	100.628	-134.4410
2430.000000	100.718	-134.2756
2470.000000	100.968	-133.7451
2500.000000	101.144	-133.7267
2540.000000	101.424	-133.5795
2580.000000	101.603	-133.4408
2620.000000	101.936	-133.4622
2650.000000	102.116	-133.7435
2690.000000	102.371	-134.1137
2720.000000	102.534	-134.6532
2760.000000	102.813	-135.0042
2800.000000	103.024	-136.1810
2850.000000	103.266	-138.2030
2900.000000	103.503	-140.3858
2950.000000	103.570	-142.6690
3000.000000	103.659	-144.1499
3040.000000	103.650	-145.9161
3070.000000	103.651	-146.9626
3110.000000	103.658	-147.7670
3150.000000	103.648	-148.8979
3200.000000	103.577	-150.0935
3250.000000	103.509	-151.0397
3300.000000	103.468	-151.8991
3350.000000	103.412	-152.9528
3400.000000	103.341	-153.7467
3450.000000	103.321	-154.3330
3500.000000	103.267	-155.2724
3550.000000	103.164	-155.9754
3600.000000	103.084	-156.9839
3650.000000	102.981	-157.8247
3700.000000	102.888	-158.1486
3750.000000	102.787	-158.5489
3820.000000	102.569	-159.2653
3870.000000	102.508	-159.2856
3950.000000	102.340	-159.3136
4000.000000	102.299	-159.4587
4060.000000	102.198	-159.6399
4120.000000	102.071	-159.7843
4180.000000	101.933	-159.9845
4250.000000	101.830	-160.2578
4310.000000	101.674	-160.6003
4370.000000	101.538	-160.6709
4440.000000	101.368	-160.1667
4500.000000	101.212	-160.1516
4550.000000	101.083	-159.5683
4620.000000	100.934	-158.6631
4680.000000	100.838	-157.9839
4750.000000	100.740	-156.6901
4820.000000	100.685	-155.4467
4870.000000	100.709	-155.0162
4940.000000	100.698	-153.7140
5000.000000	100.846	-152.9797
5080.000000	100.963	-152.1072
5150.000000	101.094	-151.6696
5220.000000	101.283	-151.9479
5300.000000	101.307	-152.4122
5380.000000	101.415	-152.4681
5450.000000	101.427	-153.0528
5520.000000	101.465	-153.7060
5600.000000	101.412	-153.8705
5700.000000	101.477	-154.1000
5800.000000	101.438	-154.5186
5900.000000	101.518	-154.8618
6000.000000	101.514	-155.8383
6080.000000	101.563	-156.1757
6150.000000	101.580	-156.5727
6220.000000	101.579	-157.2954
6300.000000	101.672	-157.7931
6400.000000	101.633	-159.3317
6500.000000	101.599	-160.1956
6600.000000	101.568	-161.6951
6700.000000	101.503	-162.7831
6800.000000	101.449	-164.2194
6900.000000	101.359	-165.3857
7000.000000	101.243	-166.7693
7100.000000	101.097	-167.7183
7200.000000	100.998	-168.9295
7300.000000	100.843	-170.1441
7400.000000	100.645	-170.7868
7500.000000	100.482	-171.6422
7620.000000	100.344	-172.3623
7750.000000	100.156	-173.1519
7880.000000	100.100	-173.8551
8000.000000	100.048	-175.1831
8120.000000	99.979	-176.9940
8250.000000	99.960	-179.3861
8380.000000	99.804	177.9557
8500.000000	99.577	175.2323
8620.000000	99.316	172.8051
8750.000000	99.039	169.7357
8850.000000	98.750	167.4335
9000.000000	98.247	164.2718
9120.000000	97.828	161.8033
9250.000000	97.277	159.4714
9380.000000	96.741	157.2469
9500.000000	96.085	155.8403
9620.000000	95.485	154.3413
9750.000000	94.825	154.3131
9880.000000	94.184	154.6370
10000.000000	93.612	154.5995
10150.000000	92.998	155.7290
10300.000000	92.446	156.1357
10440.000000	92.050	157.4977
10600.000000	91.573	158.2809
10750.000000	91.314	159.4639
10900.000000	91.053	159.7280
11060.000000	90.861	159.5845
11200.000000	90.793	159.5729
11380.000000	90.684	157.2593
11500.000000	90.563	154.9140
11720.000000	90.066	147.6253
11800.000000	89.665	144.3128
12060.000000	86.530	136.7039
12200.000000	83.942	140.2504
12410.000000	81.126	166.3131
12500.000000	80.848	-177.7071
12650.000000	83.120	-153.2861
12800.000000	87.122	-142.9442
13150.000000	95.479	-162.5905
13200.000000	96.282	-169.0818
13400.000000	97.736	160.2584
13600.000000	96.830	134.3976
13800.000000	95.031	117.7976
14000.000000	93.059	109.5801
14300.000000	91.044	112.7208
14500.000000	92.499	122.8505
14750.000000	97.178	109.6040
15000.000000	98.723	66.8092
15250.000000	96.477	35.1526
15500.000000	94.251	14.8413
15750.000000	92.445	1.1909
16000.000000	91.135	-12.8657
16250.000000	90.162	-26.6012
16500.000000	89.640	-41.2913
16750.000000	89.441	-55.4092
17000.000000	89.664	-73.3215
17250.000000	90.434	-94.8635
17500.000000	91.936	-123.2526
17750.000000	47.109	-106.0127
18000.000000	45.842	4.5918
18250.000000	46.332	130.3711
18500.000000	44.973	-85.4648
18750.000000	46.744	82.2812
19000.000000	44.477	-110.3359
19250.000000	47.267	31.8047
19500.000000	45.040	174.3594
19750.000000	45.949	-80.0625
