* Measurement data measured by REW V5.31.3
* Source: USB-C to 3.5mm Headphone Jack Adapter, USB-C to 3.5mm Headphone Jack Adapter, 0, volume: 0.138
* Format: 256k Log Swept Sine, 1 sweep at -12.0 dBFS with no timing reference
* Dated: Oct 25, 2024 6:18:13 PM
* REW Settings:
*  C-weighting compensation: Off
*  Target level: 75.0 dB
* Note: 
* Measurement: L
* Smoothing: None
* Frequency Step: 1/48 octave
* Start Frequency: 20.000 Hz
*
* Freq(Hz)	SPL(dB)	Phase(degrees)
20.000000	103.927	-113.8433
20.299999	104.018	-114.7796
20.600000	104.106	-115.7020
20.900000	104.191	-116.6165
21.200001	104.274	-117.5268
21.400000	104.328	-118.1307
21.799999	104.428	-119.3232
22.000000	104.476	-119.9078
22.400000	104.569	-121.0485
22.700001	104.636	-121.8809
23.000000	104.703	-122.7009
23.299999	104.770	-123.5171
23.600000	104.836	-124.3364
24.000000	104.921	-125.4364
24.299999	104.980	-126.2614
24.700001	105.053	-127.3478
25.000000	105.104	-128.1444
25.400000	105.170	-129.1781
25.799999	105.234	-130.1848
26.200001	105.297	-131.1742
26.500000	105.344	-131.9091
26.900000	105.403	-132.8793
27.200001	105.446	-133.5977
27.600000	105.501	-134.5392
28.000000	105.554	-135.4602
28.500000	105.619	-136.5864
29.000000	105.681	-137.6947
29.500000	105.741	-138.7930
30.000000	105.796	-139.8798
30.400000	105.836	-140.7342
30.700001	105.864	-141.3619
31.100000	105.899	-142.1786
31.500000	105.933	-142.9745
32.000000	105.976	-143.9534
32.500000	106.018	-144.9315
33.000000	106.056	-145.9139
33.500000	106.089	-146.8880
34.000000	106.117	-147.8357
34.500000	106.143	-148.7531
35.000000	106.169	-149.6518
35.500000	106.194	-150.5436
36.000000	106.217	-151.4296
36.500000	106.239	-152.3046
37.000000	106.258	-153.1662
37.500000	106.275	-154.0152
38.200001	106.297	-155.1833
38.700001	106.309	-156.0020
39.500000	106.325	-157.2817
40.000000	106.332	-158.0553
40.599998	106.340	-158.9539
41.200001	106.348	-159.8410
41.799999	106.355	-160.7368
42.500000	106.355	-161.7666
43.099998	106.353	-162.6059
43.700001	106.354	-163.4322
44.400002	106.353	-164.4282
45.000000	106.343	-165.2726
45.500000	106.333	-165.9319
46.200001	106.325	-166.8181
46.799999	106.322	-167.6123
47.500000	106.308	-168.5663
48.200001	106.284	-169.4522
48.700001	106.270	-170.0377
49.400002	106.254	-170.8570
50.000000	106.238	-171.5716
50.799999	106.210	-172.4849
51.500000	106.186	-173.2450
52.200001	106.162	-174.0014
53.000000	106.131	-174.8455
53.799999	106.099	-175.6716
54.500000	106.066	-176.3914
55.200001	106.031	-177.0671
56.000000	105.999	-177.8189
57.000000	105.954	-178.8573
58.000000	105.892	-179.8102
59.000000	105.845	179.2755
60.000000	105.785	178.2942
60.799999	105.732	177.6077
61.500000	105.693	177.0215
62.200001	105.651	176.4207
63.000000	105.600	175.7837
64.000000	105.545	175.0068
65.000000	105.482	174.1901
66.000000	105.411	173.4575
67.000000	105.348	172.7467
68.000000	105.279	172.0182
69.000000	105.207	171.3616
70.000000	105.142	170.7047
71.000000	105.069	170.0242
72.000000	104.994	169.4225
73.000000	104.923	168.8268
74.000000	104.848	168.2414
75.000000	104.773	167.6814
76.199997	104.679	167.0287
77.500000	104.576	166.3526
78.800003	104.476	165.7481
80.000000	104.381	165.1352
81.199997	104.285	164.6461
82.500000	104.184	164.0578
83.800003	104.084	163.5424
85.000000	103.981	163.0426
86.199997	103.889	162.6249
87.500000	103.775	162.1563
88.500000	103.701	161.8452
90.000000	103.573	161.3684
91.199997	103.483	161.0047
92.500000	103.371	160.6787
93.800003	103.272	160.3470
95.000000	103.172	160.0689
96.199997	103.074	159.8127
97.500000	102.969	159.5616
98.800003	102.863	159.3210
100.000000	102.768	159.1337
101.500000	102.647	158.9049
103.000000	102.530	158.7192
104.400002	102.419	158.5649
106.000000	102.295	158.4106
107.500000	102.182	158.3235
109.000000	102.062	158.2033
110.599998	101.954	158.2124
112.000000	101.839	158.1315
113.800003	101.724	158.1722
115.000000	101.627	158.1395
117.199997	101.476	158.2935
118.000000	101.427	158.2791
120.599998	101.248	158.4858
122.000000	101.154	158.5238
124.099998	101.018	158.7620
125.000000	100.965	158.8726
126.500000	100.874	159.0112
128.000000	100.782	159.1996
131.500000	100.588	159.7286
132.000000	100.565	159.7808
134.000000	100.461	160.1977
136.000000	100.352	160.3856
138.000000	100.266	160.8431
140.000000	100.166	161.1609
143.000000	100.041	161.8311
145.000000	99.959	162.2330
147.500000	99.869	162.7711
150.000000	99.780	163.2888
152.500000	99.701	163.8602
155.000000	99.633	164.4186
157.500000	99.566	164.9514
160.000000	99.507	165.4956
162.500000	99.454	166.0330
165.000000	99.403	166.5692
167.500000	99.355	167.1158
170.000000	99.322	167.6344
172.500000	99.282	168.1434
175.000000	99.245	168.6710
177.500000	99.209	169.0948
180.000000	99.176	169.4084
182.500000	99.150	170.0723
185.000000	99.120	170.6377
187.500000	99.099	171.2891
190.000000	99.105	171.9510
192.500000	99.128	172.5466
195.000000	99.157	173.0186
197.500000	99.169	173.5045
200.000000	99.181	173.7434
203.000000	99.215	174.0643
206.000000	99.237	174.3999
209.000000	99.254	174.6454
212.000000	99.265	174.9298
214.000000	99.274	175.0224
218.000000	99.294	175.3727
220.000000	99.305	175.5187
224.000000	99.314	175.8178
227.000000	99.327	176.0767
230.000000	99.339	176.2078
233.000000	99.352	176.3773
236.000000	99.357	176.6021
240.000000	99.372	176.7567
243.000000	99.372	176.9185
247.000000	99.374	177.0914
250.000000	99.384	177.1856
254.000000	99.392	177.3918
258.000000	99.394	177.5883
262.000000	99.395	177.8382
265.000000	99.405	177.9727
269.000000	99.438	178.0891
272.000000	99.432	178.2496
276.000000	99.449	178.4365
280.000000	99.470	178.5175
285.000000	99.477	178.6214
290.000000	99.485	178.6352
295.000000	99.498	178.7189
300.000000	99.490	178.7982
304.000000	99.484	178.8060
307.000000	99.489	178.8344
311.000000	99.475	178.9139
315.000000	99.466	178.9188
320.000000	99.464	179.0137
325.000000	99.449	179.1132
330.000000	99.437	179.1763
335.000000	99.425	179.2850
340.000000	99.407	179.3825
345.000000	99.396	179.4794
350.000000	99.377	179.5963
355.000000	99.362	179.7378
360.000000	99.343	179.8055
365.000000	99.335	179.9890
370.000000	99.318	-179.9033
375.000000	99.299	-179.7600
382.000000	99.281	-179.5446
387.000000	99.268	-179.3880
395.000000	99.239	-179.1507
400.000000	99.227	-179.0163
406.000000	99.218	-178.8318
412.000000	99.197	-178.5976
418.000000	99.181	-178.3839
425.000000	99.162	-178.1870
431.000000	99.142	-177.8828
437.000000	99.138	-177.7517
444.000000	99.117	-177.4624
450.000000	99.115	-177.1837
455.000000	99.100	-177.0343
462.000000	99.085	-176.8202
468.000000	99.077	-176.5532
475.000000	99.069	-176.3051
482.000000	99.059	-176.0717
487.000000	99.052	-175.8779
494.000000	99.045	-175.6181
500.000000	99.039	-175.3786
508.000000	99.027	-175.0882
515.000000	99.029	-174.8543
522.000000	99.023	-174.5726
530.000000	99.017	-174.2954
538.000000	99.019	-174.0284
545.000000	99.009	-173.7773
552.000000	99.013	-173.5248
560.000000	99.008	-173.2821
570.000000	99.003	-172.9595
580.000000	99.000	-172.6650
590.000000	98.997	-172.3293
600.000000	98.989	-172.0070
608.000000	98.987	-171.7559
615.000000	98.983	-171.5131
622.000000	98.975	-171.3075
630.000000	98.976	-171.0623
640.000000	98.971	-170.7263
650.000000	98.959	-170.3969
660.000000	98.955	-170.0796
670.000000	98.947	-169.7392
680.000000	98.940	-169.4057
690.000000	98.930	-169.0485
700.000000	98.922	-168.6777
710.000000	98.911	-168.2950
720.000000	98.906	-167.8892
730.000000	98.901	-167.4833
740.000000	98.894	-167.0408
750.000000	98.894	-166.5608
762.000000	98.891	-165.9779
775.000000	98.915	-165.2906
788.000000	98.955	-164.6354
800.000000	99.003	-164.0745
812.000000	99.059	-163.6693
825.000000	99.110	-163.4103
838.000000	99.139	-163.1914
850.000000	99.150	-162.9582
862.000000	99.156	-162.6811
875.000000	99.157	-162.3126
885.000000	99.157	-161.9957
900.000000	99.164	-161.4624
912.000000	99.173	-161.0169
925.000000	99.183	-160.4988
938.000000	99.201	-159.9747
950.000000	99.220	-159.4863
962.000000	99.244	-158.9781
975.000000	99.273	-158.4124
988.000000	99.312	-157.8606
1000.000000	99.351	-157.3518
1015.000000	99.407	-156.7296
1030.000000	99.469	-156.1483
1044.000000	99.532	-155.6238
1060.000000	99.612	-155.0722
1075.000000	99.688	-154.6134
1090.000000	99.767	-154.1929
1106.000000	99.853	-153.7783
1120.000000	99.930	-153.4752
1138.000000	100.024	-153.1100
1150.000000	100.088	-152.9073
1172.000000	100.200	-152.5941
1180.000000	100.241	-152.4992
1206.000000	100.364	-152.2264
1220.000000	100.428	-152.1347
1241.000000	100.518	-152.0097
1250.000000	100.553	-151.9460
1265.000000	100.611	-151.8914
1280.000000	100.662	-151.8339
1315.000000	100.766	-151.7306
1320.000000	100.779	-151.7222
1340.000000	100.835	-151.6641
1360.000000	100.881	-151.5855
1380.000000	100.918	-151.4977
1400.000000	100.954	-151.4058
1430.000000	101.001	-151.2159
1450.000000	101.026	-151.0527
1475.000000	101.057	-150.8191
1500.000000	101.084	-150.5274
1525.000000	101.112	-150.1849
1550.000000	101.142	-149.7868
1575.000000	101.172	-149.3483
1600.000000	101.208	-148.8410
1625.000000	101.252	-148.3060
1650.000000	101.301	-147.7253
1675.000000	101.360	-147.1133
1700.000000	101.430	-146.4699
1725.000000	101.509	-145.8291
1750.000000	101.603	-145.1814
1775.000000	101.712	-144.5440
1800.000000	101.836	-143.9768
1825.000000	101.972	-143.4867
1850.000000	102.118	-143.0678
1875.000000	102.263	-142.7952
1900.000000	102.412	-142.5978
1925.000000	102.555	-142.4988
1950.000000	102.692	-142.4814
1975.000000	102.816	-142.5301
2000.000000	102.924	-142.5624
2030.000000	103.045	-142.5172
2060.000000	103.162	-142.3176
2090.000000	103.304	-142.0098
2120.000000	103.482	-141.6824
2140.000000	103.625	-141.5203
2180.000000	103.946	-141.5332
2200.000000	104.116	-141.7383
2240.000000	104.456	-142.6954
2270.000000	104.677	-143.7706
2300.000000	104.855	-145.1267
2330.000000	104.980	-146.5747
2360.000000	105.046	-148.0169
2400.000000	105.076	-149.6992
2430.000000	105.069	-150.7402
2470.000000	105.047	-151.8439
2500.000000	105.032	-152.5009
2540.000000	105.022	-153.2151
2580.000000	105.026	-153.8733
2620.000000	105.041	-154.5168
2650.000000	105.054	-155.0388
2690.000000	105.067	-155.7480
2720.000000	105.076	-156.2894
2760.000000	105.082	-157.0338
2800.000000	105.078	-157.7925
2850.000000	105.061	-158.7517
2900.000000	105.027	-159.6899
2950.000000	104.978	-160.5754
3000.000000	104.916	-161.4015
3040.000000	104.857	-162.0085
3070.000000	104.807	-162.4310
3110.000000	104.737	-162.9281
3150.000000	104.663	-163.3590
3200.000000	104.568	-163.7816
3250.000000	104.477	-164.0880
3300.000000	104.398	-164.3093
3350.000000	104.337	-164.4755
3400.000000	104.288	-164.7182
3450.000000	104.242	-165.0337
3500.000000	104.190	-165.4066
3550.000000	104.127	-165.7924
3600.000000	104.057	-166.1761
3650.000000	103.978	-166.5261
3700.000000	103.894	-166.8302
3750.000000	103.809	-167.1067
3820.000000	103.684	-167.4423
3870.000000	103.590	-167.6584
3950.000000	103.432	-167.9669
4000.000000	103.328	-168.1003
4060.000000	103.198	-168.2367
4120.000000	103.064	-168.3212
4180.000000	102.925	-168.3421
4250.000000	102.754	-168.2714
4310.000000	102.604	-168.1218
4370.000000	102.451	-167.8795
4440.000000	102.275	-167.4641
4500.000000	102.124	-167.0043
4550.000000	102.003	-166.5491
4620.000000	101.839	-165.7496
4680.000000	101.714	-164.9430
4750.000000	101.586	-163.8984
4820.000000	101.491	-162.7629
4870.000000	101.439	-161.9049
4940.000000	101.397	-160.7378
5000.000000	101.387	-159.7932
5080.000000	101.400	-158.6405
5150.000000	101.426	-157.7858
5220.000000	101.465	-157.0835
5300.000000	101.513	-156.3762
5380.000000	101.569	-155.7572
5450.000000	101.630	-155.2951
5520.000000	101.710	-154.9929
5600.000000	101.804	-154.9684
5700.000000	101.875	-155.2914
5800.000000	101.889	-155.7380
5900.000000	101.864	-156.1667
6000.000000	101.804	-156.5531
6080.000000	101.734	-156.7628
6150.000000	101.660	-156.8767
6220.000000	101.575	-156.9020
6300.000000	101.476	-156.8123
6400.000000	101.338	-156.5026
6500.000000	101.210	-155.9850
6600.000000	101.083	-155.2406
6700.000000	100.978	-154.2571
6800.000000	100.901	-153.0501
6900.000000	100.866	-151.5699
7000.000000	100.888	-149.9283
7100.000000	100.979	-148.1358
7200.000000	101.161	-146.3235
7300.000000	101.443	-144.6237
7400.000000	101.834	-143.2123
7500.000000	102.351	-142.3125
7620.000000	103.139	-142.5325
7750.000000	104.120	-145.3869
7880.000000	104.963	-152.0224
8000.000000	105.232	-160.7677
8120.000000	104.843	-169.1451
8250.000000	103.983	-175.0415
8380.000000	103.095	-177.5961
8500.000000	102.436	-178.1899
8620.000000	101.943	-178.0154
8750.000000	101.553	-177.5237
8850.000000	101.325	-177.0842
9000.000000	101.078	-176.2958
9120.000000	100.964	-175.5279
9250.000000	100.939	-174.6413
9380.000000	101.031	-173.6892
9500.000000	101.243	-172.9789
9620.000000	101.586	-172.6140
9750.000000	102.107	-172.8950
9880.000000	102.780	-174.0810
10000.000000	103.522	-176.3313
10150.000000	104.605	179.0367
10300.000000	105.825	171.6832
10440.000000	107.043	161.5638
10600.000000	108.312	144.6256
10750.000000	108.826	123.1905
10900.000000	108.234	100.5197
11060.000000	106.790	79.9399
11200.000000	105.420	65.2060
11380.000000	103.897	47.4013
11500.000000	102.939	34.4448
11720.000000	100.754	8.8604
11800.000000	99.791	-0.0644
12060.000000	96.637	-24.1486
12200.000000	95.255	-34.3140
12410.000000	93.817	-46.9437
12500.000000	93.449	-51.7189
12650.000000	93.117	-58.8385
12800.000000	93.158	-65.3369
13150.000000	94.449	-81.6354
13200.000000	94.721	-84.4436
13400.000000	95.751	-97.4152
13600.000000	96.494	-112.8301
13800.000000	96.675	-129.0051
14000.000000	96.310	-143.4664
14300.000000	95.290	-158.9713
14500.000000	94.723	-165.6172
14750.000000	94.408	-171.0157
15000.000000	94.885	-175.4194
15250.000000	96.085	175.0717
15500.000000	97.183	159.7068
15750.000000	97.749	137.8837
16000.000000	96.937	116.9822
16250.000000	95.822	101.7893
16500.000000	95.007	90.3971
16750.000000	94.837	80.4802
17000.000000	95.505	68.2794
17250.000000	96.747	49.1538
17500.000000	97.767	20.8708
17750.000000	97.755	-14.1349
18000.000000	96.535	-51.0555
18250.000000	94.354	-87.0567
18500.000000	91.565	-120.7451
18750.000000	88.557	-152.6412
19000.000000	85.643	174.8486
19250.000000	82.664	138.3394
19500.000000	79.217	97.5173
19750.000000	74.845	51.5581
