* Measurement data measured by REW V5.31.3
* Source: USB-C to 3.5mm Headphone Jack Adapter, USB-C to 3.5mm Headphone Jack Adapter, 0, volume: 0.138
* Format: 256k Log Swept Sine, 1 sweep at -12.0 dBFS with no timing reference
* Dated: Sep 25, 2025 8:52:51 PM
* REW Settings:
*  C-weighting compensation: Off
*  Target level: 75.0 dB
* Note: ; 
* Measurement: pop R
* Smoothing: None
* Frequency Step: 1/48 octave
* Start Frequency: 20.300 Hz
*
* Freq(Hz)	SPL(dB)	Phase(degrees)
20.299999	99.535	-155.9508
20.600000	99.555	-156.5407
20.900000	99.568	-157.0477
21.200001	99.578	-157.5387
21.400000	99.584	-157.8646
21.799999	99.591	-158.5174
22.000000	99.593	-158.8421
22.400000	99.592	-159.4782
22.700001	99.591	-159.9388
23.000000	99.592	-160.3893
23.299999	99.597	-160.8404
23.600000	99.606	-161.3033
24.000000	99.623	-161.9482
24.299999	99.636	-162.4444
24.700001	99.649	-163.0957
25.000000	99.654	-163.5544
25.400000	99.654	-164.1070
25.799999	99.650	-164.5921
26.200001	99.645	-165.0322
26.500000	99.641	-165.3529
26.900000	99.640	-165.7938
27.200001	99.641	-166.1465
27.600000	99.643	-166.6496
28.000000	99.646	-167.1758
28.500000	99.646	-167.8203
29.000000	99.643	-168.3998
29.500000	99.641	-168.9109
30.000000	99.641	-169.4007
30.400000	99.642	-169.8052
30.700001	99.640	-170.1168
31.100000	99.636	-170.5298
31.500000	99.631	-170.9226
32.000000	99.627	-171.3811
32.500000	99.626	-171.8279
33.000000	99.623	-172.2879
33.500000	99.616	-172.7549
34.000000	99.606	-173.2101
34.500000	99.599	-173.6565
35.000000	99.596	-174.1119
35.500000	99.592	-174.5723
36.000000	99.585	-175.0063
36.500000	99.577	-175.3992
37.000000	99.572	-175.7799
37.500000	99.566	-176.1825
38.200001	99.549	-176.7436
38.700001	99.534	-177.0785
39.500000	99.522	-177.5398
40.000000	99.520	-177.8830
40.599998	99.506	-178.3666
41.200001	99.481	-178.8264
41.799999	99.460	-179.2056
42.500000	99.454	-179.6307
43.099998	99.450	179.9481
43.700001	99.432	179.5217
44.400002	99.400	179.1245
45.000000	99.385	178.8341
45.500000	99.381	178.5348
46.200001	99.369	177.9997
46.799999	99.340	177.5745
47.500000	99.310	177.2410
48.200001	99.305	176.9135
48.700001	99.303	176.5948
49.400002	99.278	176.1480
50.000000	99.248	175.8688
50.799999	99.223	175.5185
51.500000	99.212	175.0942
52.200001	99.200	174.6245
53.000000	99.180	174.1586
53.799999	99.146	173.8458
54.500000	99.115	173.6597
55.200001	99.091	173.4095
56.000000	99.066	173.0026
57.000000	99.043	172.5136
58.000000	99.017	172.0782
59.000000	98.967	171.6933
60.000000	98.923	171.3126
60.799999	98.903	170.9736
61.500000	98.895	170.6880
62.200001	98.890	170.3815
63.000000	98.871	169.9730
64.000000	98.816	169.5386
65.000000	98.772	169.2446
66.000000	98.744	168.8922
67.000000	98.708	168.5580
68.000000	98.675	168.2345
69.000000	98.632	167.8812
70.000000	98.594	167.5992
71.000000	98.571	167.2523
72.000000	98.536	166.8846
73.000000	98.499	166.5693
74.000000	98.464	166.2363
75.000000	98.431	165.9464
76.199997	98.394	165.6000
77.500000	98.343	165.2395
78.800003	98.294	164.8698
80.000000	98.253	164.5362
81.199997	98.207	164.2100
82.500000	98.157	163.9158
83.800003	98.111	163.5922
85.000000	98.069	163.3079
86.199997	98.027	163.0423
87.500000	97.986	162.7175
88.500000	97.941	162.4784
90.000000	97.886	162.2154
91.199997	97.840	161.8997
92.500000	97.793	161.6434
93.800003	97.749	161.4080
95.000000	97.708	161.1804
96.199997	97.662	160.9385
97.500000	97.612	160.7206
98.800003	97.562	160.5219
100.000000	97.517	160.2909
101.500000	97.462	159.9917
103.000000	97.413	159.7186
104.400002	97.363	159.5193
106.000000	97.303	159.2904
107.500000	97.247	159.0545
109.000000	97.195	158.8386
110.599998	97.141	158.6350
112.000000	97.089	158.4633
113.800003	97.027	158.2008
115.000000	96.982	158.0846
117.199997	96.901	157.7912
118.000000	96.873	157.6775
120.599998	96.782	157.3849
122.000000	96.737	157.2804
124.099998	96.660	157.0451
125.000000	96.629	156.9493
126.500000	96.578	156.8259
128.000000	96.524	156.6950
131.500000	96.407	156.3877
132.000000	96.390	156.3563
134.000000	96.321	156.1786
136.000000	96.256	156.0357
138.000000	96.187	155.8975
140.000000	96.122	155.7838
143.000000	96.013	155.6025
145.000000	95.947	155.4691
147.500000	95.868	155.3578
150.000000	95.785	155.2328
152.500000	95.698	155.1493
155.000000	95.614	155.0433
157.500000	95.527	154.9479
160.000000	95.442	154.8406
162.500000	95.358	154.8618
165.000000	95.262	154.8279
167.500000	95.163	154.8502
170.000000	95.058	154.9871
172.500000	94.960	155.1703
175.000000	94.867	155.5681
177.500000	94.812	156.1868
180.000000	94.827	156.6898
182.500000	94.850	156.9175
185.000000	94.874	156.6946
187.500000	94.855	156.3418
190.000000	94.813	156.0827
192.500000	94.757	155.8796
195.000000	94.695	155.7249
197.500000	94.628	155.6208
200.000000	94.566	155.5247
203.000000	94.484	155.5054
206.000000	94.410	155.4693
209.000000	94.335	155.4778
212.000000	94.263	155.4861
214.000000	94.209	155.4924
218.000000	94.116	155.5384
220.000000	94.068	155.6028
224.000000	93.977	155.6819
227.000000	93.910	155.7505
230.000000	93.845	155.8315
233.000000	93.776	155.9210
236.000000	93.708	155.9904
240.000000	93.627	156.2232
243.000000	93.567	156.2443
247.000000	93.487	156.4033
250.000000	93.427	156.5244
254.000000	93.345	156.6744
258.000000	93.269	156.8522
262.000000	93.193	157.0339
265.000000	93.142	157.1548
269.000000	93.066	157.3558
272.000000	93.012	157.5050
276.000000	92.943	157.6745
280.000000	92.872	157.8713
285.000000	92.786	158.1628
290.000000	92.708	158.4178
295.000000	92.628	158.7045
300.000000	92.549	158.9587
304.000000	92.485	159.2262
307.000000	92.442	159.3737
311.000000	92.378	159.6033
315.000000	92.322	159.8661
320.000000	92.251	160.1535
325.000000	92.179	160.4343
330.000000	92.111	160.7485
335.000000	92.044	161.0566
340.000000	91.980	161.3590
345.000000	91.917	161.6971
350.000000	91.854	162.0154
355.000000	91.793	162.3206
360.000000	91.730	162.6362
365.000000	91.673	162.9659
370.000000	91.615	163.2865
375.000000	91.555	163.6039
382.000000	91.482	164.0923
387.000000	91.428	164.4272
395.000000	91.344	164.9671
400.000000	91.299	165.2827
406.000000	91.233	165.6936
412.000000	91.183	166.1085
418.000000	91.116	166.5188
425.000000	91.059	167.0293
431.000000	91.004	167.4505
437.000000	90.956	167.8376
444.000000	90.894	168.3316
450.000000	90.847	168.7313
455.000000	90.805	169.0765
462.000000	90.748	169.6013
468.000000	90.702	170.0418
475.000000	90.653	170.5150
482.000000	90.605	171.0408
487.000000	90.563	171.3788
494.000000	90.517	171.8575
500.000000	90.481	172.2896
508.000000	90.429	172.8211
515.000000	90.383	173.3613
522.000000	90.341	173.8974
530.000000	90.296	174.4603
538.000000	90.255	174.9885
545.000000	90.214	175.5292
552.000000	90.178	176.0247
560.000000	90.135	176.5525
570.000000	90.088	177.2908
580.000000	90.036	178.0125
590.000000	89.994	178.7427
600.000000	89.940	179.4495
608.000000	89.912	-179.9417
615.000000	89.887	-179.4111
622.000000	89.863	-178.8918
630.000000	89.829	-178.3470
640.000000	89.796	-177.5817
650.000000	89.763	-176.8403
660.000000	89.740	-176.0504
670.000000	89.702	-175.3267
680.000000	89.679	-174.6217
690.000000	89.650	-173.8844
700.000000	89.633	-173.0764
710.000000	89.609	-172.2986
720.000000	89.594	-171.5865
730.000000	89.573	-170.7847
740.000000	89.566	-170.0404
750.000000	89.553	-169.2184
762.000000	89.543	-168.3083
775.000000	89.535	-167.3129
788.000000	89.538	-166.2834
800.000000	89.531	-165.3805
812.000000	89.543	-164.4282
825.000000	89.554	-163.4158
838.000000	89.562	-162.3984
850.000000	89.582	-161.4598
862.000000	89.605	-160.5447
875.000000	89.632	-159.4739
885.000000	89.652	-158.7367
900.000000	89.698	-157.5695
912.000000	89.743	-156.7061
925.000000	89.792	-155.7305
938.000000	89.844	-154.7835
950.000000	89.899	-153.9091
962.000000	89.959	-153.0913
975.000000	90.019	-152.1765
988.000000	90.088	-151.2902
1000.000000	90.160	-150.5188
1015.000000	90.256	-149.5743
1030.000000	90.352	-148.6910
1044.000000	90.448	-147.8779
1060.000000	90.562	-147.0017
1075.000000	90.669	-146.2298
1090.000000	90.773	-145.5140
1106.000000	90.898	-144.8182
1120.000000	90.998	-144.2347
1138.000000	91.138	-143.5459
1150.000000	91.223	-143.1057
1172.000000	91.384	-142.4110
1180.000000	91.440	-142.1541
1206.000000	91.621	-141.4928
1220.000000	91.714	-141.1473
1241.000000	91.851	-140.6656
1250.000000	91.907	-140.4905
1265.000000	92.000	-140.1882
1280.000000	92.088	-139.8990
1315.000000	92.283	-139.3270
1320.000000	92.312	-139.2916
1340.000000	92.415	-138.9319
1360.000000	92.517	-138.6575
1380.000000	92.608	-138.3718
1400.000000	92.698	-138.0489
1430.000000	92.829	-137.6158
1450.000000	92.911	-137.3101
1475.000000	93.007	-136.9204
1500.000000	93.108	-136.5059
1525.000000	93.203	-136.1404
1550.000000	93.301	-135.7392
1575.000000	93.393	-135.3267
1600.000000	93.489	-134.9210
1625.000000	93.579	-134.4849
1650.000000	93.672	-134.0224
1675.000000	93.767	-133.5538
1700.000000	93.864	-133.0595
1725.000000	93.963	-132.4941
1750.000000	94.068	-131.9396
1775.000000	94.193	-131.3571
1800.000000	94.332	-130.8175
1825.000000	94.483	-130.3804
1850.000000	94.635	-130.0868
1875.000000	94.779	-129.8854
1900.000000	94.915	-129.6953
1925.000000	95.048	-129.5098
1950.000000	95.175	-129.3646
1975.000000	95.304	-129.1710
2000.000000	95.436	-129.0072
2030.000000	95.604	-128.8308
2060.000000	95.781	-128.7717
2090.000000	95.957	-128.8719
2120.000000	96.121	-129.0895
2140.000000	96.222	-129.2781
2180.000000	96.397	-129.6853
2200.000000	96.471	-129.8707
2240.000000	96.611	-130.2638
2270.000000	96.701	-130.5165
2300.000000	96.784	-130.6901
2330.000000	96.857	-130.8832
2360.000000	96.927	-130.9766
2400.000000	97.010	-130.9445
2430.000000	97.066	-130.7953
2470.000000	97.169	-130.2494
2500.000000	97.285	-129.6396
2540.000000	97.535	-128.8633
2580.000000	97.881	-128.6373
2620.000000	98.235	-129.2441
2650.000000	98.466	-130.1375
2690.000000	98.702	-131.5449
2720.000000	98.836	-132.6247
2760.000000	98.977	-134.1034
2800.000000	99.081	-135.4621
2850.000000	99.176	-137.0897
2900.000000	99.241	-138.6446
2950.000000	99.277	-140.0861
3000.000000	99.290	-141.3918
3040.000000	99.290	-142.4007
3070.000000	99.284	-143.0862
3110.000000	99.265	-143.9385
3150.000000	99.240	-144.7308
3200.000000	99.204	-145.6096
3250.000000	99.159	-146.3578
3300.000000	99.116	-146.9668
3350.000000	99.079	-147.4457
3400.000000	99.063	-147.8513
3450.000000	99.066	-148.2752
3500.000000	99.078	-148.7943
3550.000000	99.087	-149.3770
3600.000000	99.095	-150.0265
3650.000000	99.088	-150.6980
3700.000000	99.080	-151.3882
3750.000000	99.065	-152.1070
3820.000000	99.027	-153.1008
3870.000000	98.989	-153.8168
3950.000000	98.920	-154.9004
4000.000000	98.867	-155.5540
4060.000000	98.798	-156.3260
4120.000000	98.721	-157.0464
4180.000000	98.642	-157.7363
4250.000000	98.542	-158.5015
4310.000000	98.456	-159.1273
4370.000000	98.365	-159.7565
4440.000000	98.253	-160.4894
4500.000000	98.149	-161.0937
4550.000000	98.055	-161.6189
4620.000000	97.919	-162.2813
4680.000000	97.794	-162.8132
4750.000000	97.637	-163.3599
4820.000000	97.478	-163.9020
4870.000000	97.356	-164.2035
4940.000000	97.182	-164.6046
5000.000000	97.032	-164.8831
5080.000000	96.824	-165.1601
5150.000000	96.642	-165.3462
5220.000000	96.457	-165.4625
5300.000000	96.247	-165.4932
5380.000000	96.036	-165.4219
5450.000000	95.855	-165.2644
5520.000000	95.678	-165.0783
5600.000000	95.480	-164.7631
5700.000000	95.238	-164.2310
5800.000000	95.007	-163.5543
5900.000000	94.797	-162.7407
6000.000000	94.607	-161.8105
6080.000000	94.476	-160.9583
6150.000000	94.375	-160.1570
6220.000000	94.289	-159.3756
6300.000000	94.211	-158.4237
6400.000000	94.144	-157.1972
6500.000000	94.112	-155.9875
6600.000000	94.125	-154.7590
6700.000000	94.175	-153.6143
6800.000000	94.269	-152.5156
6900.000000	94.403	-151.5485
7000.000000	94.596	-150.7378
7100.000000	94.842	-150.1120
7200.000000	95.155	-149.8346
7300.000000	95.531	-149.9936
7400.000000	95.954	-150.7133
7500.000000	96.426	-152.1658
7620.000000	97.035	-155.0851
7750.000000	97.685	-160.0442
7880.000000	98.214	-167.1424
8000.000000	98.442	-175.4884
8120.000000	98.298	175.3754
8250.000000	97.718	165.8296
8380.000000	96.811	157.8489
8500.000000	95.817	152.0066
8620.000000	94.745	147.5605
8750.000000	93.538	144.2701
8850.000000	92.662	142.7278
9000.000000	91.376	141.4384
9120.000000	90.437	141.3197
9250.000000	89.497	141.6964
9380.000000	88.638	142.5474
9500.000000	87.914	143.5642
9620.000000	87.254	144.9957
9750.000000	86.595	146.4561
9880.000000	86.012	148.3289
10000.000000	85.521	150.1785
10150.000000	84.847	151.7380
10300.000000	84.567	154.9534
10440.000000	84.218	157.2556
10600.000000	83.972	159.7242
10750.000000	83.828	161.9850
10900.000000	83.771	163.9520
11060.000000	83.786	165.8431
11200.000000	83.921	166.8788
11380.000000	84.291	167.5793
11500.000000	84.710	167.1229
11720.000000	86.241	158.2054
11800.000000	87.022	142.5342
12060.000000	80.788	-179.3797
12200.000000	83.105	179.8074
12410.000000	84.847	176.5251
12500.000000	85.464	175.0218
12650.000000	86.460	171.9153
12800.000000	87.517	167.6633
13150.000000	90.103	152.1906
13200.000000	90.469	149.0952
13400.000000	91.832	133.9414
13600.000000	92.701	115.0700
13800.000000	92.847	94.6669
14000.000000	92.382	75.6277
14300.000000	91.348	51.9202
14500.000000	90.825	37.9019
14750.000000	90.523	20.4633
15000.000000	90.619	1.0681
15250.000000	90.969	-21.8356
15500.000000	91.320	-50.8605
15750.000000	91.094	-85.8981
16000.000000	89.834	-123.4993
16250.000000	87.764	-159.9892
16500.000000	85.150	164.9532
16750.000000	82.068	131.1509
17000.000000	78.502	100.0378
17250.000000	74.560	72.3871
17500.000000	70.415	49.5471
17750.000000	66.765	30.9714
18000.000000	63.777	20.3746
18250.000000	62.022	4.4493
18500.000000	61.999	-15.6636
18750.000000	61.982	-45.6689
19000.000000	62.652	-87.5209
19250.000000	62.672	-139.1764
19500.000000	62.389	156.7997
19750.000000	61.177	82.8579
