* Measurement data measured by REW V5.31.3
* Source: USB-C to 3.5mm Headphone Jack Adapter, USB-C to 3.5mm Headphone Jack Adapter, 0, volume: 0.138
* Format: 256k Log Swept Sine, 1 sweep at -12.0 dBFS with no timing reference
* Dated: Sep 25, 2025 8:43:34 PM
* REW Settings:
*  C-weighting compensation: Off
*  Target level: 75.0 dB
* Note: ; 
* Measurement: ref R
* Smoothing: None
* Frequency Step: 1/48 octave
* Start Frequency: 20.300 Hz
*
* Freq(Hz)	SPL(dB)	Phase(degrees)
20.299999	96.390	-156.4320
20.600000	96.412	-156.8459
20.900000	96.427	-157.2587
21.200001	96.439	-157.7257
21.400000	96.444	-158.0680
21.799999	96.449	-158.7914
22.000000	96.450	-159.1516
22.400000	96.452	-159.8294
22.700001	96.459	-160.2825
23.000000	96.473	-160.6967
23.299999	96.491	-161.0926
23.600000	96.511	-161.4906
24.000000	96.531	-162.0362
24.299999	96.536	-162.4429
24.700001	96.530	-162.9516
25.000000	96.522	-163.2996
25.400000	96.514	-163.7386
25.799999	96.514	-164.1946
26.200001	96.517	-164.6933
26.500000	96.519	-165.0806
26.900000	96.515	-165.5665
27.200001	96.509	-165.8819
27.600000	96.503	-166.2369
28.000000	96.501	-166.5592
28.500000	96.501	-167.0014
29.000000	96.497	-167.5162
29.500000	96.489	-168.0525
30.000000	96.487	-168.5639
30.400000	96.494	-168.9622
30.700001	96.502	-169.2633
31.100000	96.511	-169.6655
31.500000	96.515	-170.0494
32.000000	96.511	-170.4785
32.500000	96.502	-170.8622
33.000000	96.494	-171.2452
33.500000	96.486	-171.6528
34.000000	96.478	-172.0715
34.500000	96.472	-172.4761
35.000000	96.467	-172.8551
35.500000	96.464	-173.2164
36.000000	96.461	-173.5807
36.500000	96.458	-173.9625
37.000000	96.449	-174.3451
37.500000	96.438	-174.6852
38.200001	96.430	-175.0566
38.700001	96.434	-175.3041
39.500000	96.435	-175.8018
40.000000	96.421	-176.1558
40.599998	96.393	-176.5660
41.200001	96.365	-176.9635
41.799999	96.343	-177.3716
42.500000	96.327	-177.8543
43.099998	96.320	-178.2587
43.700001	96.316	-178.6373
44.400002	96.308	-179.0155
45.000000	96.301	-179.3052
45.500000	96.294	-179.5525
46.200001	96.276	-179.8912
46.799999	96.263	179.8599
47.500000	96.253	179.5750
48.200001	96.235	179.2587
48.700001	96.212	179.0476
49.400002	96.182	178.7554
50.000000	96.162	178.4327
50.799999	96.135	178.0045
51.500000	96.127	177.8138
52.200001	96.140	177.6483
53.000000	96.127	177.2994
53.799999	96.074	177.0148
54.500000	96.055	176.8015
55.200001	96.056	176.4188
56.000000	96.032	175.9679
57.000000	95.992	175.6653
58.000000	95.972	175.2322
59.000000	95.968	174.8968
60.000000	95.988	174.6860
60.799999	95.958	174.4241
61.500000	95.899	174.2348
62.200001	95.852	174.0497
63.000000	95.826	173.7076
64.000000	95.792	173.2715
65.000000	95.763	173.0009
66.000000	95.742	172.6704
67.000000	95.715	172.3801
68.000000	95.682	172.1246
69.000000	95.638	171.8816
70.000000	95.621	171.6043
71.000000	95.616	171.2816
72.000000	95.596	171.0145
73.000000	95.547	170.7898
74.000000	95.507	170.6044
75.000000	95.483	170.2398
76.199997	95.430	169.9517
77.500000	95.404	169.7755
78.800003	95.354	169.4176
80.000000	95.325	169.1418
81.199997	95.288	168.7646
82.500000	95.236	168.6641
83.800003	95.203	168.4406
85.000000	95.161	168.2099
86.199997	95.133	168.0003
87.500000	95.089	167.6958
88.500000	95.059	167.5364
90.000000	95.004	167.3100
91.199997	94.969	167.1406
92.500000	94.928	166.8896
93.800003	94.895	166.7243
95.000000	94.852	166.5565
96.199997	94.809	166.3596
97.500000	94.765	166.1903
98.800003	94.735	166.0196
100.000000	94.697	165.8919
101.500000	94.650	165.6844
103.000000	94.603	165.5480
104.400002	94.566	165.3706
106.000000	94.512	165.1917
107.500000	94.478	164.9962
109.000000	94.425	164.8952
110.599998	94.382	164.7036
112.000000	94.333	164.5436
113.800003	94.280	164.4117
115.000000	94.251	164.3282
117.199997	94.178	164.1234
118.000000	94.157	164.0601
120.599998	94.100	163.9171
122.000000	94.034	163.7987
124.099998	93.974	163.6222
125.000000	93.944	163.6088
126.500000	93.906	163.4988
128.000000	93.857	163.4102
131.500000	93.751	163.2626
132.000000	93.736	163.2470
134.000000	93.676	163.1247
136.000000	93.622	163.0754
138.000000	93.561	163.0423
140.000000	93.501	163.0025
143.000000	93.426	162.9841
145.000000	93.369	162.9915
147.500000	93.303	162.9656
150.000000	93.248	163.0125
152.500000	93.164	163.0125
155.000000	93.111	162.9922
157.500000	93.039	163.0198
160.000000	92.979	163.0634
162.500000	92.911	163.0980
165.000000	92.841	163.2467
167.500000	92.769	163.3798
170.000000	92.715	163.6470
172.500000	92.663	163.9644
175.000000	92.655	164.2429
177.500000	92.644	164.3809
180.000000	92.704	164.8450
182.500000	92.635	164.3750
185.000000	92.612	164.2582
187.500000	92.569	164.0928
190.000000	92.528	164.0299
192.500000	92.471	163.9496
195.000000	92.427	163.9076
197.500000	92.380	163.8835
200.000000	92.325	163.9459
203.000000	92.264	163.9615
206.000000	92.210	164.0069
209.000000	92.151	164.0623
212.000000	92.093	164.1554
214.000000	92.050	164.2190
218.000000	91.987	164.3193
220.000000	91.953	164.4365
224.000000	91.880	164.4987
227.000000	91.821	164.6366
230.000000	91.781	164.7672
233.000000	91.729	164.8811
236.000000	91.686	165.0337
240.000000	91.606	165.2069
243.000000	91.572	165.3320
247.000000	91.510	165.5216
250.000000	91.466	165.6721
254.000000	91.410	165.9002
258.000000	91.354	166.0447
262.000000	91.299	166.2559
265.000000	91.260	166.4495
269.000000	91.203	166.6709
272.000000	91.163	166.7787
276.000000	91.114	167.0136
280.000000	91.067	167.2677
285.000000	91.004	167.5214
290.000000	90.942	167.8677
295.000000	90.892	168.1506
300.000000	90.831	168.4423
304.000000	90.785	168.6609
307.000000	90.755	168.8254
311.000000	90.718	169.0552
315.000000	90.676	169.3495
320.000000	90.626	169.6268
325.000000	90.578	169.9318
330.000000	90.529	170.2248
335.000000	90.467	170.4462
340.000000	90.429	170.8674
345.000000	90.384	171.1312
350.000000	90.341	171.4247
355.000000	90.312	171.8404
360.000000	90.270	172.0341
365.000000	90.224	172.4041
370.000000	90.173	172.6820
375.000000	90.146	173.0617
382.000000	90.091	173.4707
387.000000	90.056	173.7651
395.000000	89.998	174.3608
400.000000	89.967	174.6396
406.000000	89.930	174.9931
412.000000	89.881	175.4503
418.000000	89.849	175.8463
425.000000	89.806	176.3442
431.000000	89.770	176.7184
437.000000	89.738	177.1235
444.000000	89.687	177.5655
450.000000	89.655	177.9892
455.000000	89.634	178.2899
462.000000	89.600	178.7755
468.000000	89.571	179.1460
475.000000	89.533	179.6536
482.000000	89.499	-179.9157
487.000000	89.482	-179.5587
494.000000	89.446	-179.0923
500.000000	89.423	-178.6461
508.000000	89.391	-178.1331
515.000000	89.366	-177.6405
522.000000	89.340	-177.1781
530.000000	89.318	-176.5799
538.000000	89.286	-176.0446
545.000000	89.267	-175.5482
552.000000	89.252	-175.0518
560.000000	89.227	-174.4988
570.000000	89.201	-173.8192
580.000000	89.182	-173.1418
590.000000	89.169	-172.4770
600.000000	89.147	-171.8108
608.000000	89.140	-171.2737
615.000000	89.125	-170.7993
622.000000	89.115	-170.3708
630.000000	89.100	-169.8526
640.000000	89.093	-169.2249
650.000000	89.078	-168.5675
660.000000	89.060	-167.8210
670.000000	89.054	-167.2619
680.000000	89.040	-166.6248
690.000000	89.030	-165.8986
700.000000	89.022	-165.2476
710.000000	89.012	-164.5730
720.000000	89.007	-163.8363
730.000000	89.005	-163.2186
740.000000	89.005	-162.5021
750.000000	89.007	-161.7652
762.000000	89.008	-160.9348
775.000000	89.018	-160.0110
788.000000	89.025	-159.0795
800.000000	89.039	-158.2581
812.000000	89.055	-157.3448
825.000000	89.076	-156.4310
838.000000	89.108	-155.5070
850.000000	89.139	-154.5993
862.000000	89.165	-153.7582
875.000000	89.212	-152.7945
885.000000	89.244	-152.0823
900.000000	89.295	-151.0530
912.000000	89.350	-150.1701
925.000000	89.404	-149.2479
938.000000	89.467	-148.3627
950.000000	89.536	-147.5882
962.000000	89.598	-146.7859
975.000000	89.682	-145.9379
988.000000	89.769	-145.1015
1000.000000	89.842	-144.3675
1015.000000	89.942	-143.5223
1030.000000	90.050	-142.6989
1044.000000	90.162	-141.9593
1060.000000	90.280	-141.1712
1075.000000	90.396	-140.4645
1090.000000	90.519	-139.8108
1106.000000	90.652	-139.1729
1120.000000	90.762	-138.6803
1138.000000	90.910	-138.0556
1150.000000	91.006	-137.7209
1172.000000	91.183	-137.1057
1180.000000	91.241	-136.8971
1206.000000	91.439	-136.2892
1220.000000	91.541	-136.0692
1241.000000	91.688	-135.6633
1250.000000	91.750	-135.5229
1265.000000	91.852	-135.3052
1280.000000	91.947	-135.0832
1315.000000	92.164	-134.6465
1320.000000	92.192	-134.6015
1340.000000	92.305	-134.3696
1360.000000	92.415	-134.1483
1380.000000	92.511	-133.9349
1400.000000	92.615	-133.7209
1430.000000	92.756	-133.3867
1450.000000	92.851	-133.1960
1475.000000	92.965	-132.9025
1500.000000	93.068	-132.5956
1525.000000	93.180	-132.3275
1550.000000	93.287	-132.0314
1575.000000	93.396	-131.7197
1600.000000	93.499	-131.3868
1625.000000	93.608	-131.0785
1650.000000	93.714	-130.7420
1675.000000	93.821	-130.4113
1700.000000	93.935	-130.0971
1725.000000	94.044	-129.7730
1750.000000	94.160	-129.4767
1775.000000	94.275	-129.1576
1800.000000	94.398	-128.8744
1825.000000	94.521	-128.5808
1850.000000	94.646	-128.3153
1875.000000	94.772	-128.0685
1900.000000	94.905	-127.8657
1925.000000	95.041	-127.6633
1950.000000	95.176	-127.5499
1975.000000	95.313	-127.4434
2000.000000	95.451	-127.3791
2030.000000	95.618	-127.3770
2060.000000	95.780	-127.4573
2090.000000	95.934	-127.5928
2120.000000	96.077	-127.7691
2140.000000	96.170	-127.9092
2180.000000	96.346	-128.2124
2200.000000	96.428	-128.3455
2240.000000	96.585	-128.6691
2270.000000	96.696	-128.8807
2300.000000	96.801	-129.0978
2330.000000	96.901	-129.2958
2360.000000	96.992	-129.4863
2400.000000	97.112	-129.5697
2430.000000	97.204	-129.5799
2470.000000	97.340	-129.4106
2500.000000	97.469	-129.1931
2540.000000	97.695	-128.8953
2580.000000	97.980	-128.8937
2620.000000	98.296	-129.4384
2650.000000	98.518	-130.2352
2690.000000	98.772	-131.6365
2720.000000	98.922	-132.8130
2760.000000	99.071	-134.4370
2800.000000	99.179	-136.0181
2850.000000	99.266	-137.8896
2900.000000	99.318	-139.6053
2950.000000	99.345	-141.2080
3000.000000	99.352	-142.6999
3040.000000	99.344	-143.8188
3070.000000	99.332	-144.6313
3110.000000	99.304	-145.6375
3150.000000	99.270	-146.5714
3200.000000	99.214	-147.6196
3250.000000	99.147	-148.5101
3300.000000	99.087	-149.2423
3350.000000	99.041	-149.8457
3400.000000	99.012	-150.4040
3450.000000	99.001	-150.9935
3500.000000	98.994	-151.7050
3550.000000	98.980	-152.4854
3600.000000	98.957	-153.3337
3650.000000	98.919	-154.1732
3700.000000	98.875	-155.0114
3750.000000	98.817	-155.8419
3820.000000	98.725	-156.9615
3870.000000	98.651	-157.7241
3950.000000	98.523	-158.9096
4000.000000	98.431	-159.6247
4060.000000	98.311	-160.4182
4120.000000	98.186	-161.1785
4180.000000	98.048	-161.9086
4250.000000	97.885	-162.6754
4310.000000	97.730	-163.2839
4370.000000	97.569	-163.8122
4440.000000	97.370	-164.3520
4500.000000	97.201	-164.7119
4550.000000	97.052	-164.9589
4620.000000	96.848	-165.2296
4680.000000	96.669	-165.3853
4750.000000	96.461	-165.4415
4820.000000	96.255	-165.4351
4870.000000	96.108	-165.4106
4940.000000	95.902	-165.2498
5000.000000	95.729	-165.0537
5080.000000	95.496	-164.7184
5150.000000	95.300	-164.3020
5220.000000	95.110	-163.8405
5300.000000	94.897	-163.1389
5380.000000	94.699	-162.3722
5450.000000	94.534	-161.6384
5520.000000	94.382	-160.8207
5600.000000	94.218	-159.7928
5700.000000	94.041	-158.4302
5800.000000	93.901	-156.9615
5900.000000	93.785	-155.4539
6000.000000	93.700	-153.8936
6080.000000	93.654	-152.6637
6150.000000	93.638	-151.5340
6220.000000	93.641	-150.4356
6300.000000	93.657	-149.1820
6400.000000	93.727	-147.6897
6500.000000	93.828	-146.2681
6600.000000	93.966	-145.0022
6700.000000	94.152	-143.9151
6800.000000	94.374	-142.9597
6900.000000	94.643	-142.2379
7000.000000	94.951	-141.8688
7100.000000	95.293	-141.7066
7200.000000	95.687	-141.9495
7300.000000	96.122	-142.7467
7400.000000	96.580	-144.1167
7500.000000	97.057	-146.1773
7620.000000	97.631	-149.6832
7750.000000	98.202	-154.9909
7880.000000	98.626	-161.9176
8000.000000	98.795	-169.4536
8120.000000	98.681	-177.5277
8250.000000	98.247	174.0284
8380.000000	97.558	166.5605
8500.000000	96.794	160.6757
8620.000000	95.921	155.7810
8750.000000	94.907	151.6306
8850.000000	94.116	149.3099
9000.000000	92.957	146.9335
9120.000000	92.070	145.8452
9250.000000	91.169	145.3420
9380.000000	90.339	145.4189
9500.000000	89.624	145.7379
9620.000000	88.986	146.2993
9750.000000	88.339	147.1968
9880.000000	87.767	148.2321
10000.000000	87.259	149.2076
10150.000000	86.728	150.5753
10300.000000	86.274	152.1558
10440.000000	85.892	153.4733
10600.000000	85.529	155.0774
10750.000000	85.301	156.3530
10900.000000	85.149	157.5261
11060.000000	85.122	158.4693
11200.000000	85.288	158.4917
11380.000000	86.013	154.3775
11500.000000	86.935	131.4474
11720.000000	81.623	171.8524
11800.000000	82.681	171.6891
12060.000000	84.054	171.0895
12200.000000	84.593	170.4864
12410.000000	85.391	169.4492
12500.000000	85.767	168.5936
12650.000000	86.439	166.8938
12800.000000	87.219	164.4714
13150.000000	89.342	155.2238
13200.000000	89.693	153.4067
13400.000000	91.163	143.7504
13600.000000	92.634	130.2137
13800.000000	93.831	112.0758
14000.000000	94.333	90.7002
14300.000000	93.754	60.0875
14500.000000	92.981	42.6823
14750.000000	92.120	23.6899
15000.000000	91.561	5.4225
15250.000000	91.450	-13.9138
15500.000000	91.603	-36.9383
15750.000000	91.691	-65.5426
16000.000000	91.109	-99.2474
16250.000000	89.480	-133.8353
16500.000000	87.183	-164.9329
16750.000000	84.833	167.2429
17000.000000	82.597	141.9277
17250.000000	80.694	116.6509
17500.000000	79.049	90.2896
17750.000000	77.635	62.7549
18000.000000	76.468	32.4897
18250.000000	75.559	-1.5741
18500.000000	74.639	-39.9856
18750.000000	73.847	-84.3383
19000.000000	73.022	-136.2729
19250.000000	71.959	163.1433
19500.000000	70.170	89.8501
19750.000000	67.485	6.7797
