* Measurement data measured by REW V5.20
* Source: USB-C to 3.5mm Headphone Jack Adapter, USB-C to 3.5mm Headphone Jack Adapter, 0, volume: 0.138
* Format: 256k Log Swept Sine, 1 sweep at -12.0 dBFS with no timing reference
* Dated: Mar 15, 2024 5:41:43 PM
* REW Settings:
*  C-weighting compensation: Off
*  Target level: 75.0 dB
* Note: ; 
* Measurement: reference L
* Smoothing: None
* Frequency Step: 1/48 octave
* Start Frequency: 20.300 Hz
*
* Freq(Hz)	SPL(dB)	Phase(degrees)
20.299999	97.003983	163.2077
20.600000	96.922096	162.7429
20.900000	96.832367	162.3883
21.200001	96.742790	162.0837
21.400000	96.685349	161.8943
21.799999	96.576881	161.5070
22.000000	96.524979	161.2958
22.400000	96.422142	160.8326
22.700001	96.342773	160.4664
23.000000	96.261200	160.1121
23.299999	96.179626	159.7935
23.600000	96.101723	159.5218
24.000000	96.009323	159.2165
24.299999	95.949127	158.9986
24.700001	95.875275	158.6784
25.000000	95.817535	158.4085
25.400000	95.728958	158.0368
25.799999	95.625336	157.7148
26.200001	95.515495	157.4921
26.500000	95.437675	157.3879
26.900000	95.349228	157.2826
27.200001	95.296295	157.1866
27.600000	95.238762	156.9931
28.000000	95.187027	156.7272
28.500000	95.117958	156.3673
29.000000	95.040489	156.0813
29.500000	94.959831	155.9036
30.000000	94.880791	155.7859
30.400000	94.818672	155.6918
30.700001	94.772018	155.6084
31.100000	94.709274	155.4792
31.500000	94.646515	155.3395
32.000000	94.570236	155.1709
32.500000	94.499001	155.0212
33.000000	94.433556	154.8760
33.500000	94.370529	154.7063
34.000000	94.303650	154.5053
34.500000	94.230652	154.3101
35.000000	94.158585	154.1664
35.500000	94.097763	154.0688
36.000000	94.049248	153.9597
36.500000	94.001457	153.8063
37.000000	93.942245	153.6538
37.500000	93.872635	153.5703
38.200001	93.781250	153.5375
38.700001	93.727654	153.4507
39.500000	93.640274	153.1185
40.000000	93.577850	152.9146
40.599998	93.506157	152.7811
41.200001	93.442368	152.7111
41.799999	93.372536	152.6278
42.500000	93.272766	152.5434
43.099998	93.191826	152.5070
43.700001	93.136421	152.4223
44.400002	93.094696	152.1978
45.000000	93.056038	151.9966
45.500000	93.013931	151.8937
46.200001	92.938049	151.8188
46.799999	92.857803	151.7476
47.500000	92.759590	151.6543
48.200001	92.680428	151.5876
48.700001	92.637253	151.5555
49.400002	92.575272	151.5462
50.000000	92.509468	151.5989
50.799999	92.423248	151.6902
51.500000	92.374771	151.5886
52.200001	92.332787	151.2431
53.000000	92.244766	150.9491
53.799999	92.141541	151.1418
54.500000	92.079323	151.3742
55.200001	92.021423	151.3814
56.000000	91.947876	151.3392
57.000000	91.859451	151.3261
58.000000	91.754639	151.4295
59.000000	91.726311	151.2135
60.000000	91.635834	150.5967
60.799999	91.526787	151.0198
61.500000	91.497490	151.5753
62.200001	91.462250	151.6503
63.000000	91.369011	151.5681
64.000000	91.287422	151.5957
65.000000	91.216431	151.6009
66.000000	91.140846	151.8175
67.000000	91.074799	151.9064
68.000000	91.008240	152.0018
69.000000	90.942741	152.0722
70.000000	90.867081	152.2074
71.000000	90.809334	152.3278
72.000000	90.741104	152.4345
73.000000	90.680626	152.6152
74.000000	90.626656	152.6783
75.000000	90.567413	152.8249
76.199997	90.512444	153.0482
77.500000	90.438499	153.2234
78.800003	90.367119	153.4694
80.000000	90.302658	153.6778
81.199997	90.231110	153.8287
82.500000	90.176552	154.0783
83.800003	90.135811	154.2515
85.000000	90.080719	154.4807
86.199997	90.033203	154.6762
87.500000	89.983269	154.9618
88.500000	89.953072	155.1758
90.000000	89.886871	155.3818
91.199997	89.853645	155.5439
92.500000	89.818161	155.8826
93.800003	89.771164	156.0634
95.000000	89.718613	156.2202
96.199997	89.701561	156.4096
97.500000	89.665657	156.6375
98.800003	89.634529	156.8998
100.000000	89.608017	157.0680
101.500000	89.572037	157.2734
103.000000	89.547234	157.5079
104.400002	89.511948	157.7744
106.000000	89.504440	157.8988
107.500000	89.457748	158.2138
109.000000	89.430099	158.4144
110.599998	89.409485	158.6474
112.000000	89.397865	158.8569
113.800003	89.379631	158.9711
115.000000	89.360596	159.1220
117.199997	89.349182	159.3925
118.000000	89.344757	159.4641
120.599998	89.322098	159.6238
122.000000	89.310905	159.7841
124.099998	89.309479	159.9007
125.000000	89.307236	160.0015
126.500000	89.277557	160.1786
128.000000	89.275444	160.1386
131.500000	89.257462	160.3555
132.000000	89.253571	160.3445
134.000000	89.245865	160.4560
136.000000	89.215042	160.4405
138.000000	89.227783	160.4557
140.000000	89.199699	160.5009
143.000000	89.176857	160.4993
145.000000	89.156471	160.4455
147.500000	89.145432	160.5162
150.000000	89.118141	160.4995
152.500000	89.081924	160.3835
155.000000	89.066360	160.4377
157.500000	89.033455	160.2717
160.000000	89.009880	160.2219
162.500000	88.958023	160.2745
165.000000	88.930977	160.1835
167.500000	88.889328	160.2102
170.000000	88.852837	160.2886
172.500000	88.810120	160.2930
175.000000	88.775795	160.3730
177.500000	88.726952	160.5157
180.000000	88.710800	160.5198
182.500000	88.642822	160.8592
185.000000	88.611191	160.9401
187.500000	88.559853	161.1059
190.000000	88.514145	161.1646
192.500000	88.461876	161.3704
195.000000	88.412735	161.5140
197.500000	88.376930	161.7897
200.000000	88.347481	161.8035
203.000000	88.294441	162.2717
206.000000	88.237450	162.5662
209.000000	88.190926	162.8422
212.000000	88.156128	162.9169
214.000000	88.119751	163.3545
218.000000	88.057327	163.7859
220.000000	88.027504	164.0496
224.000000	87.972717	164.4185
227.000000	87.920074	164.7351
230.000000	87.878510	165.2092
233.000000	87.858414	165.5493
236.000000	87.817902	165.9642
240.000000	87.819611	166.6885
243.000000	87.745979	166.8339
247.000000	87.716759	167.3444
250.000000	87.673149	167.8332
254.000000	87.655266	168.3433
258.000000	87.623581	169.0513
262.000000	87.569916	169.5667
265.000000	87.552124	170.3653
269.000000	87.537498	170.6554
272.000000	87.510757	171.3918
276.000000	87.554306	172.3271
280.000000	87.584229	173.0836
285.000000	87.673203	173.4900
290.000000	87.689430	173.8621
295.000000	87.695541	174.1626
300.000000	87.659851	174.4507
304.000000	87.697891	174.8064
307.000000	87.690178	175.1590
311.000000	87.724533	175.5221
315.000000	87.719429	175.8408
320.000000	87.710060	176.4082
325.000000	87.707649	176.7493
330.000000	87.726311	177.3138
335.000000	87.708549	177.8236
340.000000	87.729630	178.3909
345.000000	87.736946	178.8313
350.000000	87.762756	179.3984
355.000000	87.752151	179.6755
360.000000	87.811745	179.7231
365.000000	87.769867	-179.3953
370.000000	87.780777	-178.6935
375.000000	87.800293	-178.3185
382.000000	87.816826	-177.6414
387.000000	87.831375	-177.2570
395.000000	87.841660	-176.5293
400.000000	87.878532	-176.1358
406.000000	87.908173	-175.6331
412.000000	87.939011	-175.1844
418.000000	87.954491	-174.6925
425.000000	87.979774	-174.1405
431.000000	88.002197	-173.7059
437.000000	88.036194	-173.3775
444.000000	88.050293	-172.8710
450.000000	88.069946	-172.7175
455.000000	88.081734	-172.4370
462.000000	88.097404	-172.1019
468.000000	88.094543	-172.0725
475.000000	88.119606	-171.8883
482.000000	88.150917	-171.5201
487.000000	88.170105	-171.4710
494.000000	88.173485	-171.3886
500.000000	88.207848	-171.3037
508.000000	88.185028	-171.0955
515.000000	88.233986	-170.9081
522.000000	88.241417	-170.7828
530.000000	88.272514	-170.4581
538.000000	88.286133	-170.4588
545.000000	88.315971	-170.1539
552.000000	88.286743	-170.2638
560.000000	88.314911	-170.1913
570.000000	88.325066	-169.8716
580.000000	88.328705	-169.7195
590.000000	88.344589	-169.7439
600.000000	88.359283	-169.3672
608.000000	88.328094	-169.2770
615.000000	88.345467	-169.1294
622.000000	88.332993	-169.0932
630.000000	88.360268	-169.0786
640.000000	88.333664	-168.8875
650.000000	88.355278	-168.5829
660.000000	88.335800	-168.1063
670.000000	88.315689	-168.1976
680.000000	88.358505	-168.1413
690.000000	88.329834	-168.0356
700.000000	88.303703	-167.6489
710.000000	88.295631	-167.4420
720.000000	88.268021	-167.1076
730.000000	88.280022	-166.8394
740.000000	88.269943	-166.7257
750.000000	88.241776	-166.1236
762.000000	88.229813	-165.9843
775.000000	88.225433	-165.4550
788.000000	88.227402	-165.0834
800.000000	88.236160	-164.8983
812.000000	88.219070	-164.8310
825.000000	88.222031	-164.4598
838.000000	88.186722	-163.9032
850.000000	88.176720	-163.6935
862.000000	88.195503	-163.2020
875.000000	88.123978	-162.8786
885.000000	88.169006	-162.3018
900.000000	88.135880	-161.6851
912.000000	88.122490	-161.3881
925.000000	88.119423	-161.0212
938.000000	88.181885	-160.3694
950.000000	88.153969	-159.6349
962.000000	88.168480	-159.5227
975.000000	88.160950	-158.9761
988.000000	88.168457	-158.3399
1000.000000	88.164352	-157.7749
1015.000000	88.188828	-157.1072
1030.000000	88.217911	-156.4296
1044.000000	88.228264	-155.6030
1060.000000	88.233719	-154.9429
1075.000000	88.286819	-154.0351
1090.000000	88.353546	-152.9069
1106.000000	88.433502	-152.2420
1120.000000	88.533211	-152.0687
1138.000000	88.633850	-150.8170
1150.000000	88.692467	-150.3362
1172.000000	88.844803	-149.6456
1180.000000	88.907188	-149.3539
1206.000000	89.082024	-149.1105
1220.000000	89.165451	-148.7278
1241.000000	89.285553	-148.4858
1250.000000	89.379951	-148.4037
1265.000000	89.430191	-148.3698
1280.000000	89.482010	-148.0745
1315.000000	89.659203	-147.8979
1320.000000	89.642273	-147.8432
1340.000000	89.716919	-147.8588
1360.000000	89.777069	-147.6525
1380.000000	89.871986	-147.2906
1400.000000	89.937492	-147.2892
1430.000000	90.017883	-146.8431
1450.000000	90.035805	-146.6006
1475.000000	90.115997	-146.4681
1500.000000	90.153427	-145.9131
1525.000000	90.242546	-145.6162
1550.000000	90.320183	-145.3345
1575.000000	90.387833	-145.0323
1600.000000	90.491150	-144.4823
1625.000000	90.546181	-144.1261
1650.000000	90.649643	-143.7906
1675.000000	90.760330	-143.2428
1700.000000	90.854851	-142.8570
1725.000000	90.956207	-142.5855
1750.000000	91.083031	-142.3254
1775.000000	91.180054	-141.9219
1800.000000	91.297264	-141.9120
1825.000000	91.422470	-141.6824
1850.000000	91.556412	-141.6332
1875.000000	91.671753	-141.6273
1900.000000	91.793114	-141.7049
1925.000000	91.897690	-141.6599
1950.000000	92.001198	-141.6684
1975.000000	92.109772	-141.9485
2000.000000	92.226456	-142.0138
2030.000000	92.365555	-142.2706
2060.000000	92.448433	-142.7175
2090.000000	92.515678	-143.3503
2120.000000	92.550392	-143.4708
2140.000000	92.566727	-143.3044
2180.000000	92.679062	-143.1151
2200.000000	92.743347	-143.1201
2240.000000	92.884613	-143.2802
2270.000000	93.022934	-143.2395
2300.000000	93.133301	-143.2816
2330.000000	93.232048	-143.5632
2360.000000	93.354874	-143.9317
2400.000000	93.509102	-144.3002
2430.000000	93.607368	-144.7379
2470.000000	93.753929	-145.3299
2500.000000	93.863731	-145.8027
2540.000000	93.972969	-146.5222
2580.000000	94.083786	-147.3798
2620.000000	94.167892	-148.1495
2650.000000	94.232254	-148.9838
2690.000000	94.322029	-149.7716
2720.000000	94.358582	-150.9138
2760.000000	94.414116	-151.5718
2800.000000	94.448509	-152.4742
2850.000000	94.496452	-153.4006
2900.000000	94.514534	-154.8504
2950.000000	94.510185	-155.9413
3000.000000	94.501968	-157.0073
3040.000000	94.482880	-157.7867
3070.000000	94.467514	-158.5795
3110.000000	94.415024	-159.3007
3150.000000	94.386353	-160.1370
3200.000000	94.356209	-161.5211
3250.000000	94.270805	-161.8456
3300.000000	94.203575	-162.6075
3350.000000	94.147820	-163.4337
3400.000000	94.077011	-164.1779
3450.000000	94.019287	-164.9688
3500.000000	93.947632	-165.6894
3550.000000	93.867363	-166.6150
3600.000000	93.764038	-167.3076
3650.000000	93.669426	-168.1960
3700.000000	93.558273	-169.0606
3750.000000	93.419365	-169.8722
3820.000000	93.213745	-171.0529
3870.000000	93.038193	-171.6533
3950.000000	92.702103	-172.5505
4000.000000	92.415070	-173.2178
4060.000000	92.146317	-172.9547
4120.000000	91.856247	-172.3960
4180.000000	91.563614	-171.7303
4250.000000	91.311996	-170.3097
4310.000000	91.135887	-168.9848
4370.000000	91.048416	-167.6257
4440.000000	90.968330	-166.0987
4500.000000	90.966301	-164.9786
4550.000000	90.953590	-164.1647
4620.000000	90.974861	-163.1821
4680.000000	90.981598	-162.5883
4750.000000	91.053024	-161.6507
4820.000000	91.137856	-161.1452
4870.000000	91.206055	-160.8742
4940.000000	91.305077	-160.8089
5000.000000	91.420303	-160.9776
5080.000000	91.509583	-161.6494
5150.000000	91.563301	-162.5062
5220.000000	91.565750	-163.5656
5300.000000	91.506866	-164.7778
5380.000000	91.380890	-165.9876
5450.000000	91.248055	-166.7961
5520.000000	91.079681	-167.4631
5600.000000	90.885788	-168.0154
5700.000000	90.577499	-168.2280
5800.000000	90.297668	-168.0630
5900.000000	90.048996	-167.3724
6000.000000	89.858994	-166.4439
6080.000000	89.742157	-165.3687
6150.000000	89.681633	-164.5812
6220.000000	89.666756	-163.5432
6300.000000	89.718689	-162.6478
6400.000000	89.872139	-162.2138
6500.000000	90.030556	-162.3630
6600.000000	90.155640	-163.3289
6700.000000	90.183624	-164.7823
6800.000000	90.148743	-166.3463
6900.000000	90.046875	-167.8185
7000.000000	89.875465	-168.9095
7100.000000	89.728226	-169.8066
7200.000000	89.573410	-170.4265
7300.000000	89.434097	-170.9595
7400.000000	89.343353	-171.5930
7500.000000	89.270554	-171.9567
7620.000000	89.289772	-172.9428
7750.000000	89.419647	-175.0560
7880.000000	89.472855	-179.2826
8000.000000	89.174263	175.3055
8120.000000	88.429260	170.4724
8250.000000	87.434578	168.1161
8380.000000	86.578979	167.6906
8500.000000	85.928345	167.9676
8620.000000	85.339348	168.2943
8750.000000	84.738213	168.7693
8850.000000	84.250328	169.6835
9000.000000	83.644829	170.3403
9120.000000	83.175041	171.1933
9250.000000	82.686447	172.3301
9380.000000	82.247086	173.5849
9500.000000	81.831604	174.9596
9620.000000	81.409256	176.4761
9750.000000	81.078575	178.1978
9880.000000	80.793358	179.5953
10000.000000	80.540344	-179.0431
10150.000000	80.310570	-178.0027
10300.000000	79.943161	-177.6851
10440.000000	79.517960	-177.3147
10600.000000	78.739532	-176.4793
10750.000000	77.824234	-173.2195
10900.000000	76.829445	-164.8801
11060.000000	77.033966	-150.4813
11200.000000	78.500809	-141.6581
11380.000000	80.718765	-139.9965
11500.000000	81.986328	-142.7878
11720.000000	83.883041	-152.8004
11800.000000	84.364311	-158.3405
12060.000000	84.943283	-179.7433
12200.000000	84.373528	168.3579
12410.000000	82.635300	155.3187
12500.000000	81.740387	151.8591
12650.000000	80.332314	148.5938
12800.000000	79.016335	148.2070
13150.000000	76.806854	152.0938
13200.000000	76.610275	153.3352
13400.000000	76.024261	158.5587
13600.000000	76.122353	163.9129
13800.000000	76.858688	166.7633
14000.000000	78.183617	167.7025
14300.000000	81.043106	150.7863
14500.000000	80.403748	127.9088
14750.000000	78.336494	117.4718
15000.000000	77.116364	117.7324
15250.000000	76.657822	107.0823
15500.000000	76.455994	101.2039
15750.000000	76.414467	94.4245
16000.000000	76.805603	86.3766
16250.000000	77.345566	75.5464
16500.000000	78.247833	60.8816
16750.000000	79.207031	41.8515
17000.000000	80.102768	17.1066
17250.000000	80.288864	-13.9750
17500.000000	79.549728	-48.0368
17750.000000	45.791611	73.9686
18000.000000	30.450186	95.5640
18250.000000	30.379879	-99.3799
18500.000000	23.881687	-146.0586
18750.000000	32.218544	-173.2012
19000.000000	27.714893	-167.3340
19250.000000	31.080303	0.0566
19500.000000	30.748316	-168.6426
19750.000000	25.028698	-147.0098
