* Measurement data measured by REW V5.31.3
* Source: USB-C to 3.5mm Headphone Jack Adapter, USB-C to 3.5mm Headphone Jack Adapter, 0, volume: 0.138
* Format: 256k Log Swept Sine, 1 sweep at -12.0 dBFS with no timing reference
* Dated: Jul 25, 2025 8:41:08 PM
* REW Settings:
*  C-weighting compensation: Off
*  Target level: 75.0 dB
* Note: ; 
* Measurement: standard R
* Smoothing: None
* Frequency Step: 1/48 octave
* Start Frequency: 20.300 Hz
*
* Freq(Hz)	SPL(dB)	Phase(degrees)
20.299999	106.362	176.5903
20.600000	106.348	175.9191
20.900000	106.323	175.3048
21.200001	106.298	174.7045
21.400000	106.285	174.3151
21.799999	106.269	173.5591
22.000000	106.268	173.1881
22.400000	106.274	172.4489
22.700001	106.282	171.8905
23.000000	106.288	171.3313
23.299999	106.287	170.7788
23.600000	106.280	170.2415
24.000000	106.262	169.5537
24.299999	106.247	169.0512
24.700001	106.227	168.3791
25.000000	106.214	167.8638
25.400000	106.200	167.1661
25.799999	106.186	166.4834
26.200001	106.173	165.8448
26.500000	106.165	165.3988
26.900000	106.154	164.8300
27.200001	106.145	164.4059
27.600000	106.129	163.8281
28.000000	106.107	163.2405
28.500000	106.077	162.5206
29.000000	106.054	161.8302
29.500000	106.043	161.1406
30.000000	106.038	160.4288
30.400000	106.028	159.8643
30.700001	106.016	159.4655
31.100000	105.996	158.9810
31.500000	105.977	158.5361
32.000000	105.958	157.9726
32.500000	105.940	157.3468
33.000000	105.917	156.6835
33.500000	105.888	156.0570
34.000000	105.860	155.5002
34.500000	105.837	154.9714
35.000000	105.814	154.4148
35.500000	105.785	153.8315
36.000000	105.751	153.2651
36.500000	105.724	152.7314
37.000000	105.707	152.1960
37.500000	105.696	151.6269
38.200001	105.671	150.8230
38.700001	105.643	150.3061
39.500000	105.593	149.5685
40.000000	105.562	149.1017
40.599998	105.526	148.5057
41.200001	105.491	147.8770
41.799999	105.456	147.2255
42.500000	105.411	146.4874
43.099998	105.375	145.9187
43.700001	105.348	145.3672
44.400002	105.319	144.6719
45.000000	105.284	144.1050
45.500000	105.249	143.7259
46.200001	105.208	143.2871
46.799999	105.176	142.8676
47.500000	105.131	142.2811
48.200001	105.085	141.6226
48.700001	105.054	141.1054
49.400002	105.005	140.3893
50.000000	104.959	139.9042
50.799999	104.912	139.4170
51.500000	104.881	138.9328
52.200001	104.839	138.3569
53.000000	104.785	137.7004
53.799999	104.733	137.0533
54.500000	104.682	136.5048
55.200001	104.626	136.0094
56.000000	104.573	135.4582
57.000000	104.518	134.6922
58.000000	104.449	133.9732
59.000000	104.371	133.3458
60.000000	104.285	132.6983
60.799999	104.228	132.2498
61.500000	104.198	131.8609
62.200001	104.170	131.4208
63.000000	104.123	130.9240
64.000000	104.058	130.2992
65.000000	103.987	129.6436
66.000000	103.922	129.0936
67.000000	103.857	128.5447
68.000000	103.778	128.0323
69.000000	103.710	127.4926
70.000000	103.643	126.8351
71.000000	103.572	126.1742
72.000000	103.496	125.5799
73.000000	103.414	125.0444
74.000000	103.325	124.4568
75.000000	103.236	123.8112
76.199997	103.152	122.9725
77.500000	103.070	122.2210
78.800003	102.983	121.5647
80.000000	102.888	121.0075
81.199997	102.810	120.2641
82.500000	102.703	119.5005
83.800003	102.623	118.8088
85.000000	102.537	118.1710
86.199997	102.454	117.5934
87.500000	102.371	117.0494
88.500000	102.314	116.6518
90.000000	102.193	115.9901
91.199997	102.093	115.3925
92.500000	102.004	114.8444
93.800003	101.917	114.3168
95.000000	101.834	113.7733
96.199997	101.757	113.1744
97.500000	101.661	112.7017
98.800003	101.570	112.3218
100.000000	101.500	111.7254
101.500000	101.400	111.1095
103.000000	101.309	110.8027
104.400002	101.207	110.3408
106.000000	101.098	109.6906
107.500000	101.038	109.1839
109.000000	100.950	108.7875
110.599998	100.846	108.3353
112.000000	100.762	107.8542
113.800003	100.659	107.2938
115.000000	100.583	106.9272
117.199997	100.458	106.4594
118.000000	100.422	106.2147
120.599998	100.259	105.5596
122.000000	100.210	105.1171
124.099998	100.117	104.7487
125.000000	100.066	104.5379
126.500000	99.981	104.1980
128.000000	99.907	103.8159
131.500000	99.743	103.0231
132.000000	99.720	102.8885
134.000000	99.651	102.3770
136.000000	99.577	102.0360
138.000000	99.508	101.7321
140.000000	99.419	101.3968
143.000000	99.304	100.8504
145.000000	99.235	100.4159
147.500000	99.157	100.0396
150.000000	99.072	99.4932
152.500000	99.017	98.9320
155.000000	98.945	98.5782
157.500000	98.878	98.0749
160.000000	98.807	97.7813
162.500000	98.748	97.2751
165.000000	98.703	96.9066
167.500000	98.644	96.4663
170.000000	98.584	96.0679
172.500000	98.554	95.5797
175.000000	98.505	95.0983
177.500000	98.486	94.8265
180.000000	98.475	93.8312
182.500000	98.458	93.9630
185.000000	98.417	93.4502
187.500000	98.401	92.9352
190.000000	98.379	92.3897
192.500000	98.358	91.7857
195.000000	98.345	91.2232
197.500000	98.326	90.8116
200.000000	98.311	90.2368
203.000000	98.304	89.5188
206.000000	98.273	88.9698
209.000000	98.268	88.3134
212.000000	98.257	87.5598
214.000000	98.242	87.1325
218.000000	98.235	86.1001
220.000000	98.237	85.7514
224.000000	98.236	84.8926
227.000000	98.234	84.2351
230.000000	98.238	83.5480
233.000000	98.260	82.7341
236.000000	98.266	81.8819
240.000000	98.267	80.3366
243.000000	98.271	80.0065
247.000000	98.279	78.8403
250.000000	98.278	78.0685
254.000000	98.282	77.0931
258.000000	98.306	76.0378
262.000000	98.339	74.9650
265.000000	98.378	74.1347
269.000000	98.411	72.7206
272.000000	98.447	71.8016
276.000000	98.455	70.3680
280.000000	98.444	68.9695
285.000000	98.446	67.3465
290.000000	98.461	65.7380
295.000000	98.462	64.0023
300.000000	98.460	62.3696
304.000000	98.450	61.1686
307.000000	98.444	60.3416
311.000000	98.443	59.1158
315.000000	98.451	58.0534
320.000000	98.466	56.8025
325.000000	98.486	55.6515
330.000000	98.515	54.8003
335.000000	98.506	53.9484
340.000000	98.494	52.9932
345.000000	98.483	52.0066
350.000000	98.506	50.9255
355.000000	98.472	50.1818
360.000000	98.502	49.2014
365.000000	98.501	48.2564
370.000000	98.465	47.3679
375.000000	98.483	46.5497
382.000000	98.493	45.2152
387.000000	98.506	44.3766
395.000000	98.492	42.9600
400.000000	98.474	42.0449
406.000000	98.494	41.0249
412.000000	98.483	40.1445
418.000000	98.478	39.1371
425.000000	98.470	37.9738
431.000000	98.473	37.0371
437.000000	98.476	35.9266
444.000000	98.474	34.9022
450.000000	98.455	34.0211
455.000000	98.474	33.1006
462.000000	98.480	32.0944
468.000000	98.477	30.9922
475.000000	98.474	29.9345
482.000000	98.473	28.8997
487.000000	98.481	28.1838
494.000000	98.465	27.2385
500.000000	98.454	26.4341
508.000000	98.419	25.1134
515.000000	98.438	24.1296
522.000000	98.460	23.1817
530.000000	98.440	22.1118
538.000000	98.416	20.8707
545.000000	98.435	20.0043
552.000000	98.397	19.0410
560.000000	98.428	18.2088
570.000000	98.393	16.8351
580.000000	98.396	15.4669
590.000000	98.386	14.1526
600.000000	98.386	12.9766
608.000000	98.375	12.1508
615.000000	98.370	11.3866
622.000000	98.363	10.4490
630.000000	98.359	9.5922
640.000000	98.354	8.4525
650.000000	98.337	7.3694
660.000000	98.323	6.3716
670.000000	98.326	5.2716
680.000000	98.324	4.3338
690.000000	98.313	3.2844
700.000000	98.298	2.3591
710.000000	98.300	1.3492
720.000000	98.287	0.4901
730.000000	98.284	-0.3636
740.000000	98.264	-1.1711
750.000000	98.266	-2.0546
762.000000	98.272	-3.0511
775.000000	98.252	-3.9461
788.000000	98.256	-5.0052
800.000000	98.220	-5.7016
812.000000	98.291	-6.4062
825.000000	98.349	-7.7426
838.000000	98.334	-9.5566
850.000000	98.314	-11.6431
862.000000	98.251	-14.0106
875.000000	98.291	-16.7510
885.000000	98.304	-18.5585
900.000000	98.334	-21.4822
912.000000	98.324	-23.7674
925.000000	98.362	-26.3232
938.000000	98.369	-28.8340
950.000000	98.401	-31.2179
962.000000	98.418	-33.6213
975.000000	98.462	-36.0657
988.000000	98.484	-38.5502
1000.000000	98.512	-40.9994
1015.000000	98.555	-43.9018
1030.000000	98.586	-46.9678
1044.000000	98.612	-49.7636
1060.000000	98.647	-52.9149
1075.000000	98.669	-55.9018
1090.000000	98.688	-58.8670
1106.000000	98.735	-62.2863
1120.000000	98.771	-65.0030
1138.000000	98.792	-68.4957
1150.000000	98.810	-70.7787
1172.000000	98.833	-75.0681
1180.000000	98.854	-76.5469
1206.000000	98.920	-81.2496
1220.000000	98.977	-83.9886
1241.000000	99.047	-87.7465
1250.000000	99.100	-89.3993
1265.000000	99.177	-92.0047
1280.000000	99.267	-94.7399
1315.000000	99.539	-101.1818
1320.000000	99.575	-102.1118
1340.000000	99.758	-106.2585
1360.000000	99.899	-110.2029
1380.000000	100.079	-114.4353
1400.000000	100.263	-118.5964
1430.000000	100.488	-125.1524
1450.000000	100.629	-129.7492
1475.000000	100.816	-135.4876
1500.000000	100.958	-141.3819
1525.000000	101.127	-147.1560
1550.000000	101.244	-153.1065
1575.000000	101.389	-158.9849
1600.000000	101.533	-164.9946
1625.000000	101.611	-170.6462
1650.000000	101.656	-176.4668
1675.000000	101.796	177.5270
1700.000000	101.892	171.9736
1725.000000	101.982	166.2263
1750.000000	102.107	160.3049
1775.000000	102.207	154.5428
1800.000000	102.237	148.7445
1825.000000	102.311	143.2937
1850.000000	102.401	137.4613
1875.000000	102.443	131.3156
1900.000000	102.568	125.7624
1925.000000	102.644	120.0035
1950.000000	102.692	114.7412
1975.000000	102.803	108.8132
2000.000000	102.910	103.1505
2030.000000	103.037	96.2320
2060.000000	103.137	89.2858
2090.000000	103.294	82.5675
2120.000000	103.394	75.4690
2140.000000	103.474	70.7981
2180.000000	103.654	61.3767
2200.000000	103.671	56.7685
2240.000000	103.855	47.1104
2270.000000	103.975	39.7994
2300.000000	104.128	32.5069
2330.000000	104.233	25.4858
2360.000000	104.313	17.8113
2400.000000	104.485	8.0286
2430.000000	104.554	0.5241
2470.000000	104.677	-9.2599
2500.000000	104.755	-16.8696
2540.000000	104.821	-27.2867
2580.000000	104.869	-37.2876
2620.000000	104.881	-47.6996
2650.000000	104.939	-55.0922
2690.000000	104.954	-65.4734
2720.000000	104.905	-73.2184
2760.000000	104.841	-82.9601
2800.000000	104.826	-93.1274
2850.000000	104.766	-105.0132
2900.000000	104.658	-117.7542
2950.000000	104.550	-129.6553
3000.000000	104.435	-141.3406
3040.000000	104.338	-151.1599
3070.000000	104.268	-158.1041
3110.000000	104.167	-167.5580
3150.000000	104.098	-176.7413
3200.000000	103.992	171.5167
3250.000000	103.845	159.8727
3300.000000	103.720	148.5020
3350.000000	103.571	137.1788
3400.000000	103.467	125.7629
3450.000000	103.477	114.6528
3500.000000	103.258	103.8330
3550.000000	103.240	92.1671
3600.000000	103.165	80.9691
3650.000000	103.101	69.3099
3700.000000	102.841	58.7167
3750.000000	102.719	51.6118
3820.000000	102.619	46.3890
3870.000000	102.491	42.3696
3950.000000	102.359	36.7031
4000.000000	102.239	33.4202
4060.000000	102.045	29.3889
4120.000000	101.993	25.7355
4180.000000	101.916	21.9197
4250.000000	101.783	17.9692
4310.000000	101.597	14.7991
4370.000000	101.484	11.2440
4440.000000	101.439	7.7987
4500.000000	101.311	5.1480
4550.000000	101.303	2.1232
4620.000000	101.191	-0.4728
4680.000000	101.049	-3.1752
4750.000000	101.029	-6.1172
4820.000000	100.907	-8.8906
4870.000000	100.850	-10.5763
4940.000000	100.720	-12.9813
5000.000000	100.645	-15.4454
5080.000000	100.481	-17.6677
5150.000000	100.423	-19.9147
5220.000000	100.294	-21.6360
5300.000000	100.213	-23.9791
5380.000000	100.093	-26.0480
5450.000000	99.971	-27.7096
5520.000000	99.843	-29.2252
5600.000000	99.727	-30.8708
5700.000000	99.446	-32.4570
5800.000000	99.243	-34.1741
5900.000000	98.909	-34.7617
6000.000000	98.518	-35.0937
6080.000000	98.273	-35.0566
6150.000000	98.011	-34.6047
6220.000000	97.774	-33.8329
6300.000000	97.534	-32.2881
6400.000000	97.225	-30.0622
6500.000000	96.968	-27.3169
6600.000000	96.735	-23.7807
6700.000000	96.486	-19.3538
6800.000000	96.341	-14.3829
6900.000000	96.449	-8.1503
7000.000000	96.704	-1.3517
7100.000000	97.324	5.0770
7200.000000	98.073	9.9495
7300.000000	98.940	13.6895
7400.000000	99.815	16.1878
7500.000000	100.716	17.5125
7620.000000	101.781	18.0221
7750.000000	102.925	15.7465
7880.000000	103.608	9.6722
8000.000000	103.639	4.0790
8120.000000	103.072	-0.1608
8250.000000	102.208	-0.5195
8380.000000	101.461	-0.2603
8500.000000	100.753	2.1553
8620.000000	100.128	5.1317
8750.000000	99.422	8.5215
8850.000000	98.755	11.9572
9000.000000	97.813	17.8480
9120.000000	96.925	23.5954
9250.000000	95.998	31.6384
9380.000000	95.110	40.5256
9500.000000	94.392	49.8130
9620.000000	93.808	60.3890
9750.000000	93.203	71.0220
9880.000000	93.105	81.4464
10000.000000	92.439	76.7668
10150.000000	92.165	70.1089
10300.000000	91.960	62.6677
10440.000000	91.822	55.5851
10600.000000	91.717	47.3068
10750.000000	91.675	39.4106
10900.000000	91.772	31.6815
11060.000000	91.928	22.8238
11200.000000	92.169	14.6870
11380.000000	92.472	3.3879
11500.000000	92.752	-3.9724
11720.000000	93.406	-18.9261
11800.000000	93.623	-25.1722
12060.000000	94.713	-45.8552
12200.000000	95.402	-58.9493
12410.000000	96.447	-83.8793
12500.000000	96.842	-96.7465
12650.000000	96.975	-121.3614
12800.000000	95.967	-148.6521
13150.000000	89.482	169.7239
13200.000000	88.470	167.4402
13400.000000	85.323	169.1497
13600.000000	84.576	174.7960
13800.000000	85.522	173.6387
14000.000000	86.449	164.3020
14300.000000	87.730	143.8420
14500.000000	88.238	127.4165
14750.000000	88.584	105.2847
15000.000000	88.461	82.7092
15250.000000	87.782	62.7214
15500.000000	86.783	50.6234
15750.000000	88.043	48.0266
16000.000000	91.746	31.1440
16250.000000	94.717	-2.2737
16500.000000	96.464	-41.1455
16750.000000	97.381	-80.8888
17000.000000	97.697	-121.1677
17250.000000	97.729	-162.9167
17500.000000	97.285	154.4064
17750.000000	41.768	-161.6575
18000.000000	44.791	-165.5635
18250.000000	40.553	127.2227
18500.000000	40.574	48.7812
18750.000000	23.278	-65.4102
19000.000000	43.420	-61.6445
19250.000000	43.288	-140.2383
19500.000000	26.181	4.1953
19750.000000	38.823	19.1602
