* Measurement data measured by REW V5.31.3
* Source: USB-C to 3.5mm Headphone Jack Adapter, USB-C to 3.5mm Headphone Jack Adapter, 0, volume: 0.138
* Format: 256k Log Swept Sine, 1 sweep at -12.0 dBFS with no timing reference
* Dated: Jan 13, 2025 7:07:05 PM
* REW Settings:
*  C-weighting compensation: Off
*  Target level: 75.0 dB
* Note: ; 
* Measurement: R
* Smoothing: None
* Frequency Step: 1/48 octave
* Start Frequency: 20.300 Hz
*
* Freq(Hz)	SPL(dB)	Phase(degrees)
20.299999	101.635	3.4800
20.600000	101.615	2.9348
20.900000	101.592	2.4520
21.200001	101.570	1.9595
21.400000	101.557	1.6142
21.799999	101.533	0.8802
22.000000	101.520	0.5001
22.400000	101.490	-0.2496
22.700001	101.465	-0.7644
23.000000	101.441	-1.2193
23.299999	101.419	-1.6165
23.600000	101.401	-1.9764
24.000000	101.384	-2.4508
24.299999	101.370	-2.8323
24.700001	101.345	-3.3861
25.000000	101.319	-3.8182
25.400000	101.273	-4.3806
25.799999	101.223	-4.8987
26.200001	101.177	-5.3760
26.500000	101.147	-5.7242
26.900000	101.114	-6.1965
27.200001	101.090	-6.5596
27.600000	101.057	-7.0368
28.000000	101.022	-7.4770
28.500000	100.981	-7.9503
29.000000	100.950	-8.3827
29.500000	100.928	-8.8631
30.000000	100.898	-9.4301
30.400000	100.861	-9.9013
30.700001	100.826	-10.2233
31.100000	100.776	-10.5779
31.500000	100.734	-10.8603
32.000000	100.698	-11.2078
32.500000	100.671	-11.6461
33.000000	100.633	-12.1489
33.500000	100.582	-12.5989
34.000000	100.532	-12.9455
34.500000	100.495	-13.2730
35.000000	100.462	-13.6817
35.500000	100.415	-14.1442
36.000000	100.356	-14.5418
36.500000	100.300	-14.8268
37.000000	100.260	-15.0837
37.500000	100.228	-15.4062
38.200001	100.168	-15.9225
38.700001	100.117	-16.2447
39.500000	100.039	-16.7017
40.000000	99.992	-17.0007
40.599998	99.934	-17.3283
41.200001	99.884	-17.6041
41.799999	99.844	-17.9065
42.500000	99.791	-18.3187
43.099998	99.733	-18.6278
43.700001	99.678	-18.8884
44.400002	99.617	-19.2439
45.000000	99.558	-19.5868
45.500000	99.506	-19.8414
46.200001	99.444	-20.1294
46.799999	99.403	-20.3409
47.500000	99.366	-20.5737
48.200001	99.330	-20.8609
48.700001	99.292	-21.1249
49.400002	99.216	-21.4654
50.000000	99.151	-21.6327
50.799999	99.104	-21.8393
51.500000	99.072	-22.2110
52.200001	99.003	-22.5828
53.000000	98.906	-22.6916
53.799999	98.851	-22.7283
54.500000	98.817	-22.9967
55.200001	98.761	-23.3323
56.000000	98.686	-23.5810
57.000000	98.592	-23.8462
58.000000	98.508	-23.9795
59.000000	98.473	-24.1243
60.000000	98.395	-24.4358
60.799999	98.302	-24.4599
61.500000	98.255	-24.4910
62.200001	98.223	-24.7586
63.000000	98.166	-25.1126
64.000000	98.087	-25.2175
65.000000	98.026	-25.3274
66.000000	97.947	-25.5368
67.000000	97.879	-25.6647
68.000000	97.816	-25.8459
69.000000	97.738	-25.9647
70.000000	97.671	-26.0185
71.000000	97.612	-26.1501
72.000000	97.548	-26.3194
73.000000	97.486	-26.4885
74.000000	97.416	-26.5714
75.000000	97.350	-26.5300
76.199997	97.280	-26.6461
77.500000	97.185	-26.8752
78.800003	97.079	-26.8985
80.000000	97.011	-26.9096
81.199997	96.955	-27.0471
82.500000	96.883	-27.1541
83.800003	96.793	-27.1324
85.000000	96.729	-27.1731
86.199997	96.664	-27.1924
87.500000	96.594	-27.2702
88.500000	96.530	-27.2766
90.000000	96.450	-27.2808
91.199997	96.380	-27.2784
92.500000	96.307	-27.3093
93.800003	96.240	-27.2746
95.000000	96.175	-27.2560
96.199997	96.108	-27.1915
97.500000	96.048	-27.2005
98.800003	95.976	-27.1656
100.000000	95.916	-27.0895
101.500000	95.842	-27.1194
103.000000	95.767	-26.9624
104.400002	95.700	-26.9283
106.000000	95.624	-27.0162
107.500000	95.550	-26.7699
109.000000	95.477	-26.7814
110.599998	95.403	-26.5760
112.000000	95.335	-26.5477
113.800003	95.268	-26.2703
115.000000	95.206	-26.2199
117.199997	95.126	-26.0947
118.000000	95.083	-25.9084
120.599998	94.942	-25.9946
122.000000	94.958	-25.6128
124.099998	94.866	-25.4277
125.000000	94.831	-25.4529
126.500000	94.775	-25.1610
128.000000	94.712	-25.1080
131.500000	94.576	-24.8023
132.000000	94.555	-24.7609
134.000000	94.482	-24.5299
136.000000	94.409	-24.2901
138.000000	94.339	-23.9726
140.000000	94.264	-23.7223
143.000000	94.167	-23.3252
145.000000	94.112	-23.0352
147.500000	94.044	-22.6014
150.000000	93.988	-22.2237
152.500000	93.941	-21.8592
155.000000	93.908	-21.5341
157.500000	93.853	-21.2258
160.000000	93.816	-20.8590
162.500000	93.744	-20.6879
165.000000	93.697	-20.4872
167.500000	93.651	-20.1470
170.000000	93.599	-19.8017
172.500000	93.561	-19.5405
175.000000	93.526	-19.2721
177.500000	93.483	-19.0359
180.000000	93.435	-18.8337
182.500000	93.404	-18.5998
185.000000	93.358	-18.4036
187.500000	93.312	-18.1915
190.000000	93.263	-17.9446
192.500000	93.219	-17.7283
195.000000	93.185	-17.4816
197.500000	93.140	-17.2131
200.000000	93.097	-16.9593
203.000000	93.045	-16.6683
206.000000	92.997	-16.3078
209.000000	92.958	-16.0009
212.000000	92.911	-15.6638
214.000000	92.879	-15.3986
218.000000	92.833	-14.9503
220.000000	92.793	-14.7620
224.000000	92.749	-14.3657
227.000000	92.705	-13.9555
230.000000	92.677	-13.6581
233.000000	92.641	-13.2944
236.000000	92.607	-13.0204
240.000000	92.573	-12.2631
243.000000	92.537	-12.2693
247.000000	92.491	-11.7582
250.000000	92.473	-11.4651
254.000000	92.440	-11.0153
258.000000	92.403	-10.6102
262.000000	92.375	-10.1762
265.000000	92.353	-9.8815
269.000000	92.319	-9.4900
272.000000	92.303	-9.1586
276.000000	92.276	-8.8018
280.000000	92.242	-8.4002
285.000000	92.204	-7.8513
290.000000	92.172	-7.3752
295.000000	92.147	-6.8707
300.000000	92.115	-6.2762
304.000000	92.090	-5.9056
307.000000	92.078	-5.5716
311.000000	92.068	-5.1336
315.000000	92.055	-4.6746
320.000000	92.052	-4.1343
325.000000	92.054	-3.6220
330.000000	92.059	-3.1738
335.000000	92.068	-2.7566
340.000000	92.065	-2.4439
345.000000	92.060	-2.0771
350.000000	92.056	-1.7471
355.000000	92.046	-1.4210
360.000000	92.041	-1.0546
365.000000	92.026	-0.7034
370.000000	92.016	-0.3721
375.000000	92.011	-0.0069
382.000000	91.996	0.4836
387.000000	91.988	0.8019
395.000000	91.974	1.3400
400.000000	91.975	1.6879
406.000000	91.969	2.1091
412.000000	91.956	2.5237
418.000000	91.952	2.9276
425.000000	91.951	3.3615
431.000000	91.943	3.7621
437.000000	91.939	4.1701
444.000000	91.934	4.6179
450.000000	91.929	4.9885
455.000000	91.927	5.2994
462.000000	91.921	5.7065
468.000000	91.921	6.1051
475.000000	91.920	6.5399
482.000000	91.918	6.9149
487.000000	91.918	7.2347
494.000000	91.911	7.6735
500.000000	91.909	8.0213
508.000000	91.908	8.4999
515.000000	91.906	8.9053
522.000000	91.904	9.3069
530.000000	91.906	9.7584
538.000000	91.906	10.2084
545.000000	91.909	10.6201
552.000000	91.907	11.0205
560.000000	91.908	11.4732
570.000000	91.909	12.0249
580.000000	91.914	12.6070
590.000000	91.914	13.1584
600.000000	91.924	13.7663
608.000000	91.917	14.1715
615.000000	91.920	14.5490
622.000000	91.920	14.9383
630.000000	91.926	15.3959
640.000000	91.930	15.9854
650.000000	91.938	16.5133
660.000000	91.944	17.0779
670.000000	91.939	17.6652
680.000000	91.951	18.2227
690.000000	91.959	18.7987
700.000000	91.965	19.4110
710.000000	91.975	19.9816
720.000000	91.988	20.5721
730.000000	91.995	21.1364
740.000000	92.007	21.7347
750.000000	92.018	22.3509
762.000000	92.037	23.0532
775.000000	92.060	23.8849
788.000000	92.085	24.7095
800.000000	92.107	25.4466
812.000000	92.133	26.2169
825.000000	92.170	27.0187
838.000000	92.208	27.8717
850.000000	92.248	28.6347
862.000000	92.288	29.4215
875.000000	92.335	30.2454
885.000000	92.375	30.9399
900.000000	92.448	31.8478
912.000000	92.498	32.6830
925.000000	92.574	33.5192
938.000000	92.650	34.3626
950.000000	92.723	35.1044
962.000000	92.800	35.8362
975.000000	92.895	36.6249
988.000000	92.995	37.3793
1000.000000	93.094	38.0602
1015.000000	93.221	38.8682
1030.000000	93.356	39.6360
1044.000000	93.491	40.2627
1060.000000	93.647	40.9101
1075.000000	93.800	41.4652
1090.000000	93.950	41.9268
1106.000000	94.113	42.3218
1120.000000	94.257	42.6216
1138.000000	94.435	42.8832
1150.000000	94.549	43.0054
1172.000000	94.751	43.1473
1180.000000	94.822	43.1651
1206.000000	95.038	43.1249
1220.000000	95.142	43.0495
1241.000000	95.292	42.9390
1250.000000	95.354	42.9036
1265.000000	95.447	42.8006
1280.000000	95.534	42.6694
1315.000000	95.712	42.3770
1320.000000	95.742	42.3718
1340.000000	95.829	42.1981
1360.000000	95.910	42.0263
1380.000000	95.982	41.8684
1400.000000	96.052	41.7896
1430.000000	96.147	41.6317
1450.000000	96.210	41.5615
1475.000000	96.273	41.5011
1500.000000	96.339	41.4914
1525.000000	96.397	41.4826
1550.000000	96.456	41.4930
1575.000000	96.513	41.5536
1600.000000	96.570	41.6492
1625.000000	96.625	41.7604
1650.000000	96.679	41.8521
1675.000000	96.736	41.9845
1700.000000	96.794	42.1178
1725.000000	96.854	42.2945
1750.000000	96.915	42.4679
1775.000000	96.979	42.6483
1800.000000	97.039	42.8275
1825.000000	97.110	43.0016
1850.000000	97.179	43.2010
1875.000000	97.250	43.3647
1900.000000	97.325	43.5703
1925.000000	97.400	43.7579
1950.000000	97.478	43.9190
1975.000000	97.560	44.0622
2000.000000	97.642	44.2076
2030.000000	97.745	44.3879
2060.000000	97.849	44.5151
2090.000000	97.960	44.6195
2120.000000	98.073	44.7341
2140.000000	98.147	44.7708
2180.000000	98.304	44.8058
2200.000000	98.385	44.7977
2240.000000	98.545	44.7367
2270.000000	98.666	44.6488
2300.000000	98.791	44.5236
2330.000000	98.916	44.3448
2360.000000	99.041	44.1265
2400.000000	99.204	43.7589
2430.000000	99.323	43.4301
2470.000000	99.483	42.9176
2500.000000	99.600	42.4831
2540.000000	99.752	41.8309
2580.000000	99.896	41.1003
2620.000000	100.029	40.2647
2650.000000	100.123	39.6005
2690.000000	100.237	38.6451
2720.000000	100.315	37.9001
2760.000000	100.407	36.8584
2800.000000	100.484	35.7740
2850.000000	100.560	34.3741
2900.000000	100.611	32.9528
2950.000000	100.640	31.5417
3000.000000	100.646	30.1631
3040.000000	100.637	29.0799
3070.000000	100.623	28.3457
3110.000000	100.600	27.3497
3150.000000	100.571	26.4037
3200.000000	100.529	25.2478
3250.000000	100.479	24.0607
3300.000000	100.409	22.9241
3350.000000	100.326	21.8037
3400.000000	100.228	20.7678
3450.000000	100.118	19.8359
3500.000000	100.003	18.9956
3550.000000	99.882	18.2413
3600.000000	99.759	17.5591
3650.000000	99.628	16.9419
3700.000000	99.496	16.3722
3750.000000	99.357	15.8844
3820.000000	99.156	15.3135
3870.000000	99.006	15.0233
3950.000000	98.759	14.8035
4000.000000	98.608	14.8298
4060.000000	98.434	15.0434
4120.000000	98.281	15.4088
4180.000000	98.155	15.9085
4250.000000	98.047	16.5900
4310.000000	97.991	17.1286
4370.000000	97.964	17.5475
4440.000000	97.943	17.8251
4500.000000	97.929	17.9306
4550.000000	97.906	17.9094
4620.000000	97.872	17.8142
4680.000000	97.832	17.6780
4750.000000	97.771	17.5416
4820.000000	97.700	17.3904
4870.000000	97.643	17.2610
4940.000000	97.557	17.1407
5000.000000	97.471	17.0257
5080.000000	97.357	16.9160
5150.000000	97.243	16.8952
5220.000000	97.121	16.8931
5300.000000	96.974	17.0616
5380.000000	96.831	17.3060
5450.000000	96.705	17.6507
5520.000000	96.598	18.0592
5600.000000	96.485	18.5578
5700.000000	96.357	19.2159
5800.000000	96.246	19.9273
5900.000000	96.154	20.6418
6000.000000	96.083	21.3543
6080.000000	96.047	21.9657
6150.000000	96.028	22.4349
6220.000000	96.027	22.8729
6300.000000	96.045	23.2661
6400.000000	96.103	23.5744
6500.000000	96.201	23.5273
6600.000000	96.331	22.9264
6700.000000	96.462	21.5423
6800.000000	96.529	19.0570
6900.000000	96.404	15.3880
7000.000000	95.875	11.4208
7100.000000	94.856	9.7806
7200.000000	93.754	13.3932
7300.000000	93.350	21.2955
7400.000000	93.845	28.2381
7500.000000	94.700	31.0128
7620.000000	95.704	32.8349
7750.000000	97.222	28.8923
7880.000000	98.239	19.1627
8000.000000	98.431	7.6366
8120.000000	97.868	-3.1877
8250.000000	96.734	-11.6431
8380.000000	95.422	-16.6415
8500.000000	94.248	-18.6821
8620.000000	93.087	-18.7359
8750.000000	91.832	-15.3579
8850.000000	91.445	-5.0755
9000.000000	93.414	-12.7575
9120.000000	92.436	-17.4900
9250.000000	91.726	-17.8683
9380.000000	91.280	-17.4788
9500.000000	91.003	-17.2635
9620.000000	90.815	-17.2120
9750.000000	90.677	-17.4559
9880.000000	90.549	-18.1883
10000.000000	90.434	-19.0699
10150.000000	90.271	-20.2543
10300.000000	90.172	-21.1320
10440.000000	90.067	-22.7590
10600.000000	89.990	-25.0825
10750.000000	89.871	-27.9760
10900.000000	89.617	-31.4052
11060.000000	89.153	-34.9526
11200.000000	88.604	-37.5401
11380.000000	87.788	-39.2407
11500.000000	87.237	-39.2865
11720.000000	86.498	-37.1665
11800.000000	86.326	-36.1367
12060.000000	86.404	-32.5015
12200.000000	86.802	-31.9407
12410.000000	87.618	-34.4435
12500.000000	87.999	-37.0331
12650.000000	88.543	-42.7880
12800.000000	88.876	-50.2664
13150.000000	88.878	-69.8963
13200.000000	88.816	-72.7471
13400.000000	88.533	-83.4598
13600.000000	88.276	-94.2989
13800.000000	88.107	-105.7644
14000.000000	87.950	-118.3640
14300.000000	87.624	-139.4574
14500.000000	87.153	-154.3335
14750.000000	86.212	-171.3275
15000.000000	85.088	176.5886
15250.000000	85.076	169.9758
15500.000000	86.647	160.5730
15750.000000	88.654	138.4041
16000.000000	89.507	108.8751
16250.000000	89.337	78.8687
16500.000000	88.552	51.2021
16750.000000	87.938	27.1700
17000.000000	88.110	-0.2943
17250.000000	88.310	-36.6722
17500.000000	87.593	-81.8026
17750.000000	85.578	-130.2964
18000.000000	82.734	-179.8621
18250.000000	79.631	128.7748
18500.000000	76.793	71.5093
18750.000000	74.628	3.8317
19000.000000	72.452	-66.5944
19250.000000	71.153	-139.7644
19500.000000	70.051	143.7905
19750.000000	68.452	62.7544
