* Measurement data measured by REW V5.20
* Source: USB-C to 3.5mm Headphone Jack Adapter, USB-C to 3.5mm Headphone Jack Adapter, 0, volume: 0.138
* Format: 256k Log Swept Sine, 1 sweep at -12.0 dBFS with no timing reference
* Dated: Mar 15, 2024 5:39:24 PM
* REW Settings:
*  C-weighting compensation: Off
*  Target level: 75.0 dB
* Note: ; 
* Measurement: reference R
* Smoothing: None
* Frequency Step: 1/48 octave
* Start Frequency: 20.300 Hz
*
* Freq(Hz)	SPL(dB)	Phase(degrees)
20.299999	96.770248	163.1920
20.600000	96.694923	162.7463
20.900000	96.607727	162.3467
21.200001	96.513245	161.9311
21.400000	96.447159	161.6401
21.799999	96.311356	161.0378
22.000000	96.243935	160.7369
22.400000	96.115776	160.1595
22.700001	96.030434	159.7647
23.000000	95.956520	159.4072
23.299999	95.893578	159.0849
23.600000	95.838966	158.7925
24.000000	95.772064	158.4393
24.299999	95.720909	158.1925
24.700001	95.644775	157.8706
25.000000	95.578369	157.6221
25.400000	95.474960	157.2749
25.799999	95.356476	156.9280
26.200001	95.232689	156.6215
26.500000	95.146118	156.4362
26.900000	95.052559	156.2350
27.200001	95.003922	156.0869
27.600000	94.964020	155.8340
28.000000	94.937782	155.4902
28.500000	94.894867	154.9909
29.000000	94.822861	154.5707
29.500000	94.729965	154.3216
30.000000	94.635536	154.1824
30.400000	94.565018	154.0695
30.700001	94.515030	153.9601
31.100000	94.451950	153.7851
31.500000	94.394432	153.5968
32.000000	94.332138	153.3566
32.500000	94.275406	153.1067
33.000000	94.212791	152.8676
33.500000	94.140518	152.6848
34.000000	94.067345	152.5579
34.500000	94.002121	152.4143
35.000000	93.942474	152.1866
35.500000	93.880585	151.8967
36.000000	93.814827	151.6267
36.500000	93.750122	151.4240
37.000000	93.689224	151.2702
37.500000	93.630112	151.1324
38.200001	93.549164	150.9396
38.700001	93.494728	150.7809
39.500000	93.404411	150.4641
40.000000	93.336678	150.2710
40.599998	93.245300	150.0971
41.200001	93.155945	149.9663
41.799999	93.084747	149.8273
42.500000	93.037216	149.5928
43.099998	93.010460	149.3169
43.700001	92.962784	149.0863
44.400002	92.874397	149.0503
45.000000	92.799599	149.0693
45.500000	92.743896	148.9247
46.200001	92.667358	148.5694
46.799999	92.628059	148.4441
47.500000	92.641754	148.4597
48.200001	92.633087	148.2856
48.700001	92.556320	148.1465
49.400002	92.397011	148.1924
50.000000	92.294846	148.2148
50.799999	92.211731	147.8687
51.500000	92.145012	147.6857
52.200001	92.096039	147.8343
53.000000	92.028664	147.9252
53.799999	91.920578	147.9204
54.500000	91.856659	147.9057
55.200001	91.819061	147.7357
56.000000	91.748619	147.6190
57.000000	91.652267	147.6286
58.000000	91.546646	147.4598
59.000000	91.518005	147.7481
60.000000	91.532265	147.6363
60.799999	91.409157	147.4811
61.500000	91.282799	147.7333
62.200001	91.221786	147.9213
63.000000	91.176384	147.7839
64.000000	91.089172	147.7823
65.000000	91.022278	147.9845
66.000000	90.954315	147.9807
67.000000	90.877663	148.0714
68.000000	90.815552	148.2679
69.000000	90.749054	148.3346
70.000000	90.665863	148.3499
71.000000	90.602707	148.5174
72.000000	90.566795	148.6013
73.000000	90.496269	148.6652
74.000000	90.434044	148.8656
75.000000	90.364143	148.9169
76.199997	90.291992	149.3774
77.500000	90.253754	149.2582
78.800003	90.152664	149.4489
80.000000	90.146667	149.6384
81.199997	90.081764	149.9052
82.500000	89.992897	150.2245
83.800003	89.931511	150.4906
85.000000	89.886162	150.5600
86.199997	89.845146	150.7819
87.500000	89.778465	151.1464
88.500000	89.748634	151.4602
90.000000	89.691757	151.5149
91.199997	89.651657	151.8758
92.500000	89.611000	152.1123
93.800003	89.572014	152.2965
95.000000	89.542740	152.5005
96.199997	89.514473	152.6695
97.500000	89.464523	152.8650
98.800003	89.456703	153.3851
100.000000	89.416389	153.4354
101.500000	89.391121	153.8479
103.000000	89.355728	153.9711
104.400002	89.316780	154.1706
106.000000	89.289757	154.4458
107.500000	89.281738	154.7395
109.000000	89.245705	154.9597
110.599998	89.220726	155.2634
112.000000	89.195183	155.4542
113.800003	89.200417	155.6693
115.000000	89.174759	155.7834
117.199997	89.146744	156.1104
118.000000	89.148796	156.2411
120.599998	89.135628	156.5006
122.000000	89.115105	156.7021
124.099998	89.119995	156.7751
125.000000	89.098816	156.9361
126.500000	89.103508	157.0616
128.000000	89.095459	157.1449
131.500000	89.075806	157.3133
132.000000	89.072701	157.3479
134.000000	89.054626	157.4445
136.000000	89.048500	157.4034
138.000000	89.031898	157.4864
140.000000	89.005417	157.3604
143.000000	88.985130	157.3350
145.000000	88.961571	157.1729
147.500000	88.945419	157.1536
150.000000	88.928467	157.0988
152.500000	88.894302	157.0580
155.000000	88.869530	156.8636
157.500000	88.837776	156.7603
160.000000	88.809814	156.6893
162.500000	88.766571	156.6030
165.000000	88.737762	156.4239
167.500000	88.706825	156.4293
170.000000	88.660164	156.3374
172.500000	88.624237	156.2300
175.000000	88.577995	156.1943
177.500000	88.533669	156.0204
180.000000	88.449142	156.1341
182.500000	88.439087	155.9899
185.000000	88.394798	156.0805
187.500000	88.347458	156.0089
190.000000	88.295624	155.9583
192.500000	88.254913	155.8089
195.000000	88.205437	155.9494
197.500000	88.153488	156.0364
200.000000	88.100555	156.0088
203.000000	88.056183	156.1715
206.000000	88.005089	156.2833
209.000000	87.954918	156.3595
212.000000	87.895164	156.4286
214.000000	87.860863	156.5821
218.000000	87.789894	156.7377
220.000000	87.752121	156.8950
224.000000	87.685463	157.2139
227.000000	87.625336	157.4447
230.000000	87.550858	157.8503
233.000000	87.513474	158.4354
236.000000	87.487450	159.0274
240.000000	87.510117	159.4341
243.000000	87.606743	160.1812
247.000000	87.695854	160.2800
250.000000	87.723946	160.0493
254.000000	87.718124	159.7952
258.000000	87.709480	159.6649
262.000000	87.670586	159.6681
265.000000	87.661270	159.6319
269.000000	87.633270	159.6410
272.000000	87.620895	159.7312
276.000000	87.605026	159.8291
280.000000	87.592987	159.8763
285.000000	87.570724	160.0765
290.000000	87.557159	160.1890
295.000000	87.541939	160.3279
300.000000	87.502045	160.3832
304.000000	87.528656	160.5639
307.000000	87.532349	160.6014
311.000000	87.519508	160.7151
315.000000	87.521111	160.7887
320.000000	87.522339	160.9611
325.000000	87.528923	161.1485
330.000000	87.541504	161.2608
335.000000	87.555649	161.3126
340.000000	87.575829	161.3070
345.000000	87.610748	161.4401
350.000000	87.605690	161.3842
355.000000	87.619148	161.3327
360.000000	87.652725	161.2000
365.000000	87.652588	161.3006
370.000000	87.658333	161.3536
375.000000	87.677292	161.2226
382.000000	87.689095	161.3111
387.000000	87.712517	161.1661
395.000000	87.744568	161.2130
400.000000	87.759140	161.0607
406.000000	87.780128	160.9777
412.000000	87.798920	160.8620
418.000000	87.837845	160.8016
425.000000	87.845230	160.6682
431.000000	87.879662	160.5376
437.000000	87.902618	160.4026
444.000000	87.911919	160.1938
450.000000	87.935822	160.0603
455.000000	87.943436	159.8790
462.000000	87.973587	159.6200
468.000000	87.993469	159.4438
475.000000	88.018669	159.2370
482.000000	88.036987	158.9562
487.000000	88.070175	158.7912
494.000000	88.078842	158.5316
500.000000	88.103210	158.3404
508.000000	88.118454	158.0755
515.000000	88.128258	157.7297
522.000000	88.151672	157.4562
530.000000	88.159546	157.1220
538.000000	88.191383	156.7206
545.000000	88.214211	156.5099
552.000000	88.224854	156.1968
560.000000	88.235481	155.8030
570.000000	88.233887	155.3253
580.000000	88.237137	155.0241
590.000000	88.250717	154.8065
600.000000	88.283066	154.9408
608.000000	88.314331	154.9770
615.000000	88.312637	155.2421
622.000000	88.309250	155.3309
630.000000	88.314957	155.3933
640.000000	88.314941	155.7008
650.000000	88.332840	155.8586
660.000000	88.300140	155.9962
670.000000	88.331474	156.3721
680.000000	88.333206	156.4990
690.000000	88.323738	156.8073
700.000000	88.311722	157.1282
710.000000	88.316681	157.4252
720.000000	88.303726	157.6539
730.000000	88.303375	158.0285
740.000000	88.283539	158.4139
750.000000	88.269089	158.7871
762.000000	88.267906	159.3085
775.000000	88.245407	159.8335
788.000000	88.228348	160.4331
800.000000	88.223183	160.9952
812.000000	88.229683	161.6514
825.000000	88.221443	162.3104
838.000000	88.204666	162.9401
850.000000	88.225754	163.6378
862.000000	88.219475	164.3001
875.000000	88.214371	165.0552
885.000000	88.211426	165.7088
900.000000	88.191200	166.5308
912.000000	88.218018	167.3482
925.000000	88.222214	168.1774
938.000000	88.238739	169.0153
950.000000	88.241455	169.9316
962.000000	88.232185	170.6641
975.000000	88.248665	171.6219
988.000000	88.263741	172.6386
1000.000000	88.275673	173.5842
1015.000000	88.296364	174.7674
1030.000000	88.331902	176.0428
1044.000000	88.365692	177.3080
1060.000000	88.406357	178.7394
1075.000000	88.494003	-179.9442
1090.000000	88.585022	-178.5349
1106.000000	88.703354	-177.3159
1120.000000	88.809547	-176.1869
1138.000000	88.939888	-174.9758
1150.000000	89.029938	-174.1282
1172.000000	89.197128	-172.8677
1180.000000	89.254623	-172.5096
1206.000000	89.430603	-171.0938
1220.000000	89.509972	-170.4629
1241.000000	89.614067	-169.4395
1250.000000	89.674187	-169.0390
1265.000000	89.745781	-168.3049
1280.000000	89.798058	-167.5450
1315.000000	89.945969	-165.8865
1320.000000	89.972404	-165.5911
1340.000000	90.025772	-164.6273
1360.000000	90.091827	-163.6466
1380.000000	90.169250	-162.5030
1400.000000	90.217751	-161.4602
1430.000000	90.267357	-159.6794
1450.000000	90.328537	-158.4948
1475.000000	90.377174	-156.9868
1500.000000	90.440331	-155.4709
1525.000000	90.503586	-153.5856
1550.000000	90.615692	-152.3373
1575.000000	90.648994	-151.6199
1600.000000	90.675003	-151.4680
1625.000000	90.771034	-151.3207
1650.000000	90.844925	-151.2387
1675.000000	90.916122	-150.9911
1700.000000	90.992500	-150.8159
1725.000000	91.086685	-150.6903
1750.000000	91.169495	-150.5989
1775.000000	91.259209	-150.5640
1800.000000	91.335388	-150.6274
1825.000000	91.443535	-150.5327
1850.000000	91.534698	-150.6983
1875.000000	91.617439	-150.8199
1900.000000	91.707024	-151.0002
1925.000000	91.785599	-151.1265
1950.000000	91.853264	-151.3152
1975.000000	91.920761	-151.5677
2000.000000	91.991486	-151.7769
2030.000000	92.067596	-151.8956
2060.000000	92.131424	-152.1533
2090.000000	92.193474	-152.4474
2120.000000	92.264450	-152.5950
2140.000000	92.302689	-152.7013
2180.000000	92.389183	-152.9602
2200.000000	92.428879	-153.1385
2240.000000	92.526871	-153.4688
2270.000000	92.595970	-153.6529
2300.000000	92.674477	-153.8968
2330.000000	92.731377	-154.1738
2360.000000	92.807388	-154.5423
2400.000000	92.879181	-155.0049
2430.000000	92.958885	-155.4617
2470.000000	93.020599	-155.9492
2500.000000	93.073151	-156.3593
2540.000000	93.126892	-156.8908
2580.000000	93.178505	-157.4996
2620.000000	93.223564	-157.8647
2650.000000	93.243286	-158.3710
2690.000000	93.306503	-158.8108
2720.000000	93.334717	-159.5139
2760.000000	93.380943	-159.7747
2800.000000	93.416656	-160.2864
2850.000000	93.476547	-160.7566
2900.000000	93.530159	-161.6816
2950.000000	93.560127	-162.4394
3000.000000	93.600937	-163.1972
3040.000000	93.623016	-163.8246
3070.000000	93.656311	-164.3730
3110.000000	93.661270	-165.0400
3150.000000	93.683250	-165.7686
3200.000000	93.688034	-166.6596
3250.000000	93.700874	-167.6013
3300.000000	93.697311	-168.5040
3350.000000	93.689453	-169.5880
3400.000000	93.659935	-170.5840
3450.000000	93.635155	-171.5884
3500.000000	93.593552	-172.5682
3550.000000	93.538261	-173.7282
3600.000000	93.451836	-174.7299
3650.000000	93.357025	-175.8737
3700.000000	93.254944	-176.9349
3750.000000	93.119720	-177.9335
3820.000000	92.902931	-179.1602
3870.000000	92.731857	-179.8976
3950.000000	92.411980	179.1960
4000.000000	92.218864	178.8811
4060.000000	91.973114	178.5862
4120.000000	91.717453	178.6101
4180.000000	91.467644	178.9423
4250.000000	91.182709	179.7111
4310.000000	91.000427	-179.2094
4370.000000	90.861862	-177.9642
4440.000000	90.804321	-176.7048
4500.000000	90.787628	-175.8043
4550.000000	90.789818	-175.0346
4620.000000	90.802261	-174.3148
4680.000000	90.828674	-173.6697
4750.000000	90.885864	-173.0410
4820.000000	90.981148	-172.7354
4870.000000	91.048347	-172.4972
4940.000000	91.174072	-172.6287
5000.000000	91.284538	-172.9947
5080.000000	91.405243	-173.8719
5150.000000	91.462883	-174.9389
5220.000000	91.469231	-176.2095
5300.000000	91.409393	-177.6664
5380.000000	91.286163	-178.9918
5450.000000	91.138931	-179.9975
5520.000000	90.959618	179.2936
5600.000000	90.764854	178.9160
5700.000000	90.555252	178.9001
5800.000000	90.403900	179.0045
5900.000000	90.283081	179.0867
6000.000000	90.210754	179.1699
6080.000000	90.169449	179.1316
6150.000000	90.160080	179.1572
6220.000000	90.136604	178.9049
6300.000000	90.141144	178.5773
6400.000000	90.140625	177.8917
6500.000000	90.147141	177.0775
6600.000000	90.098938	175.8938
6700.000000	90.062401	174.5612
6800.000000	89.948677	173.2234
6900.000000	89.798477	171.6449
7000.000000	89.612564	173.1469
7100.000000	89.522507	178.6386
7200.000000	89.400436	-175.9081
7300.000000	89.261719	-170.3930
7400.000000	89.137199	-164.7083
7500.000000	89.076950	-158.9246
7620.000000	89.041718	-151.8486
7750.000000	89.151337	-145.3310
7880.000000	89.211639	-140.7541
8000.000000	88.891403	-137.9831
8120.000000	88.183075	-134.5633
8250.000000	87.177673	-127.7610
8380.000000	86.314339	-118.9418
8500.000000	85.650970	-109.8670
8620.000000	85.059692	-100.6274
8750.000000	84.482117	-90.2513
8850.000000	84.071396	-82.2111
9000.000000	83.480392	-69.5406
9120.000000	83.033669	-59.4612
9250.000000	82.596062	-48.0035
9380.000000	82.217262	-36.7101
9500.000000	81.854858	-26.0672
9620.000000	81.588493	-15.3505
9750.000000	81.310265	-3.4677
9880.000000	81.024742	8.3779
10000.000000	80.855377	19.0067
10150.000000	80.591919	32.7438
10300.000000	80.372841	46.0399
10440.000000	80.092667	58.2026
10600.000000	79.606155	72.4554
10750.000000	78.902893	87.1738
10900.000000	78.201355	107.5012
11060.000000	78.671570	134.2740
11200.000000	80.494354	153.1616
11380.000000	82.996498	165.5909
11500.000000	84.342079	168.5051
11720.000000	85.342659	166.7009
11800.000000	85.137825	165.6827
12060.000000	82.843887	169.0399
12200.000000	81.252350	176.5524
12410.000000	78.919510	-166.1452
12500.000000	78.102646	-156.8445
12650.000000	76.746750	-140.6782
12800.000000	75.651535	-121.2427
13150.000000	74.273018	-74.3965
13200.000000	74.258049	-67.2324
13400.000000	74.328224	-38.3045
13600.000000	75.399216	-9.9424
13800.000000	77.354752	15.4142
14000.000000	80.196999	34.0422
14300.000000	84.509636	35.1990
14500.000000	84.168961	24.5645
14750.000000	81.319260	29.4022
15000.000000	79.761650	47.1606
15250.000000	77.807770	68.6552
15500.000000	77.210876	90.3287
15750.000000	77.029594	110.4791
16000.000000	77.122955	128.6328
16250.000000	77.347641	143.7727
16500.000000	77.734222	156.1936
16750.000000	77.996635	166.4761
17000.000000	78.168724	172.8481
17250.000000	78.071793	175.5564
17500.000000	77.391861	175.2174
17750.000000	30.450100	78.9008
18000.000000	22.217794	-86.1128
18250.000000	33.806862	3.3384
18500.000000	30.846100	-28.6230
18750.000000	16.791256	3.1631
19000.000000	36.034927	-59.0156
19250.000000	42.101879	-5.3242
19500.000000	25.688946	-103.1758
19750.000000	27.895025	160.1133
