* Measurement data measured by REW V5.31.3
* Source: USB-C to 3.5mm Headphone Jack Adapter, USB-C to 3.5mm Headphone Jack Adapter, 0, volume: 0.138
* Format: 256k Log Swept Sine, 1 sweep at -12.0 dBFS with no timing reference
* Dated: Jul 16, 2025 3:55:41 PM
* REW Settings:
*  C-weighting compensation: Off
*  Target level: 75.0 dB
* Note: ; 
* Measurement: R
* Smoothing: None
* Frequency Step: 1/48 octave
* Start Frequency: 20.300 Hz
*
* Freq(Hz)	SPL(dB)	Phase(degrees)
20.299999	99.317	12.5208
20.600000	99.317	12.2070
20.900000	99.316	11.9154
21.200001	99.323	11.5732
21.400000	99.332	11.2987
21.799999	99.357	10.6355
22.000000	99.370	10.2600
22.400000	99.392	9.4788
22.700001	99.401	8.9289
23.000000	99.406	8.4491
23.299999	99.407	8.0509
23.600000	99.407	7.7212
24.000000	99.406	7.3346
24.299999	99.405	7.0436
24.700001	99.399	6.6194
25.000000	99.392	6.2726
25.400000	99.382	5.7862
25.799999	99.374	5.2914
26.200001	99.373	4.7989
26.500000	99.374	4.4352
26.900000	99.377	3.9701
27.200001	99.378	3.6474
27.600000	99.376	3.2653
28.000000	99.371	2.9373
28.500000	99.365	2.5715
29.000000	99.362	2.2005
29.500000	99.358	1.7909
30.000000	99.352	1.3414
30.400000	99.345	0.9637
30.700001	99.339	0.6771
31.100000	99.331	0.2996
31.500000	99.324	-0.0655
32.000000	99.321	-0.5048
32.500000	99.322	-0.9396
33.000000	99.322	-1.3806
33.500000	99.314	-1.8129
34.000000	99.295	-2.2059
34.500000	99.271	-2.5488
35.000000	99.251	-2.8658
35.500000	99.237	-3.1939
36.000000	99.228	-3.5521
36.500000	99.221	-3.9289
37.000000	99.209	-4.2866
37.500000	99.193	-4.5839
38.200001	99.173	-4.8897
38.700001	99.166	-5.0954
39.500000	99.159	-5.5535
40.000000	99.145	-5.8988
40.599998	99.118	-6.2706
41.200001	99.094	-6.5644
41.799999	99.082	-6.8455
42.500000	99.074	-7.2384
43.099998	99.061	-7.6026
43.700001	99.038	-7.9184
44.400002	99.010	-8.1923
45.000000	98.993	-8.4046
45.500000	98.984	-8.6172
46.200001	98.968	-8.9590
46.799999	98.948	-9.2147
47.500000	98.925	-9.4312
48.200001	98.907	-9.6519
48.700001	98.891	-9.8574
49.400002	98.861	-10.1820
50.000000	98.834	-10.4470
50.799999	98.810	-10.7867
51.500000	98.795	-11.1115
52.200001	98.775	-11.4056
53.000000	98.752	-11.5758
53.799999	98.745	-11.6699
54.500000	98.735	-11.8908
55.200001	98.698	-12.2421
56.000000	98.639	-12.6287
57.000000	98.599	-12.9303
58.000000	98.601	-13.1398
59.000000	98.568	-13.4856
60.000000	98.488	-13.8026
60.799999	98.461	-13.9839
61.500000	98.470	-14.1760
62.200001	98.473	-14.3485
63.000000	98.447	-14.4555
64.000000	98.385	-14.6031
65.000000	98.332	-14.8560
66.000000	98.319	-15.0646
67.000000	98.325	-15.2142
68.000000	98.303	-15.3966
69.000000	98.252	-15.6532
70.000000	98.198	-15.9794
71.000000	98.162	-16.2764
72.000000	98.142	-16.5037
73.000000	98.121	-16.6131
74.000000	98.098	-16.6805
75.000000	98.059	-16.7271
76.199997	98.023	-16.7402
77.500000	97.985	-16.9808
78.800003	97.949	-17.0044
80.000000	97.932	-17.1160
81.199997	97.873	-17.3811
82.500000	97.833	-17.4430
83.800003	97.823	-17.6861
85.000000	97.797	-17.7653
86.199997	97.781	-17.9576
87.500000	97.723	-18.0577
88.500000	97.704	-18.1455
90.000000	97.660	-18.4412
91.199997	97.624	-18.4960
92.500000	97.591	-18.7095
93.800003	97.567	-18.9655
95.000000	97.542	-19.0046
96.199997	97.517	-18.9423
97.500000	97.490	-19.1197
98.800003	97.447	-19.2332
100.000000	97.412	-19.3882
101.500000	97.402	-19.7851
103.000000	97.366	-19.7862
104.400002	97.295	-19.8205
106.000000	97.264	-20.0514
107.500000	97.257	-20.1822
109.000000	97.250	-20.3555
110.599998	97.205	-20.4079
112.000000	97.163	-20.5817
113.800003	97.132	-20.8400
115.000000	97.119	-20.8901
117.199997	97.072	-21.1056
118.000000	97.056	-21.0491
120.599998	96.971	-21.4643
122.000000	97.008	-21.4246
124.099998	96.945	-21.6263
125.000000	96.953	-21.7889
126.500000	96.930	-21.6347
128.000000	96.876	-21.9187
131.500000	96.831	-21.9455
132.000000	96.824	-22.0304
134.000000	96.803	-22.2551
136.000000	96.756	-22.3547
138.000000	96.736	-22.4333
140.000000	96.696	-22.5581
143.000000	96.654	-22.7607
145.000000	96.641	-22.8617
147.500000	96.631	-23.0293
150.000000	96.568	-23.0024
152.500000	96.537	-23.2853
155.000000	96.517	-23.5025
157.500000	96.502	-23.4208
160.000000	96.450	-23.6503
162.500000	96.431	-23.7508
165.000000	96.405	-23.8899
167.500000	96.376	-24.0013
170.000000	96.344	-24.1590
172.500000	96.338	-24.2928
175.000000	96.304	-24.3880
177.500000	96.284	-24.4359
180.000000	96.216	-24.8874
182.500000	96.249	-24.7825
185.000000	96.228	-24.8471
187.500000	96.179	-24.9203
190.000000	96.162	-25.1512
192.500000	96.125	-25.3379
195.000000	96.112	-25.4190
197.500000	96.079	-25.5083
200.000000	96.056	-25.5809
203.000000	96.018	-25.6415
206.000000	96.005	-25.6427
209.000000	95.971	-25.6554
212.000000	95.970	-25.6370
214.000000	95.974	-25.7175
218.000000	95.950	-25.9254
220.000000	95.935	-25.9469
224.000000	95.920	-26.1778
227.000000	95.912	-26.1734
230.000000	95.905	-26.2129
233.000000	95.898	-26.2920
236.000000	95.894	-26.4742
240.000000	95.841	-27.1279
243.000000	95.870	-26.7778
247.000000	95.854	-27.1482
250.000000	95.855	-27.2632
254.000000	95.828	-27.4243
258.000000	95.814	-27.5713
262.000000	95.780	-27.8496
265.000000	95.784	-27.8641
269.000000	95.763	-28.1487
272.000000	95.750	-28.1862
276.000000	95.748	-28.3278
280.000000	95.746	-28.5142
285.000000	95.733	-28.7554
290.000000	95.709	-28.9097
295.000000	95.705	-29.2169
300.000000	95.690	-29.4612
304.000000	95.665	-29.6583
307.000000	95.662	-29.8065
311.000000	95.649	-29.9182
315.000000	95.643	-30.0282
320.000000	95.632	-30.3384
325.000000	95.617	-30.4244
330.000000	95.619	-30.7487
335.000000	95.598	-30.8882
340.000000	95.604	-31.1828
345.000000	95.587	-31.4744
350.000000	95.569	-31.6653
355.000000	95.564	-31.9663
360.000000	95.569	-32.0559
365.000000	95.546	-32.3259
370.000000	95.534	-32.4235
375.000000	95.533	-32.8078
382.000000	95.501	-33.1568
387.000000	95.475	-33.4314
395.000000	95.446	-33.5937
400.000000	95.441	-33.6656
406.000000	95.445	-33.6039
412.000000	95.471	-33.2914
418.000000	95.463	-33.1715
425.000000	95.481	-32.9217
431.000000	95.474	-32.8121
437.000000	95.451	-32.6147
444.000000	95.489	-32.4493
450.000000	95.470	-32.4062
455.000000	95.455	-32.1552
462.000000	95.449	-31.9686
468.000000	95.446	-31.7412
475.000000	95.449	-31.5677
482.000000	95.427	-31.3917
487.000000	95.426	-31.1386
494.000000	95.433	-30.9013
500.000000	95.413	-30.8386
508.000000	95.403	-30.4601
515.000000	95.391	-30.0949
522.000000	95.391	-29.8930
530.000000	95.378	-29.4920
538.000000	95.369	-29.2131
545.000000	95.360	-28.8945
552.000000	95.362	-28.5734
560.000000	95.337	-28.2035
570.000000	95.321	-27.7075
580.000000	95.320	-27.2429
590.000000	95.313	-26.6587
600.000000	95.300	-26.3084
608.000000	95.290	-25.7416
615.000000	95.292	-25.3548
622.000000	95.271	-24.9402
630.000000	95.256	-24.3889
640.000000	95.254	-23.8891
650.000000	95.226	-23.1648
660.000000	95.221	-22.5895
670.000000	95.225	-21.9159
680.000000	95.206	-21.3103
690.000000	95.203	-20.5604
700.000000	95.189	-19.8672
710.000000	95.202	-19.0765
720.000000	95.164	-18.3258
730.000000	95.165	-17.6024
740.000000	95.152	-16.7539
750.000000	95.162	-15.9279
762.000000	95.146	-15.0189
775.000000	95.148	-13.9002
788.000000	95.155	-12.6370
800.000000	95.135	-11.6478
812.000000	95.145	-10.6938
825.000000	95.160	-9.4227
838.000000	95.146	-8.1586
850.000000	95.153	-6.8986
862.000000	95.160	-5.8322
875.000000	95.186	-4.5074
885.000000	95.198	-3.4491
900.000000	95.220	-2.0433
912.000000	95.259	-0.7293
925.000000	95.280	0.6073
938.000000	95.310	2.1456
950.000000	95.349	3.3871
962.000000	95.386	4.6534
975.000000	95.444	6.0087
988.000000	95.483	7.4575
1000.000000	95.547	8.7834
1015.000000	95.589	10.4848
1030.000000	95.683	12.0990
1044.000000	95.783	13.3936
1060.000000	95.888	14.6950
1075.000000	95.922	15.4270
1090.000000	95.991	15.8632
1106.000000	96.115	16.2707
1120.000000	96.182	16.7281
1138.000000	96.291	17.1401
1150.000000	96.353	17.3725
1172.000000	96.487	17.8183
1180.000000	96.506	18.1623
1206.000000	96.675	18.4439
1220.000000	96.760	18.6119
1241.000000	96.832	18.8562
1250.000000	96.885	18.9995
1265.000000	96.998	19.2481
1280.000000	97.047	19.3748
1315.000000	97.213	19.6303
1320.000000	97.257	19.6593
1340.000000	97.299	19.9365
1360.000000	97.401	20.1637
1380.000000	97.510	20.3118
1400.000000	97.565	20.3106
1430.000000	97.675	20.5667
1450.000000	97.722	20.9372
1475.000000	97.822	20.9415
1500.000000	97.906	21.1230
1525.000000	97.987	21.5044
1550.000000	98.029	21.7538
1575.000000	98.112	22.1298
1600.000000	98.197	22.1956
1625.000000	98.261	22.6373
1650.000000	98.338	22.8803
1675.000000	98.406	23.4866
1700.000000	98.504	23.4066
1725.000000	98.584	23.9668
1750.000000	98.678	24.4365
1775.000000	98.775	24.3277
1800.000000	98.871	24.8752
1825.000000	98.963	25.0236
1850.000000	99.036	25.5710
1875.000000	99.127	25.7344
1900.000000	99.237	25.7290
1925.000000	99.327	26.2950
1950.000000	99.383	26.5775
1975.000000	99.535	26.6803
2000.000000	99.629	27.0384
2030.000000	99.748	27.1948
2060.000000	99.886	27.4002
2090.000000	100.003	27.5649
2120.000000	100.114	27.6109
2140.000000	100.233	27.6406
2180.000000	100.371	27.5764
2200.000000	100.487	27.5361
2240.000000	100.653	27.5120
2270.000000	100.781	27.4666
2300.000000	100.858	27.4450
2330.000000	101.007	27.2297
2360.000000	101.074	26.7271
2400.000000	101.224	26.5646
2430.000000	101.324	26.3447
2470.000000	101.470	26.2339
2500.000000	101.568	25.2365
2540.000000	101.650	25.1833
2580.000000	101.720	24.6015
2620.000000	101.772	23.5460
2650.000000	101.876	23.2639
2690.000000	101.950	23.1788
2720.000000	102.000	22.5347
2760.000000	102.036	22.0215
2800.000000	102.054	21.1142
2850.000000	102.095	20.2451
2900.000000	102.067	19.3729
2950.000000	101.996	18.8519
3000.000000	101.969	18.7680
3040.000000	101.898	17.7133
3070.000000	101.839	17.4773
3110.000000	101.876	16.9790
3150.000000	101.755	17.0329
3200.000000	101.676	16.3382
3250.000000	101.450	16.4910
3300.000000	101.383	16.4283
3350.000000	101.266	16.5608
3400.000000	101.081	16.9351
3450.000000	100.954	17.5009
3500.000000	100.838	18.4524
3550.000000	100.826	19.2679
3600.000000	100.789	19.9696
3650.000000	100.835	19.9350
3700.000000	100.811	20.1375
3750.000000	100.688	20.3631
3820.000000	100.615	20.4931
3870.000000	100.517	20.8195
3950.000000	100.449	21.8761
4000.000000	100.297	22.2516
4060.000000	100.254	22.9393
4120.000000	100.177	23.3075
4180.000000	100.045	23.7962
4250.000000	99.975	24.2448
4310.000000	99.904	24.6556
4370.000000	99.695	25.5191
4440.000000	99.593	25.6351
4500.000000	99.456	26.4980
4550.000000	99.279	27.2854
4620.000000	99.153	28.0344
4680.000000	98.964	28.2087
4750.000000	98.684	31.3326
4820.000000	98.553	36.2497
4870.000000	98.360	40.0335
4940.000000	98.172	45.7013
5000.000000	98.035	50.8008
5080.000000	97.922	57.3248
5150.000000	97.799	63.0109
5220.000000	97.716	68.7125
5300.000000	97.606	75.1525
5380.000000	97.425	81.8902
5450.000000	97.222	87.3991
5520.000000	97.082	93.1404
5600.000000	96.947	100.0245
5700.000000	96.765	108.7258
5800.000000	96.605	117.8837
5900.000000	96.468	127.2332
6000.000000	96.262	136.3470
6080.000000	96.117	143.8728
6150.000000	95.976	150.7520
6220.000000	95.862	157.5811
6300.000000	95.738	165.5166
6400.000000	95.625	175.5683
6500.000000	95.557	-174.4257
6600.000000	95.498	-163.7532
6700.000000	95.365	-153.3732
6800.000000	95.377	-142.8187
6900.000000	95.382	-132.0558
7000.000000	95.376	-120.9061
7100.000000	95.480	-109.7050
7200.000000	95.609	-99.1864
7300.000000	95.850	-88.0399
7400.000000	96.107	-77.3174
7500.000000	96.519	-66.7060
7620.000000	97.154	-55.4683
7750.000000	97.964	-45.1955
7880.000000	98.646	-38.2317
8000.000000	98.811	-34.5282
8120.000000	98.513	-31.0077
8250.000000	97.674	-24.6991
8380.000000	96.612	-16.6122
8500.000000	95.559	-6.9226
8620.000000	94.481	3.7329
8750.000000	93.348	16.3002
8850.000000	92.445	26.9893
9000.000000	91.143	44.3735
9120.000000	90.240	58.6201
9250.000000	89.330	75.9291
9380.000000	88.424	92.8185
9500.000000	87.670	109.1112
9620.000000	86.997	125.9178
9750.000000	86.297	144.1339
9880.000000	85.674	162.3558
10000.000000	85.142	179.7311
10150.000000	84.578	-158.0698
10300.000000	84.010	-135.4854
10440.000000	83.650	-114.4531
10600.000000	83.258	-90.6026
10750.000000	82.914	-67.8799
10900.000000	82.674	-45.6414
11060.000000	82.359	-21.8397
11200.000000	82.188	-0.6601
11380.000000	82.122	26.7972
11500.000000	82.025	45.2024
11720.000000	81.967	78.7318
11800.000000	81.970	90.5402
12060.000000	82.055	129.7761
12200.000000	82.177	151.2449
12410.000000	82.421	-177.3829
12500.000000	82.629	-163.3500
12650.000000	82.812	-145.6399
12800.000000	83.069	-131.7777
13150.000000	84.040	-98.5784
13200.000000	84.135	-93.8108
13400.000000	85.080	-74.8335
13600.000000	86.196	-56.8192
13800.000000	87.802	-39.5011
14000.000000	89.866	-24.5350
14300.000000	94.326	-13.0399
14500.000000	97.539	-26.9873
14750.000000	95.454	-55.7201
15000.000000	91.299	-53.6448
15250.000000	88.216	-38.9633
15500.000000	86.249	-21.0234
15750.000000	84.838	-1.9851
16000.000000	83.983	17.3314
16250.000000	83.514	35.2788
16500.000000	83.439	51.9755
16750.000000	83.476	67.1665
17000.000000	83.923	81.2673
17250.000000	84.622	92.8011
17500.000000	85.698	100.4918
17750.000000	30.749	-35.9124
18000.000000	37.842	71.1367
18250.000000	32.883	-176.8330
18500.000000	36.605	170.6133
18750.000000	32.849	13.2559
19000.000000	35.750	-135.7949
19250.000000	43.160	62.6504
19500.000000	31.613	127.3262
19750.000000	28.277	-116.5059
