* Measurement data measured by REW V5.31.3
* Source: USB-C to 3.5mm Headphone Jack Adapter, USB-C to 3.5mm Headphone Jack Adapter, 0, volume: 0.138
* Format: 256k Log Swept Sine, 1 sweep at -12.0 dBFS with no timing reference
* Dated: Oct 14, 2024 4:44:56 PM
* REW Settings:
*  C-weighting compensation: Off
*  Target level: 75.0 dB
* Note: ; 
* Measurement: nozS R
* Smoothing: None
* Frequency Step: 1/48 octave
* Start Frequency: 20.300 Hz
*
* Freq(Hz)	SPL(dB)	Phase(degrees)
20.299999	99.449	-146.7157
20.600000	99.483	-147.3981
20.900000	99.507	-148.0266
21.200001	99.526	-148.6412
21.400000	99.536	-149.0371
21.799999	99.553	-149.7842
22.000000	99.562	-150.1330
22.400000	99.580	-150.7858
22.700001	99.596	-151.2485
23.000000	99.617	-151.7045
23.299999	99.641	-152.1690
23.600000	99.666	-152.6538
24.000000	99.700	-153.3370
24.299999	99.722	-153.8664
24.700001	99.743	-154.5641
25.000000	99.753	-155.0570
25.400000	99.759	-155.6518
25.799999	99.763	-156.1792
26.200001	99.770	-156.6724
26.500000	99.776	-157.0453
26.900000	99.786	-157.5662
27.200001	99.792	-157.9737
27.600000	99.797	-158.5176
28.000000	99.802	-159.0350
28.500000	99.810	-159.6233
29.000000	99.822	-160.1696
29.500000	99.835	-160.7114
30.000000	99.841	-161.2558
30.400000	99.842	-161.6775
30.700001	99.841	-161.9804
31.100000	99.844	-162.3729
31.500000	99.852	-162.7729
32.000000	99.867	-163.3074
32.500000	99.877	-163.8614
33.000000	99.879	-164.3679
33.500000	99.878	-164.7832
34.000000	99.882	-165.1421
34.500000	99.889	-165.5231
35.000000	99.891	-165.9667
35.500000	99.882	-166.4433
36.000000	99.867	-166.9045
36.500000	99.858	-167.3434
37.000000	99.857	-167.7866
37.500000	99.861	-168.2414
38.200001	99.866	-168.8420
38.700001	99.868	-169.2195
39.500000	99.866	-169.7780
40.000000	99.860	-170.1250
40.599998	99.852	-170.5420
41.200001	99.845	-170.9610
41.799999	99.839	-171.3787
42.500000	99.833	-171.8480
43.099998	99.827	-172.2400
43.700001	99.819	-172.6298
44.400002	99.807	-173.0480
45.000000	99.799	-173.3734
45.500000	99.794	-173.6601
46.200001	99.782	-174.1039
46.799999	99.766	-174.4721
47.500000	99.754	-174.8670
48.200001	99.749	-175.2675
48.700001	99.739	-175.5203
49.400002	99.724	-175.7677
50.000000	99.721	-175.9927
50.799999	99.711	-176.4908
51.500000	99.682	-176.9259
52.200001	99.663	-177.2082
53.000000	99.663	-177.5807
53.799999	99.639	-178.0222
54.500000	99.610	-178.2671
55.200001	99.602	-178.4913
56.000000	99.591	-178.8860
57.000000	99.547	-179.3918
58.000000	99.523	-179.8201
59.000000	99.553	179.7714
60.000000	99.562	179.2602
60.799999	99.506	179.0193
61.500000	99.463	178.9075
62.200001	99.445	178.6388
63.000000	99.427	178.2544
64.000000	99.411	177.9753
65.000000	99.385	177.6470
66.000000	99.346	177.2719
67.000000	99.325	176.9359
68.000000	99.307	176.6716
69.000000	99.272	176.3552
70.000000	99.247	176.0894
71.000000	99.248	175.6765
72.000000	99.192	175.2891
73.000000	99.147	175.2074
74.000000	99.139	174.8735
75.000000	99.110	174.5734
76.199997	99.081	174.3193
77.500000	99.043	173.9830
78.800003	99.010	173.6479
80.000000	98.965	173.4058
81.199997	98.927	173.0408
82.500000	98.888	172.7353
83.800003	98.862	172.5084
85.000000	98.825	172.3136
86.199997	98.795	172.0926
87.500000	98.756	171.7818
88.500000	98.723	171.5935
90.000000	98.693	171.3338
91.199997	98.656	171.1188
92.500000	98.611	170.9191
93.800003	98.568	170.6765
95.000000	98.534	170.4965
96.199997	98.507	170.3104
97.500000	98.456	170.1220
98.800003	98.423	169.8860
100.000000	98.384	169.6399
101.500000	98.353	169.6007
103.000000	98.302	169.3694
104.400002	98.262	169.1765
106.000000	98.214	169.0084
107.500000	98.171	168.7970
109.000000	98.129	168.6512
110.599998	98.076	168.4916
112.000000	98.062	168.4662
113.800003	97.964	168.2679
115.000000	97.921	168.1818
117.199997	97.881	168.0233
118.000000	97.856	168.0674
120.599998	97.709	167.8653
122.000000	97.758	167.6222
124.099998	97.684	167.6464
125.000000	97.650	167.4941
126.500000	97.617	167.5508
128.000000	97.580	167.6249
131.500000	97.481	167.4142
132.000000	97.465	167.4577
134.000000	97.431	167.5006
136.000000	97.397	167.3201
138.000000	97.360	167.4687
140.000000	97.297	167.2243
143.000000	97.265	167.3754
145.000000	97.171	167.3075
147.500000	97.140	167.3375
150.000000	97.051	167.4206
152.500000	97.043	167.4014
155.000000	96.990	167.4334
157.500000	96.962	167.4137
160.000000	96.923	167.5060
162.500000	96.898	167.4820
165.000000	96.850	167.3523
167.500000	96.803	167.3990
170.000000	96.773	167.4089
172.500000	96.730	167.3658
175.000000	96.685	167.3257
177.500000	96.647	167.3178
180.000000	96.595	167.2126
182.500000	96.568	167.3045
185.000000	96.525	167.2796
187.500000	96.477	167.2940
190.000000	96.437	167.3009
192.500000	96.396	167.3167
195.000000	96.356	167.3405
197.500000	96.313	167.3918
200.000000	96.272	167.3908
203.000000	96.224	167.4438
206.000000	96.172	167.5032
209.000000	96.126	167.5766
212.000000	96.077	167.6559
214.000000	96.047	167.6826
218.000000	95.983	167.7980
220.000000	95.956	167.8565
224.000000	95.890	167.9672
227.000000	95.847	168.0828
230.000000	95.804	168.1924
233.000000	95.758	168.3321
236.000000	95.716	168.4078
240.000000	95.657	168.5799
243.000000	95.619	168.7177
247.000000	95.569	168.9395
250.000000	95.536	169.0608
254.000000	95.486	169.2490
258.000000	95.443	169.4335
262.000000	95.394	169.6085
265.000000	95.360	169.7362
269.000000	95.317	169.9257
272.000000	95.288	170.0707
276.000000	95.241	170.2567
280.000000	95.197	170.4408
285.000000	95.150	170.7151
290.000000	95.089	170.9724
295.000000	95.041	171.2281
300.000000	94.999	171.3615
304.000000	94.958	171.7367
307.000000	94.932	171.8829
311.000000	94.895	172.1120
315.000000	94.863	172.3321
320.000000	94.821	172.5906
325.000000	94.783	172.8773
330.000000	94.746	173.1440
335.000000	94.708	173.4266
340.000000	94.669	173.7155
345.000000	94.633	173.9989
350.000000	94.597	174.2647
355.000000	94.567	174.5287
360.000000	94.532	174.8253
365.000000	94.501	175.0831
370.000000	94.465	175.3539
375.000000	94.434	175.6356
382.000000	94.388	176.0480
387.000000	94.359	176.3049
395.000000	94.314	176.7539
400.000000	94.286	177.0425
406.000000	94.251	177.3952
412.000000	94.218	177.7292
418.000000	94.190	178.1009
425.000000	94.151	178.4714
431.000000	94.122	178.8290
437.000000	94.092	179.1668
444.000000	94.060	179.5709
450.000000	94.035	179.9098
455.000000	94.013	-179.7683
462.000000	93.984	-179.3725
468.000000	93.956	-179.0324
475.000000	93.929	-178.6219
482.000000	93.901	-178.1979
487.000000	93.882	-177.9093
494.000000	93.858	-177.5026
500.000000	93.837	-177.1459
508.000000	93.809	-176.6816
515.000000	93.786	-176.2683
522.000000	93.762	-175.8582
530.000000	93.739	-175.3839
538.000000	93.716	-174.8969
545.000000	93.695	-174.4946
552.000000	93.676	-174.0837
560.000000	93.654	-173.5876
570.000000	93.633	-172.9910
580.000000	93.608	-172.3740
590.000000	93.585	-171.7762
600.000000	93.565	-171.2083
608.000000	93.549	-170.6782
615.000000	93.534	-170.2423
622.000000	93.525	-169.8087
630.000000	93.508	-169.3046
640.000000	93.498	-168.6978
650.000000	93.480	-168.0580
660.000000	93.482	-167.4612
670.000000	93.460	-166.7883
680.000000	93.449	-166.1338
690.000000	93.441	-165.5160
700.000000	93.435	-164.8337
710.000000	93.432	-164.1905
720.000000	93.431	-163.5277
730.000000	93.428	-162.8578
740.000000	93.430	-162.1772
750.000000	93.435	-161.5063
762.000000	93.443	-160.6599
775.000000	93.455	-159.7918
788.000000	93.475	-158.8876
800.000000	93.495	-158.0701
812.000000	93.519	-157.2493
825.000000	93.553	-156.3605
838.000000	93.591	-155.4883
850.000000	93.624	-154.6913
862.000000	93.661	-153.9064
875.000000	93.711	-153.0554
885.000000	93.745	-152.4160
900.000000	93.816	-151.5564
912.000000	93.856	-150.7069
925.000000	93.912	-149.8825
938.000000	93.972	-149.0776
950.000000	94.035	-148.3370
962.000000	94.097	-147.5964
975.000000	94.167	-146.7998
988.000000	94.246	-146.0118
1000.000000	94.322	-145.3593
1015.000000	94.427	-144.4932
1030.000000	94.536	-143.6859
1044.000000	94.644	-142.9687
1060.000000	94.769	-142.2363
1075.000000	94.889	-141.5608
1090.000000	95.015	-140.9416
1106.000000	95.148	-140.3671
1120.000000	95.266	-139.8716
1138.000000	95.416	-139.3336
1150.000000	95.519	-139.0258
1172.000000	95.697	-138.5285
1180.000000	95.763	-138.3465
1206.000000	95.965	-137.8793
1220.000000	96.070	-137.6705
1241.000000	96.220	-137.4099
1250.000000	96.285	-137.3080
1265.000000	96.384	-137.1544
1280.000000	96.484	-137.0213
1315.000000	96.697	-136.7454
1320.000000	96.730	-136.7173
1340.000000	96.842	-136.5866
1360.000000	96.950	-136.4646
1380.000000	97.056	-136.3635
1400.000000	97.155	-136.2188
1430.000000	97.297	-136.0433
1450.000000	97.392	-135.9040
1475.000000	97.505	-135.7484
1500.000000	97.609	-135.5857
1525.000000	97.723	-135.4084
1550.000000	97.832	-135.2207
1575.000000	97.937	-135.0453
1600.000000	98.042	-134.8588
1625.000000	98.149	-134.6690
1650.000000	98.257	-134.4856
1675.000000	98.367	-134.3069
1700.000000	98.474	-134.1111
1725.000000	98.586	-133.9479
1750.000000	98.699	-133.8040
1775.000000	98.813	-133.6684
1800.000000	98.928	-133.5502
1825.000000	99.042	-133.4458
1850.000000	99.156	-133.3812
1875.000000	99.271	-133.3054
1900.000000	99.387	-133.2456
1925.000000	99.506	-133.1940
1950.000000	99.627	-133.1814
1975.000000	99.747	-133.1969
2000.000000	99.876	-133.2303
2030.000000	100.017	-133.3348
2060.000000	100.164	-133.4814
2090.000000	100.306	-133.6815
2120.000000	100.448	-133.9433
2140.000000	100.539	-134.1394
2180.000000	100.718	-134.5732
2200.000000	100.805	-134.8062
2240.000000	100.974	-135.3270
2270.000000	101.094	-135.7649
2300.000000	101.213	-136.2372
2330.000000	101.322	-136.7482
2360.000000	101.430	-137.2730
2400.000000	101.564	-138.0278
2430.000000	101.656	-138.6212
2470.000000	101.772	-139.4443
2500.000000	101.853	-140.0914
2540.000000	101.950	-140.9669
2580.000000	102.036	-141.8824
2620.000000	102.109	-142.8216
2650.000000	102.155	-143.5422
2690.000000	102.203	-144.4823
2720.000000	102.234	-145.1963
2760.000000	102.262	-146.1094
2800.000000	102.278	-147.0078
2850.000000	102.287	-148.0959
2900.000000	102.284	-149.1212
2950.000000	102.269	-150.1026
3000.000000	102.238	-151.0189
3040.000000	102.217	-151.7116
3070.000000	102.195	-152.2137
3110.000000	102.162	-152.8548
3150.000000	102.125	-153.4611
3200.000000	102.076	-154.1734
3250.000000	102.019	-154.8455
3300.000000	101.961	-155.4620
3350.000000	101.900	-156.0445
3400.000000	101.835	-156.5737
3450.000000	101.768	-157.0595
3500.000000	101.704	-157.5247
3550.000000	101.640	-157.9432
3600.000000	101.575	-158.3537
3650.000000	101.511	-158.7561
3700.000000	101.441	-159.1470
3750.000000	101.367	-159.5121
3820.000000	101.261	-159.9441
3870.000000	101.186	-160.2188
3950.000000	101.071	-160.5797
4000.000000	101.002	-160.8368
4060.000000	100.929	-161.0515
4120.000000	100.850	-161.3361
4180.000000	100.769	-161.6275
4250.000000	100.671	-161.9977
4310.000000	100.582	-162.2966
4370.000000	100.486	-162.5683
4440.000000	100.371	-162.8644
4500.000000	100.265	-163.0845
4550.000000	100.179	-163.2714
4620.000000	100.052	-163.4566
4680.000000	99.938	-163.5670
4750.000000	99.808	-163.6709
4820.000000	99.675	-163.7276
4870.000000	99.579	-163.7332
4940.000000	99.450	-163.7157
5000.000000	99.338	-163.6631
5080.000000	99.201	-163.5041
5150.000000	99.075	-163.3555
5220.000000	98.961	-163.1572
5300.000000	98.836	-162.9291
5380.000000	98.714	-162.6969
5450.000000	98.615	-162.4610
5520.000000	98.513	-162.2493
5600.000000	98.406	-162.0009
5700.000000	98.274	-161.6580
5800.000000	98.143	-161.2966
5900.000000	98.020	-160.8651
6000.000000	97.907	-160.3896
6080.000000	97.822	-160.0110
6150.000000	97.759	-159.6019
6220.000000	97.698	-159.2196
6300.000000	97.649	-158.7601
6400.000000	97.594	-158.1644
6500.000000	97.561	-157.5520
6600.000000	97.557	-156.9913
6700.000000	97.574	-156.4607
6800.000000	97.629	-155.9799
6900.000000	97.709	-155.5859
7000.000000	97.826	-155.3169
7100.000000	97.980	-155.1757
7200.000000	98.184	-155.3069
7300.000000	98.427	-155.7838
7400.000000	98.705	-156.6784
7500.000000	99.009	-158.1087
7620.000000	99.398	-160.5603
7750.000000	99.821	-164.4472
7880.000000	100.180	-169.8212
8000.000000	100.371	-176.0938
8120.000000	100.345	176.7162
8250.000000	100.021	168.5678
8380.000000	99.403	160.8334
8500.000000	98.629	154.4618
8620.000000	97.702	149.1077
8750.000000	96.576	144.6362
8850.000000	95.689	142.1527
9000.000000	94.361	139.8605
9120.000000	93.347	138.8954
9250.000000	92.329	138.7053
9380.000000	91.378	139.0803
9500.000000	90.562	139.8155
9620.000000	89.814	140.7406
9750.000000	89.071	141.8983
9880.000000	88.389	143.3419
10000.000000	87.795	144.9190
10150.000000	87.139	146.6288
10300.000000	86.562	148.5142
10440.000000	86.061	150.2114
10600.000000	85.543	152.2964
10750.000000	85.127	154.0825
10900.000000	84.766	155.8448
11060.000000	84.425	157.6214
11200.000000	84.195	159.1583
11380.000000	83.950	160.8369
11500.000000	83.823	162.0171
11720.000000	83.666	163.5532
11800.000000	83.646	164.0225
12060.000000	83.609	165.1071
12200.000000	83.665	165.4456
12410.000000	83.786	165.6855
12500.000000	83.868	165.2658
12650.000000	84.018	164.8030
12800.000000	84.207	164.3376
13150.000000	84.860	162.2375
13200.000000	84.961	161.8448
13400.000000	85.584	160.0038
13600.000000	86.418	157.2955
13800.000000	87.487	153.3055
14000.000000	88.834	147.3488
14300.000000	91.302	133.1326
14500.000000	93.251	117.4776
14750.000000	95.267	87.3389
15000.000000	95.211	49.0065
15250.000000	93.468	17.7466
15500.000000	91.393	-6.1399
15750.000000	89.676	-26.1820
16000.000000	88.326	-45.4679
16250.000000	87.274	-65.4595
16500.000000	86.426	-87.2073
16750.000000	85.683	-111.0336
17000.000000	84.994	-137.3362
17250.000000	84.232	-166.3480
17500.000000	83.344	162.4227
17750.000000	82.282	129.0445
18000.000000	81.129	93.9767
18250.000000	80.026	57.0935
18500.000000	78.958	17.2245
18750.000000	77.972	-27.0440
19000.000000	76.806	-76.8148
19250.000000	76.220	-134.6169
19500.000000	75.019	158.0762
19750.000000	73.238	80.1185
