* Measurement data measured by REW V5.31.3
* Source: USB-C to 3.5mm Headphone Jack Adapter, USB-C to 3.5mm Headphone Jack Adapter, 0, volume: 0.138
* Format: 256k Log Swept Sine, 1 sweep at -12.0 dBFS with no timing reference
* Dated: Sep 25, 2025 8:57:11 PM
* REW Settings:
*  C-weighting compensation: Off
*  Target level: 75.0 dB
* Note: ; 
* Measurement: pop L
* Smoothing: None
* Frequency Step: 1/48 octave
* Start Frequency: 20.300 Hz
*
* Freq(Hz)	SPL(dB)	Phase(degrees)
20.299999	99.640	-156.3984
20.600000	99.651	-157.0150
20.900000	99.653	-157.5618
21.200001	99.653	-158.0814
21.400000	99.655	-158.4119
21.799999	99.664	-159.0453
22.000000	99.673	-159.3554
22.400000	99.696	-159.9790
22.700001	99.714	-160.4610
23.000000	99.729	-160.9550
23.299999	99.739	-161.4524
23.600000	99.743	-161.9399
24.000000	99.742	-162.5533
24.299999	99.740	-162.9814
24.700001	99.741	-163.5220
25.000000	99.746	-163.9216
25.400000	99.756	-164.4635
25.799999	99.763	-165.0119
26.200001	99.764	-165.5385
26.500000	99.761	-165.9017
26.900000	99.757	-166.3416
27.200001	99.755	-166.6526
27.600000	99.757	-167.0789
28.000000	99.762	-167.5460
28.500000	99.765	-168.1801
29.000000	99.761	-168.8027
29.500000	99.756	-169.3637
30.000000	99.755	-169.8837
30.400000	99.756	-170.3018
30.700001	99.754	-170.6208
31.100000	99.747	-171.0386
31.500000	99.738	-171.4243
32.000000	99.730	-171.8553
32.500000	99.732	-172.2720
33.000000	99.737	-172.7254
33.500000	99.735	-173.2105
34.000000	99.724	-173.6780
34.500000	99.709	-174.1038
35.000000	99.698	-174.5178
35.500000	99.691	-174.9598
36.000000	99.681	-175.4239
36.500000	99.668	-175.8648
37.000000	99.655	-176.2529
37.500000	99.647	-176.6089
38.200001	99.640	-177.1340
38.700001	99.631	-177.5313
39.500000	99.607	-178.1009
40.000000	99.598	-178.4067
40.599998	99.593	-178.7926
41.200001	99.585	-179.2296
41.799999	99.568	-179.6676
42.500000	99.546	179.8680
43.099998	99.533	179.4697
43.700001	99.518	179.0495
44.400002	99.496	178.5918
45.000000	99.478	178.2550
45.500000	99.466	177.9876
46.200001	99.451	177.5947
46.799999	99.436	177.2447
47.500000	99.416	176.8483
48.200001	99.397	176.4754
48.700001	99.383	176.2118
49.400002	99.362	175.8185
50.000000	99.340	175.4619
50.799999	99.310	175.0049
51.500000	99.293	174.6246
52.200001	99.280	174.2429
53.000000	99.258	173.8521
53.799999	99.228	173.5439
54.500000	99.203	173.2875
55.200001	99.183	172.9824
56.000000	99.160	172.5573
57.000000	99.120	172.0901
58.000000	99.096	171.7485
59.000000	99.066	171.2004
60.000000	99.007	170.7879
60.799999	98.994	170.5768
61.500000	98.991	170.2443
62.200001	98.965	169.8881
63.000000	98.926	169.6128
64.000000	98.891	169.2536
65.000000	98.851	168.8908
66.000000	98.823	168.5689
67.000000	98.786	168.1921
68.000000	98.749	167.8831
69.000000	98.719	167.5135
70.000000	98.678	167.1419
71.000000	98.640	166.8241
72.000000	98.602	166.4976
73.000000	98.563	166.2104
74.000000	98.530	165.9305
75.000000	98.499	165.6345
76.199997	98.457	165.2739
77.500000	98.408	164.9091
78.800003	98.360	164.5968
80.000000	98.313	164.2390
81.199997	98.260	163.9306
82.500000	98.231	163.5966
83.800003	98.176	163.2749
85.000000	98.127	162.9921
86.199997	98.084	162.7218
87.500000	98.040	162.4161
88.500000	97.998	162.2098
90.000000	97.944	161.8604
91.199997	97.899	161.6361
92.500000	97.847	161.3472
93.800003	97.798	161.1230
95.000000	97.756	160.8739
96.199997	97.713	160.6656
97.500000	97.661	160.3895
98.800003	97.609	160.1996
100.000000	97.566	159.9703
101.500000	97.512	159.7280
103.000000	97.452	159.4826
104.400002	97.403	159.2735
106.000000	97.336	159.0183
107.500000	97.284	158.8085
109.000000	97.225	158.6324
110.599998	97.164	158.3823
112.000000	97.111	158.2283
113.800003	97.039	158.0330
115.000000	96.992	157.9485
117.199997	96.912	157.7259
118.000000	96.881	157.7163
120.599998	96.777	157.4267
122.000000	96.762	157.3540
124.099998	96.689	157.1786
125.000000	96.662	157.0874
126.500000	96.616	156.9618
128.000000	96.561	156.8119
131.500000	96.449	156.5245
132.000000	96.433	156.4846
134.000000	96.366	156.3088
136.000000	96.300	156.1725
138.000000	96.225	156.0332
140.000000	96.161	155.9280
143.000000	96.052	155.7852
145.000000	95.989	155.7007
147.500000	95.897	155.6242
150.000000	95.818	155.6086
152.500000	95.740	155.5781
155.000000	95.662	155.6143
157.500000	95.600	155.6327
160.000000	95.534	155.6054
162.500000	95.471	155.5894
165.000000	95.410	155.5809
167.500000	95.347	155.5590
170.000000	95.287	155.5186
172.500000	95.225	155.5293
175.000000	95.169	155.4857
177.500000	95.109	155.4765
180.000000	95.038	155.4380
182.500000	94.991	155.3969
185.000000	94.935	155.3680
187.500000	94.873	155.3579
190.000000	94.813	155.3058
192.500000	94.750	155.2707
195.000000	94.685	155.2798
197.500000	94.629	155.2607
200.000000	94.564	155.2730
203.000000	94.492	155.2728
206.000000	94.413	155.3185
209.000000	94.345	155.3576
212.000000	94.273	155.4248
214.000000	94.221	155.4603
218.000000	94.132	155.5505
220.000000	94.086	155.5978
224.000000	93.994	155.7067
227.000000	93.927	155.8052
230.000000	93.864	155.9068
233.000000	93.797	155.9975
236.000000	93.733	156.1280
240.000000	93.660	156.2329
243.000000	93.591	156.3794
247.000000	93.509	156.5722
250.000000	93.449	156.7017
254.000000	93.368	156.8901
258.000000	93.297	157.1087
262.000000	93.218	157.3055
265.000000	93.167	157.4716
269.000000	93.098	157.6719
272.000000	93.045	157.8356
276.000000	92.980	158.0671
280.000000	92.916	158.2961
285.000000	92.833	158.5321
290.000000	92.756	158.8168
295.000000	92.680	159.0803
300.000000	92.605	159.3231
304.000000	92.544	159.5609
307.000000	92.500	159.7335
311.000000	92.443	159.9693
315.000000	92.385	160.2198
320.000000	92.313	160.5125
325.000000	92.244	160.8067
330.000000	92.176	161.0931
335.000000	92.111	161.4193
340.000000	92.043	161.7601
345.000000	91.980	162.0706
350.000000	91.917	162.3647
355.000000	91.858	162.6889
360.000000	91.801	163.0374
365.000000	91.738	163.3326
370.000000	91.683	163.6899
375.000000	91.626	164.0263
382.000000	91.554	164.4794
387.000000	91.495	164.8280
395.000000	91.417	165.3738
400.000000	91.366	165.7167
406.000000	91.309	166.1078
412.000000	91.252	166.5286
418.000000	91.196	166.9846
425.000000	91.133	167.4571
431.000000	91.078	167.8728
437.000000	91.031	168.2679
444.000000	90.970	168.7576
450.000000	90.922	169.1759
455.000000	90.881	169.5553
462.000000	90.828	170.0491
468.000000	90.776	170.4866
475.000000	90.734	170.9416
482.000000	90.674	171.4410
487.000000	90.642	171.8265
494.000000	90.598	172.3260
500.000000	90.558	172.7518
508.000000	90.505	173.3033
515.000000	90.460	173.8311
522.000000	90.417	174.3276
530.000000	90.366	174.9114
538.000000	90.319	175.5165
545.000000	90.284	176.0211
552.000000	90.240	176.5525
560.000000	90.202	177.1441
570.000000	90.151	177.8978
580.000000	90.108	178.6920
590.000000	90.063	179.4156
600.000000	90.028	-179.7762
608.000000	89.995	-179.1778
615.000000	89.967	-178.6549
622.000000	89.939	-178.1487
630.000000	89.918	-177.5269
640.000000	89.888	-176.7879
650.000000	89.860	-176.0416
660.000000	89.832	-175.3556
670.000000	89.802	-174.5122
680.000000	89.778	-173.7947
690.000000	89.754	-173.0023
700.000000	89.737	-172.2602
710.000000	89.725	-171.5023
720.000000	89.700	-170.7574
730.000000	89.693	-169.9814
740.000000	89.681	-169.2021
750.000000	89.668	-168.3909
762.000000	89.665	-167.4816
775.000000	89.657	-166.5171
788.000000	89.659	-165.4995
800.000000	89.661	-164.5527
812.000000	89.669	-163.5956
825.000000	89.676	-162.5634
838.000000	89.694	-161.5899
850.000000	89.711	-160.6407
862.000000	89.735	-159.6873
875.000000	89.771	-158.7018
885.000000	89.789	-157.9209
900.000000	89.822	-156.7898
912.000000	89.873	-155.8851
925.000000	89.929	-154.9038
938.000000	89.983	-153.9347
950.000000	90.036	-153.0693
962.000000	90.097	-152.2038
975.000000	90.162	-151.3303
988.000000	90.232	-150.3978
1000.000000	90.307	-149.6537
1015.000000	90.394	-148.6854
1030.000000	90.498	-147.7775
1044.000000	90.597	-146.9620
1060.000000	90.704	-146.0898
1075.000000	90.815	-145.3400
1090.000000	90.924	-144.6403
1106.000000	91.051	-143.8643
1120.000000	91.152	-143.3128
1138.000000	91.289	-142.6251
1150.000000	91.381	-142.1858
1172.000000	91.543	-141.4901
1180.000000	91.599	-141.2410
1206.000000	91.785	-140.5192
1220.000000	91.881	-140.1847
1241.000000	92.022	-139.6940
1250.000000	92.083	-139.5349
1265.000000	92.180	-139.2345
1280.000000	92.267	-138.9573
1315.000000	92.469	-138.3503
1320.000000	92.496	-138.2489
1340.000000	92.603	-137.9569
1360.000000	92.702	-137.6664
1380.000000	92.801	-137.3530
1400.000000	92.898	-137.1139
1430.000000	93.028	-136.6672
1450.000000	93.116	-136.3668
1475.000000	93.219	-135.9841
1500.000000	93.324	-135.6089
1525.000000	93.421	-135.2200
1550.000000	93.524	-134.8365
1575.000000	93.621	-134.4213
1600.000000	93.714	-134.0085
1625.000000	93.812	-133.5922
1650.000000	93.912	-133.1428
1675.000000	94.011	-132.6617
1700.000000	94.118	-132.1942
1725.000000	94.228	-131.6901
1750.000000	94.355	-131.1787
1775.000000	94.488	-130.7570
1800.000000	94.630	-130.4407
1825.000000	94.765	-130.1876
1850.000000	94.896	-129.9711
1875.000000	95.017	-129.7679
1900.000000	95.143	-129.5576
1925.000000	95.264	-129.3927
1950.000000	95.389	-129.2229
1975.000000	95.519	-129.0534
2000.000000	95.641	-128.9407
2030.000000	95.793	-128.8440
2060.000000	95.945	-128.7967
2090.000000	96.098	-128.7863
2120.000000	96.248	-128.8387
2140.000000	96.342	-128.9168
2180.000000	96.529	-129.1059
2200.000000	96.618	-129.2333
2240.000000	96.787	-129.5341
2270.000000	96.903	-129.7956
2300.000000	97.015	-130.0441
2330.000000	97.115	-130.3138
2360.000000	97.208	-130.5770
2400.000000	97.324	-130.9012
2430.000000	97.400	-131.1071
2470.000000	97.499	-131.3126
2500.000000	97.572	-131.3908
2540.000000	97.679	-131.4114
2580.000000	97.795	-131.3216
2620.000000	97.944	-131.1328
2650.000000	98.095	-131.0185
2690.000000	98.337	-131.1709
2720.000000	98.523	-131.6652
2760.000000	98.741	-132.6626
2800.000000	98.901	-133.8996
2850.000000	99.037	-135.4087
2900.000000	99.123	-136.8174
2950.000000	99.181	-138.1044
3000.000000	99.224	-139.2997
3040.000000	99.243	-140.2126
3070.000000	99.251	-140.8705
3110.000000	99.254	-141.6772
3150.000000	99.245	-142.4401
3200.000000	99.222	-143.2768
3250.000000	99.200	-143.9856
3300.000000	99.176	-144.5873
3350.000000	99.164	-145.0991
3400.000000	99.166	-145.6180
3450.000000	99.168	-146.1775
3500.000000	99.172	-146.7739
3550.000000	99.167	-147.4014
3600.000000	99.155	-148.0375
3650.000000	99.139	-148.6455
3700.000000	99.115	-149.2843
3750.000000	99.082	-149.9168
3820.000000	99.018	-150.7128
3870.000000	98.969	-151.2086
3950.000000	98.891	-151.8625
4000.000000	98.852	-152.2179
4060.000000	98.811	-152.5985
4120.000000	98.777	-153.0593
4180.000000	98.749	-153.5869
4250.000000	98.707	-154.2216
4310.000000	98.665	-154.8098
4370.000000	98.617	-155.4801
4440.000000	98.547	-156.2451
4500.000000	98.480	-156.9160
4550.000000	98.413	-157.4583
4620.000000	98.310	-158.2247
4680.000000	98.208	-158.8310
4750.000000	98.082	-159.5186
4820.000000	97.942	-160.1225
4870.000000	97.839	-160.5525
4940.000000	97.684	-161.0239
5000.000000	97.548	-161.4038
5080.000000	97.360	-161.7866
5150.000000	97.199	-162.0532
5220.000000	97.033	-162.2224
5300.000000	96.839	-162.3552
5380.000000	96.652	-162.4367
5450.000000	96.488	-162.4049
5520.000000	96.322	-162.3299
5600.000000	96.135	-162.1520
5700.000000	95.911	-161.7665
5800.000000	95.703	-161.2375
5900.000000	95.507	-160.6126
6000.000000	95.330	-159.8726
6080.000000	95.205	-159.1652
6150.000000	95.108	-158.4991
6220.000000	95.027	-157.8407
6300.000000	94.954	-156.9993
6400.000000	94.887	-155.9512
6500.000000	94.854	-154.8624
6600.000000	94.858	-153.7613
6700.000000	94.905	-152.6617
6800.000000	94.996	-151.6721
6900.000000	95.144	-150.7518
7000.000000	95.333	-150.0220
7100.000000	95.576	-149.5271
7200.000000	95.887	-149.2997
7300.000000	96.249	-149.5689
7400.000000	96.672	-150.3948
7500.000000	97.110	-151.9000
7620.000000	97.677	-154.7603
7750.000000	98.280	-159.4384
7880.000000	98.773	-165.9627
8000.000000	99.014	-173.4984
8120.000000	98.957	178.0827
8250.000000	98.533	169.0375
8380.000000	97.801	160.9308
8500.000000	96.944	154.5860
8620.000000	95.969	149.3915
8750.000000	94.824	145.1085
8850.000000	93.916	142.7781
9000.000000	92.549	140.7719
9120.000000	91.524	140.2332
9250.000000	90.475	140.6478
9380.000000	89.538	141.8074
9500.000000	88.779	143.3971
9620.000000	88.119	145.0701
9750.000000	87.478	147.2532
9880.000000	86.951	149.3369
10000.000000	86.528	151.2953
10150.000000	86.094	153.9389
10300.000000	85.748	156.2961
10440.000000	85.496	158.4892
10600.000000	85.308	160.8676
10750.000000	85.248	162.7819
10900.000000	85.276	164.4974
11060.000000	85.395	165.8709
11200.000000	85.606	166.6763
11380.000000	86.092	166.8673
11500.000000	86.579	165.8582
11720.000000	88.163	156.4840
11800.000000	88.829	142.2881
12060.000000	83.029	174.8137
12200.000000	85.655	173.8041
12410.000000	87.753	168.1710
12500.000000	88.513	164.9940
12650.000000	89.724	158.3412
12800.000000	90.863	149.7500
13150.000000	92.712	120.1722
13200.000000	92.782	115.1310
13400.000000	92.567	95.1729
13600.000000	91.716	77.6580
13800.000000	90.633	63.1257
14000.000000	89.569	50.9457
14300.000000	88.252	35.2651
14500.000000	87.598	25.1797
14750.000000	87.081	12.3629
15000.000000	86.938	-1.1858
15250.000000	86.983	-17.2622
15500.000000	87.345	-36.2982
15750.000000	87.891	-60.4276
16000.000000	88.165	-91.0005
16250.000000	87.567	-126.4224
16500.000000	85.888	-161.6558
16750.000000	83.666	166.4913
17000.000000	81.388	137.1063
17250.000000	79.222	108.3744
17500.000000	77.234	79.2624
17750.000000	75.302	48.8887
18000.000000	73.502	15.6501
18250.000000	71.555	-19.8265
18500.000000	69.524	-57.5016
18750.000000	67.718	-99.6104
19000.000000	65.818	-148.9316
19250.000000	63.773	159.9244
19500.000000	61.651	94.3013
19750.000000	58.871	20.9058
