* Measurement data measured by REW V5.31.3
* Source: USB-C to 3.5mm Headphone Jack Adapter, USB-C to 3.5mm Headphone Jack Adapter, 0, volume: 0.138
* Format: 256k Log Swept Sine, 1 sweep at -12.0 dBFS with no timing reference
* Dated: Oct 14, 2024 4:58:22 PM
* REW Settings:
*  C-weighting compensation: Off
*  Target level: 75.0 dB
* Note: ; 
* Measurement: nozS L
* Smoothing: None
* Frequency Step: 1/48 octave
* Start Frequency: 20.300 Hz
*
* Freq(Hz)	SPL(dB)	Phase(degrees)
20.299999	99.081	-145.4634
20.600000	99.110	-146.0402
20.900000	99.135	-146.5041
21.200001	99.160	-146.9550
21.400000	99.176	-147.2699
21.799999	99.205	-147.9564
22.000000	99.216	-148.3266
22.400000	99.230	-149.0952
22.700001	99.236	-149.6667
23.000000	99.241	-150.2172
23.299999	99.250	-150.7440
23.600000	99.265	-151.2543
24.000000	99.294	-151.9277
24.299999	99.319	-152.4330
24.700001	99.352	-153.0979
25.000000	99.373	-153.5732
25.400000	99.395	-154.1529
25.799999	99.410	-154.6578
26.200001	99.422	-155.0991
26.500000	99.431	-155.4075
26.900000	99.444	-155.8223
27.200001	99.455	-156.1556
27.600000	99.469	-156.6447
28.000000	99.482	-157.1808
28.500000	99.494	-157.8836
29.000000	99.504	-158.5728
29.500000	99.513	-159.2173
30.000000	99.521	-159.8081
30.400000	99.528	-160.2456
30.700001	99.533	-160.5593
31.100000	99.540	-160.9703
31.500000	99.548	-161.3891
32.000000	99.557	-161.9337
32.500000	99.562	-162.4810
33.000000	99.564	-162.9904
33.500000	99.567	-163.4514
34.000000	99.573	-163.8947
34.500000	99.578	-164.3477
35.000000	99.577	-164.7994
35.500000	99.574	-165.2257
36.000000	99.573	-165.6327
36.500000	99.575	-166.0468
37.000000	99.574	-166.4695
37.500000	99.568	-166.8711
38.200001	99.561	-167.3787
38.700001	99.561	-167.7448
39.500000	99.563	-168.3881
40.000000	99.562	-168.7838
40.599998	99.562	-169.2185
41.200001	99.564	-169.6385
41.799999	99.563	-170.0700
42.500000	99.557	-170.5764
43.099998	99.548	-170.9951
43.700001	99.539	-171.3855
44.400002	99.531	-171.8016
45.000000	99.527	-172.1595
45.500000	99.521	-172.4768
46.200001	99.506	-172.9191
46.799999	99.495	-173.2686
47.500000	99.489	-173.6720
48.200001	99.479	-174.0708
48.700001	99.469	-174.3152
49.400002	99.459	-174.6166
50.000000	99.457	-174.9177
50.799999	99.446	-175.3996
51.500000	99.427	-175.7876
52.200001	99.410	-176.1211
53.000000	99.396	-176.5217
53.799999	99.377	-176.9122
54.500000	99.363	-177.1904
55.200001	99.354	-177.4830
56.000000	99.336	-177.8781
57.000000	99.312	-178.3054
58.000000	99.304	-178.7648
59.000000	99.266	-179.0217
60.000000	99.258	-179.1441
60.799999	99.253	-179.6485
61.500000	99.220	179.8806
62.200001	99.195	179.5992
63.000000	99.187	179.3356
64.000000	99.165	178.9998
65.000000	99.140	178.6321
66.000000	99.114	178.2618
67.000000	99.095	177.9510
68.000000	99.060	177.6403
69.000000	99.044	177.3461
70.000000	99.026	176.8673
71.000000	98.985	176.6227
72.000000	98.964	176.3972
73.000000	98.929	176.1334
74.000000	98.915	175.9283
75.000000	98.891	175.6098
76.199997	98.847	175.3215
77.500000	98.814	174.9822
78.800003	98.784	174.6428
80.000000	98.750	174.3554
81.199997	98.726	174.0271
82.500000	98.685	173.7642
83.800003	98.654	173.5066
85.000000	98.613	173.2609
86.199997	98.587	173.0170
87.500000	98.540	172.7331
88.500000	98.519	172.5602
90.000000	98.483	172.2584
91.199997	98.449	172.1023
92.500000	98.402	171.8640
93.800003	98.372	171.6108
95.000000	98.344	171.4144
96.199997	98.313	171.2377
97.500000	98.267	170.9983
98.800003	98.235	170.8048
100.000000	98.207	170.6822
101.500000	98.165	170.4713
103.000000	98.120	170.2557
104.400002	98.087	170.0869
106.000000	98.038	169.8770
107.500000	98.002	169.7112
109.000000	97.957	169.5423
110.599998	97.913	169.3576
112.000000	97.891	169.3042
113.800003	97.830	169.0734
115.000000	97.802	168.9710
117.199997	97.737	168.7406
118.000000	97.715	168.6096
120.599998	97.684	168.4444
122.000000	97.603	168.4166
124.099998	97.556	168.1984
125.000000	97.540	168.1250
126.500000	97.495	168.0503
128.000000	97.450	167.9205
131.500000	97.359	167.7195
132.000000	97.342	167.7000
134.000000	97.298	167.5893
136.000000	97.238	167.5323
138.000000	97.179	167.4098
140.000000	97.130	167.3277
143.000000	97.042	167.2559
145.000000	96.982	167.2531
147.500000	96.902	167.2282
150.000000	96.828	167.2522
152.500000	96.738	167.4185
155.000000	96.676	167.7838
157.500000	96.628	168.1081
160.000000	96.615	168.4589
162.500000	96.621	168.8838
165.000000	96.637	168.5113
167.500000	96.628	168.4163
170.000000	96.594	168.2275
172.500000	96.554	168.1554
175.000000	96.515	168.1066
177.500000	96.476	168.0412
180.000000	96.420	167.9857
182.500000	96.393	167.9706
185.000000	96.351	167.9594
187.500000	96.309	167.9598
190.000000	96.271	167.9621
192.500000	96.228	167.9361
195.000000	96.185	167.9423
197.500000	96.143	167.9615
200.000000	96.106	167.9781
203.000000	96.052	168.0275
206.000000	96.002	168.0786
209.000000	95.955	168.1515
212.000000	95.901	168.2126
214.000000	95.875	168.2491
218.000000	95.812	168.3767
220.000000	95.780	168.4277
224.000000	95.719	168.5637
227.000000	95.677	168.6523
230.000000	95.630	168.7903
233.000000	95.590	168.8807
236.000000	95.548	169.0059
240.000000	95.488	169.1537
243.000000	95.450	169.2931
247.000000	95.394	169.5273
250.000000	95.356	169.6794
254.000000	95.309	169.9091
258.000000	95.265	170.1371
262.000000	95.228	170.3490
265.000000	95.197	170.4917
269.000000	95.159	170.7024
272.000000	95.132	170.8135
276.000000	95.090	170.9641
280.000000	95.055	171.1657
285.000000	95.007	171.3979
290.000000	94.958	171.6235
295.000000	94.912	171.8774
300.000000	94.864	172.2278
304.000000	94.830	172.3232
307.000000	94.805	172.4564
311.000000	94.768	172.6768
315.000000	94.732	172.8711
320.000000	94.693	173.1730
325.000000	94.652	173.4361
330.000000	94.608	173.7440
335.000000	94.567	174.0130
340.000000	94.533	174.2910
345.000000	94.501	174.5784
350.000000	94.465	174.8712
355.000000	94.434	175.1727
360.000000	94.409	175.4590
365.000000	94.378	175.7112
370.000000	94.348	176.0181
375.000000	94.320	176.2591
382.000000	94.277	176.6392
387.000000	94.251	176.8983
395.000000	94.208	177.3300
400.000000	94.183	177.6145
406.000000	94.146	177.9497
412.000000	94.115	178.2855
418.000000	94.085	178.6021
425.000000	94.057	178.9843
431.000000	94.030	179.3342
437.000000	94.000	179.6835
444.000000	93.966	-179.9175
450.000000	93.940	-179.5728
455.000000	93.923	-179.3043
462.000000	93.895	-178.8964
468.000000	93.867	-178.5472
475.000000	93.847	-178.1718
482.000000	93.818	-177.7574
487.000000	93.801	-177.4629
494.000000	93.780	-177.0676
500.000000	93.757	-176.7176
508.000000	93.733	-176.2484
515.000000	93.713	-175.8606
522.000000	93.691	-175.4437
530.000000	93.669	-174.9941
538.000000	93.648	-174.5031
545.000000	93.628	-174.1057
552.000000	93.613	-173.6952
560.000000	93.593	-173.2135
570.000000	93.570	-172.6310
580.000000	93.550	-172.0281
590.000000	93.530	-171.4565
600.000000	93.512	-170.8782
608.000000	93.497	-170.3793
615.000000	93.488	-169.9587
622.000000	93.474	-169.5542
630.000000	93.463	-169.0650
640.000000	93.456	-168.4577
650.000000	93.441	-167.8514
660.000000	93.428	-167.1709
670.000000	93.425	-166.6113
680.000000	93.415	-166.0050
690.000000	93.411	-165.3895
700.000000	93.409	-164.7514
710.000000	93.407	-164.1182
720.000000	93.402	-163.5052
730.000000	93.406	-162.8562
740.000000	93.408	-162.2086
750.000000	93.415	-161.5733
762.000000	93.421	-160.8072
775.000000	93.434	-159.9568
788.000000	93.451	-159.1064
800.000000	93.468	-158.3397
812.000000	93.487	-157.5378
825.000000	93.515	-156.6961
838.000000	93.544	-155.8242
850.000000	93.573	-155.0539
862.000000	93.611	-154.2580
875.000000	93.651	-153.4117
885.000000	93.688	-152.7558
900.000000	93.731	-151.8219
912.000000	93.797	-151.0353
925.000000	93.857	-150.1933
938.000000	93.916	-149.4019
950.000000	93.977	-148.6832
962.000000	94.047	-147.9702
975.000000	94.119	-147.1960
988.000000	94.204	-146.4589
1000.000000	94.276	-145.8097
1015.000000	94.378	-144.9798
1030.000000	94.483	-144.2218
1044.000000	94.587	-143.5768
1060.000000	94.706	-142.8474
1075.000000	94.822	-142.2323
1090.000000	94.939	-141.6387
1106.000000	95.066	-141.0558
1120.000000	95.172	-140.6007
1138.000000	95.318	-140.0596
1150.000000	95.413	-139.7521
1172.000000	95.582	-139.2204
1180.000000	95.644	-139.0503
1206.000000	95.834	-138.5543
1220.000000	95.936	-138.3265
1241.000000	96.084	-138.0057
1250.000000	96.142	-137.8937
1265.000000	96.244	-137.7052
1280.000000	96.340	-137.5409
1315.000000	96.551	-137.2168
1320.000000	96.578	-137.1705
1340.000000	96.692	-137.0046
1360.000000	96.798	-136.8574
1380.000000	96.904	-136.7146
1400.000000	97.001	-136.5476
1430.000000	97.140	-136.3006
1450.000000	97.235	-136.1203
1475.000000	97.348	-135.8598
1500.000000	97.463	-135.6123
1525.000000	97.588	-135.4183
1550.000000	97.711	-135.2361
1575.000000	97.826	-135.1256
1600.000000	97.935	-134.9885
1625.000000	98.037	-134.8649
1650.000000	98.137	-134.7156
1675.000000	98.235	-134.5354
1700.000000	98.331	-134.3345
1725.000000	98.429	-134.0819
1750.000000	98.531	-133.8156
1775.000000	98.640	-133.5089
1800.000000	98.761	-133.2035
1825.000000	98.890	-132.8770
1850.000000	99.038	-132.6094
1875.000000	99.200	-132.4582
1900.000000	99.363	-132.4380
1925.000000	99.521	-132.5355
1950.000000	99.670	-132.7278
1975.000000	99.807	-132.9843
2000.000000	99.935	-133.2849
2030.000000	100.073	-133.5867
2060.000000	100.204	-133.9308
2090.000000	100.332	-134.2558
2120.000000	100.456	-134.5928
2140.000000	100.537	-134.8252
2180.000000	100.697	-135.3029
2200.000000	100.774	-135.5434
2240.000000	100.928	-136.0801
2270.000000	101.040	-136.5309
2300.000000	101.149	-137.0225
2330.000000	101.248	-137.5374
2360.000000	101.343	-138.0780
2400.000000	101.458	-138.8260
2430.000000	101.535	-139.3659
2470.000000	101.634	-140.1229
2500.000000	101.703	-140.6757
2540.000000	101.789	-141.4140
2580.000000	101.870	-142.1832
2620.000000	101.941	-142.9820
2650.000000	101.990	-143.5986
2690.000000	102.043	-144.4297
2720.000000	102.076	-145.0347
2760.000000	102.113	-145.8101
2800.000000	102.144	-146.5767
2850.000000	102.175	-147.5244
2900.000000	102.199	-148.4636
2950.000000	102.214	-149.3783
3000.000000	102.218	-150.2879
3040.000000	102.215	-151.0044
3070.000000	102.210	-151.5372
3110.000000	102.195	-152.2164
3150.000000	102.174	-152.8936
3200.000000	102.142	-153.6681
3250.000000	102.105	-154.4198
3300.000000	102.063	-155.1045
3350.000000	102.019	-155.7693
3400.000000	101.973	-156.4019
3450.000000	101.924	-157.0043
3500.000000	101.875	-157.5855
3550.000000	101.824	-158.1873
3600.000000	101.768	-158.7508
3650.000000	101.708	-159.3339
3700.000000	101.646	-159.8721
3750.000000	101.580	-160.4119
3820.000000	101.476	-161.1474
3870.000000	101.398	-161.6437
3950.000000	101.264	-162.3919
4000.000000	101.175	-162.8126
4060.000000	101.062	-163.3041
4120.000000	100.948	-163.7242
4180.000000	100.829	-164.0957
4250.000000	100.690	-164.4884
4310.000000	100.571	-164.7443
4370.000000	100.453	-165.0039
4440.000000	100.319	-165.2604
4500.000000	100.199	-165.4684
4550.000000	100.102	-165.6182
4620.000000	99.963	-165.8369
4680.000000	99.842	-166.0072
4750.000000	99.697	-166.1570
4820.000000	99.550	-166.2852
4870.000000	99.442	-166.3557
4940.000000	99.288	-166.3850
5000.000000	99.159	-166.3970
5080.000000	98.979	-166.3276
5150.000000	98.819	-166.2259
5220.000000	98.668	-166.0977
5300.000000	98.497	-165.8440
5380.000000	98.320	-165.5213
5450.000000	98.176	-165.1752
5520.000000	98.033	-164.8079
5600.000000	97.875	-164.2761
5700.000000	97.701	-163.5711
5800.000000	97.539	-162.7319
5900.000000	97.399	-161.8402
6000.000000	97.280	-160.8942
6080.000000	97.203	-160.1205
6150.000000	97.153	-159.4459
6220.000000	97.111	-158.7545
6300.000000	97.086	-158.0047
6400.000000	97.073	-157.0786
6500.000000	97.095	-156.2589
6600.000000	97.146	-155.5173
6700.000000	97.220	-154.8613
6800.000000	97.328	-154.3613
6900.000000	97.459	-154.0252
7000.000000	97.623	-153.9068
7100.000000	97.816	-153.9691
7200.000000	98.045	-154.2882
7300.000000	98.306	-155.0344
7400.000000	98.593	-156.2203
7500.000000	98.888	-157.8985
7620.000000	99.254	-160.7199
7750.000000	99.621	-164.8873
7880.000000	99.901	-170.3149
8000.000000	100.007	-176.3759
8120.000000	99.913	176.9169
8250.000000	99.552	169.5150
8380.000000	98.955	162.5513
8500.000000	98.230	156.8069
8620.000000	97.377	151.8640
8750.000000	96.352	147.5939
8850.000000	95.520	145.2061
9000.000000	94.284	142.8184
9120.000000	93.329	141.8567
9250.000000	92.342	141.5683
9380.000000	91.428	141.7737
9500.000000	90.666	142.3664
9620.000000	89.936	143.2069
9750.000000	89.204	144.3679
9880.000000	88.533	145.5474
10000.000000	87.979	146.8223
10150.000000	87.345	149.1511
10300.000000	86.717	150.1776
10440.000000	86.232	151.8715
10600.000000	85.719	153.7719
10750.000000	85.314	155.5101
10900.000000	84.946	157.0862
11060.000000	84.624	158.7162
11200.000000	84.386	159.8718
11380.000000	84.102	161.4732
11500.000000	83.967	162.5307
11720.000000	83.793	163.8539
11800.000000	83.763	164.1597
12060.000000	83.693	165.1111
12200.000000	83.738	165.2773
12410.000000	83.835	165.1184
12500.000000	83.897	164.7128
12650.000000	84.030	164.4198
12800.000000	84.185	163.4560
13150.000000	84.689	160.6016
13200.000000	84.789	160.1865
13400.000000	85.273	158.3890
13600.000000	85.966	156.2030
13800.000000	86.922	153.1508
14000.000000	88.178	148.4230
14300.000000	90.659	137.2217
14500.000000	92.791	124.6670
14750.000000	95.642	98.3190
15000.000000	97.064	57.2612
15250.000000	95.391	17.3358
15500.000000	92.921	-10.7264
15750.000000	90.829	-32.4174
16000.000000	89.192	-52.0732
16250.000000	87.960	-72.1689
16500.000000	86.996	-93.5647
16750.000000	86.204	-117.2601
17000.000000	85.466	-143.6677
17250.000000	84.632	-172.7980
17500.000000	83.643	155.3922
17750.000000	82.481	122.0594
18000.000000	81.288	86.5970
18250.000000	80.065	48.5717
18500.000000	78.719	7.4993
18750.000000	77.519	-36.5617
19000.000000	76.339	-86.2261
19250.000000	75.229	-143.9674
19500.000000	73.855	149.6445
19750.000000	71.907	70.9717
