* Measurement data measured by REW V5.31.3
* Source: USB-C to 3.5mm Headphone Jack Adapter, USB-C to 3.5mm Headphone Jack Adapter, 0, volume: 0.138
* Format: 256k Log Swept Sine, 1 sweep at -12.0 dBFS with no timing reference
* Dated: Sep 16, 2025 8:57:39 PM
* REW Settings:
*  C-weighting compensation: Off
*  Target level: 75.0 dB
* Note: ; 
* Measurement: reference R
* Smoothing: None
* Frequency Step: 1/48 octave
* Start Frequency: 20.300 Hz
*
* Freq(Hz)	SPL(dB)	Phase(degrees)
20.299999	101.891	-175.9379
20.600000	101.882	-176.3492
20.900000	101.868	-176.7176
21.200001	101.854	-177.0894
21.400000	101.845	-177.3419
21.799999	101.827	-177.8512
22.000000	101.818	-178.1033
22.400000	101.800	-178.5931
22.700001	101.786	-178.9441
23.000000	101.773	-179.2836
23.299999	101.760	-179.6168
23.600000	101.747	-179.9482
24.000000	101.728	179.6102
24.299999	101.714	179.2818
24.700001	101.694	178.8526
25.000000	101.679	178.5393
25.400000	101.662	178.1329
25.799999	101.644	177.7380
26.200001	101.627	177.3554
26.500000	101.613	177.0776
26.900000	101.594	176.7185
27.200001	101.579	176.4548
27.600000	101.560	176.1039
28.000000	101.540	175.7490
28.500000	101.513	175.3018
29.000000	101.485	174.8649
29.500000	101.456	174.4509
30.000000	101.428	174.0603
30.400000	101.406	173.7587
30.700001	101.390	173.5355
31.100000	101.369	173.2391
31.500000	101.349	172.9431
32.000000	101.324	172.5748
32.500000	101.298	172.2137
33.000000	101.272	171.8661
33.500000	101.244	171.5332
34.000000	101.217	171.2076
34.500000	101.188	170.8805
35.000000	101.159	170.5503
35.500000	101.130	170.2225
36.000000	101.101	169.9035
36.500000	101.074	169.5950
37.000000	101.047	169.2948
37.500000	101.020	169.0009
38.200001	100.979	168.6006
38.700001	100.949	168.3239
39.500000	100.900	167.8942
40.000000	100.870	167.6313
40.599998	100.836	167.3198
41.200001	100.802	167.0120
41.799999	100.767	166.7077
42.500000	100.726	166.3627
43.099998	100.690	166.0824
43.700001	100.655	165.8110
44.400002	100.614	165.4908
45.000000	100.577	165.2198
45.500000	100.546	165.0081
46.200001	100.505	164.7264
46.799999	100.472	164.4779
47.500000	100.432	164.1870
48.200001	100.390	163.9169
48.700001	100.361	163.7250
49.400002	100.319	163.4432
50.000000	100.282	163.2161
50.799999	100.236	162.9478
51.500000	100.196	162.6995
52.200001	100.145	162.4632
53.000000	100.086	162.2669
53.799999	100.046	162.0181
54.500000	100.012	161.6996
55.200001	99.969	161.4342
56.000000	99.923	161.2681
57.000000	99.870	160.9908
58.000000	99.800	160.6522
59.000000	99.763	160.3310
60.000000	99.719	159.9241
60.799999	99.653	159.8144
61.500000	99.606	159.8124
62.200001	99.569	159.6734
63.000000	99.517	159.4193
64.000000	99.457	159.2268
65.000000	99.409	159.0290
66.000000	99.349	158.8178
67.000000	99.293	158.6223
68.000000	99.238	158.4258
69.000000	99.182	158.2525
70.000000	99.127	158.0817
71.000000	99.074	157.9085
72.000000	99.019	157.7471
73.000000	98.963	157.6026
74.000000	98.909	157.4448
75.000000	98.854	157.3047
76.199997	98.792	157.1439
77.500000	98.719	156.9847
78.800003	98.655	156.8425
80.000000	98.590	156.6835
81.199997	98.528	156.5698
82.500000	98.461	156.4400
83.800003	98.398	156.3169
85.000000	98.337	156.2090
86.199997	98.278	156.1188
87.500000	98.215	156.0308
88.500000	98.165	155.9531
90.000000	98.091	155.8698
91.199997	98.035	155.7785
92.500000	97.970	155.7399
93.800003	97.910	155.6559
95.000000	97.853	155.5858
96.199997	97.799	155.5358
97.500000	97.740	155.5183
98.800003	97.684	155.4589
100.000000	97.625	155.4184
101.500000	97.558	155.3922
103.000000	97.493	155.3673
104.400002	97.431	155.3783
106.000000	97.362	155.3051
107.500000	97.298	155.3445
109.000000	97.236	155.3535
110.599998	97.172	155.3394
112.000000	97.114	155.3707
113.800003	97.038	155.3641
115.000000	96.999	155.4186
117.199997	96.908	155.4517
118.000000	96.882	155.3248
120.599998	96.840	155.7969
122.000000	96.704	155.6243
124.099998	96.647	155.6208
125.000000	96.614	155.7254
126.500000	96.559	155.7170
128.000000	96.510	155.8078
131.500000	96.387	155.9640
132.000000	96.369	155.9879
134.000000	96.299	156.0922
136.000000	96.233	156.1704
138.000000	96.173	156.3063
140.000000	96.103	156.4170
143.000000	96.013	156.6082
145.000000	95.953	156.7484
147.500000	95.881	156.9169
150.000000	95.806	157.0898
152.500000	95.732	157.2525
155.000000	95.667	157.4226
157.500000	95.595	157.6024
160.000000	95.526	157.7825
162.500000	95.460	157.9853
165.000000	95.391	158.1714
167.500000	95.331	158.3519
170.000000	95.270	158.5841
172.500000	95.205	158.8154
175.000000	95.152	158.9741
177.500000	95.075	159.1939
180.000000	95.149	159.3198
182.500000	94.961	159.8118
185.000000	94.914	159.9953
187.500000	94.850	160.2252
190.000000	94.788	160.5121
192.500000	94.736	160.7986
195.000000	94.680	161.1020
197.500000	94.631	161.4594
200.000000	94.587	161.8492
203.000000	94.542	162.2875
206.000000	94.503	162.6928
209.000000	94.478	163.0819
212.000000	94.453	163.4135
214.000000	94.427	163.6093
218.000000	94.391	164.0171
220.000000	94.369	164.2796
224.000000	94.341	164.6588
227.000000	94.327	164.9889
230.000000	94.315	165.2145
233.000000	94.304	165.3890
236.000000	94.280	165.5262
240.000000	94.317	166.1172
243.000000	94.213	165.7680
247.000000	94.157	166.0306
250.000000	94.121	166.2214
254.000000	94.073	166.5045
258.000000	94.022	166.8229
262.000000	93.973	167.1453
265.000000	93.944	167.4026
269.000000	93.905	167.7373
272.000000	93.874	168.0224
276.000000	93.837	168.3538
280.000000	93.802	168.6987
285.000000	93.760	169.1440
290.000000	93.721	169.5745
295.000000	93.684	170.0074
300.000000	93.645	170.3518
304.000000	93.627	170.8002
307.000000	93.610	171.0704
311.000000	93.588	171.4041
315.000000	93.569	171.7521
320.000000	93.551	172.1554
325.000000	93.533	172.5700
330.000000	93.519	172.9433
335.000000	93.502	173.2856
340.000000	93.485	173.6367
345.000000	93.468	173.9695
350.000000	93.449	174.3105
355.000000	93.431	174.6852
360.000000	93.411	175.0290
365.000000	93.395	175.3945
370.000000	93.382	175.7918
375.000000	93.366	176.1431
382.000000	93.349	176.6523
387.000000	93.337	177.0087
395.000000	93.322	177.5923
400.000000	93.316	177.9622
406.000000	93.310	178.3624
412.000000	93.301	178.7503
418.000000	93.301	179.1536
425.000000	93.287	179.6112
431.000000	93.282	179.9536
437.000000	93.275	-179.6714
444.000000	93.270	-179.2099
450.000000	93.262	-178.8663
455.000000	93.265	-178.5483
462.000000	93.261	-178.1539
468.000000	93.257	-177.7689
475.000000	93.256	-177.3918
482.000000	93.245	-176.9235
487.000000	93.247	-176.6783
494.000000	93.249	-176.2948
500.000000	93.245	-175.9425
508.000000	93.246	-175.4946
515.000000	93.247	-175.1334
522.000000	93.249	-174.7528
530.000000	93.249	-174.3326
538.000000	93.254	-173.9454
545.000000	93.258	-173.5442
552.000000	93.259	-173.1819
560.000000	93.262	-172.7852
570.000000	93.267	-172.2662
580.000000	93.273	-171.7726
590.000000	93.278	-171.2773
600.000000	93.296	-170.5820
608.000000	93.290	-170.4215
615.000000	93.295	-170.0799
622.000000	93.299	-169.7693
630.000000	93.306	-169.3777
640.000000	93.310	-168.9200
650.000000	93.317	-168.4158
660.000000	93.332	-167.9067
670.000000	93.337	-167.5019
680.000000	93.343	-167.0420
690.000000	93.354	-166.5860
700.000000	93.360	-166.1187
710.000000	93.372	-165.6710
720.000000	93.388	-165.2970
730.000000	93.393	-164.7496
740.000000	93.405	-164.2735
750.000000	93.421	-163.8093
762.000000	93.436	-163.2829
775.000000	93.458	-162.6850
788.000000	93.477	-162.1347
800.000000	93.496	-161.6280
812.000000	93.514	-161.1050
825.000000	93.534	-160.5585
838.000000	93.553	-160.0079
850.000000	93.572	-159.4878
862.000000	93.593	-158.9769
875.000000	93.611	-158.4329
885.000000	93.629	-158.0241
900.000000	93.636	-157.2957
912.000000	93.674	-156.8527
925.000000	93.701	-156.3105
938.000000	93.724	-155.7456
950.000000	93.747	-155.2338
962.000000	93.770	-154.6901
975.000000	93.799	-154.1550
988.000000	93.830	-153.6000
1000.000000	93.854	-153.0852
1015.000000	93.888	-152.4269
1030.000000	93.921	-151.8104
1044.000000	93.953	-151.2197
1060.000000	93.993	-150.5363
1075.000000	94.028	-149.8935
1090.000000	94.066	-149.2507
1106.000000	94.101	-148.5402
1120.000000	94.136	-147.9239
1138.000000	94.181	-147.0914
1150.000000	94.213	-146.5469
1172.000000	94.277	-145.4978
1180.000000	94.302	-145.1057
1206.000000	94.389	-143.8112
1220.000000	94.443	-143.1041
1241.000000	94.531	-142.0305
1250.000000	94.569	-141.5709
1265.000000	94.641	-140.7960
1280.000000	94.719	-140.0418
1315.000000	94.930	-138.3392
1320.000000	94.967	-138.1051
1340.000000	95.095	-137.1836
1360.000000	95.239	-136.3398
1380.000000	95.383	-135.4727
1400.000000	95.539	-134.8247
1430.000000	95.778	-133.8566
1450.000000	95.936	-133.3075
1475.000000	96.134	-132.6975
1500.000000	96.320	-132.0836
1525.000000	96.523	-131.7565
1550.000000	96.711	-131.3885
1575.000000	96.894	-131.1094
1600.000000	97.070	-130.8556
1625.000000	97.243	-130.6406
1650.000000	97.407	-130.4843
1675.000000	97.564	-130.3314
1700.000000	97.719	-130.1915
1725.000000	97.866	-130.0525
1750.000000	98.018	-129.9271
1775.000000	98.167	-129.8038
1800.000000	98.326	-129.6752
1825.000000	98.485	-129.7133
1850.000000	98.636	-129.8164
1875.000000	98.783	-130.0322
1900.000000	98.925	-130.2742
1925.000000	99.058	-130.5233
1950.000000	99.188	-130.7987
1975.000000	99.315	-131.0492
2000.000000	99.440	-131.3235
2030.000000	99.590	-131.6750
2060.000000	99.745	-132.0826
2090.000000	99.903	-132.5631
2120.000000	100.056	-133.1760
2140.000000	100.148	-133.6503
2180.000000	100.311	-134.7121
2200.000000	100.382	-135.2563
2240.000000	100.493	-136.4042
2270.000000	100.553	-137.2653
2300.000000	100.596	-138.0866
2330.000000	100.620	-138.8520
2360.000000	100.625	-139.5588
2400.000000	100.608	-140.3494
2430.000000	100.584	-140.7567
2470.000000	100.541	-141.0428
2500.000000	100.513	-141.0415
2540.000000	100.503	-140.6939
2580.000000	100.575	-140.0527
2620.000000	100.736	-139.6166
2650.000000	100.899	-139.6672
2690.000000	101.103	-140.3055
2720.000000	101.219	-141.0366
2760.000000	101.322	-142.1180
2800.000000	101.382	-143.0909
2850.000000	101.424	-144.1971
2900.000000	101.451	-145.1562
2950.000000	101.463	-146.0124
3000.000000	101.462	-146.8156
3040.000000	101.472	-147.3586
3070.000000	101.472	-147.7594
3110.000000	101.464	-148.2630
3150.000000	101.458	-148.7107
3200.000000	101.446	-149.1933
3250.000000	101.437	-149.5942
3300.000000	101.443	-149.9595
3350.000000	101.452	-150.2643
3400.000000	101.471	-150.6091
3450.000000	101.494	-150.9860
3500.000000	101.524	-151.3595
3550.000000	101.557	-151.7948
3600.000000	101.598	-152.2417
3650.000000	101.625	-152.8149
3700.000000	101.652	-153.4084
3750.000000	101.671	-154.0312
3820.000000	101.689	-154.9314
3870.000000	101.693	-155.5923
3950.000000	101.687	-156.6721
4000.000000	101.671	-157.3306
4060.000000	101.645	-158.1050
4120.000000	101.610	-158.8185
4180.000000	101.575	-159.4658
4250.000000	101.545	-160.1873
4310.000000	101.522	-160.8319
4370.000000	101.500	-161.5062
4440.000000	101.464	-162.3514
4500.000000	101.432	-163.1284
4550.000000	101.399	-163.7886
4620.000000	101.354	-164.7260
4680.000000	101.296	-165.4985
4750.000000	101.233	-166.4587
4820.000000	101.162	-167.4218
4870.000000	101.101	-168.1164
4940.000000	101.009	-169.1028
5000.000000	100.916	-169.9394
5080.000000	100.784	-171.0262
5150.000000	100.655	-171.9461
5220.000000	100.506	-172.8429
5300.000000	100.329	-173.8161
5380.000000	100.136	-174.6908
5450.000000	99.957	-175.3478
5520.000000	99.778	-175.8802
5600.000000	99.556	-176.4326
5700.000000	99.278	-176.9182
5800.000000	99.016	-177.2183
5900.000000	98.756	-177.3314
6000.000000	98.503	-177.2757
6080.000000	98.323	-177.1363
6150.000000	98.170	-176.9742
6220.000000	98.029	-176.7792
6300.000000	97.878	-176.5242
6400.000000	97.713	-176.0839
6500.000000	97.568	-175.6539
6600.000000	97.444	-175.1848
6700.000000	97.350	-174.7559
6800.000000	97.264	-174.3543
6900.000000	97.211	-173.9386
7000.000000	97.172	-173.5966
7100.000000	97.156	-173.1812
7200.000000	97.186	-172.7153
7300.000000	97.280	-172.2067
7400.000000	97.472	-171.8034
7500.000000	97.788	-171.8052
7620.000000	98.317	-172.9821
7750.000000	99.000	-176.8110
7880.000000	99.576	176.2379
8000.000000	99.783	167.2402
8120.000000	99.496	156.8597
8250.000000	98.567	145.8896
8380.000000	97.096	136.9275
8500.000000	95.426	131.2048
8620.000000	93.569	128.2697
8750.000000	91.492	128.4545
8850.000000	89.954	131.1442
9000.000000	87.958	138.3883
9120.000000	86.822	146.4123
9250.000000	85.917	155.6465
9380.000000	85.348	164.8157
9500.000000	85.114	173.9060
9620.000000	85.252	-177.2542
9750.000000	85.913	-168.2792
9880.000000	86.986	-162.2249
10000.000000	88.106	-160.6440
10150.000000	89.171	-163.5884
10300.000000	89.580	-168.7785
10440.000000	89.431	-173.1562
10600.000000	88.928	-176.4495
10750.000000	88.314	-177.6589
10900.000000	87.708	-177.3146
11060.000000	87.103	-175.9359
11200.000000	86.689	-174.2017
11380.000000	86.233	-171.6085
11500.000000	86.009	-169.5975
11720.000000	85.694	-165.8182
11800.000000	85.609	-164.4886
12060.000000	85.475	-160.1797
12200.000000	85.516	-157.7509
12410.000000	85.622	-154.8345
12500.000000	85.695	-153.5450
12650.000000	85.877	-151.7269
12800.000000	86.137	-150.2225
13150.000000	86.952	-147.7589
13200.000000	87.105	-147.4961
13400.000000	87.808	-147.4245
13600.000000	88.635	-148.3033
13800.000000	89.679	-150.9017
14000.000000	90.879	-155.9149
14300.000000	92.843	-172.3447
14500.000000	93.184	166.7625
14750.000000	90.585	146.5768
15000.000000	88.328	147.2743
15250.000000	87.983	149.6333
15500.000000	88.612	147.0091
15750.000000	89.511	138.5602
16000.000000	90.382	124.9641
16250.000000	90.871	105.8556
16500.000000	90.451	82.5338
16750.000000	88.975	59.8909
17000.000000	86.902	41.0571
17250.000000	84.691	25.7917
17500.000000	82.587	12.6973
17750.000000	80.696	0.4425
18000.000000	78.953	-12.2225
18250.000000	77.316	-26.0020
18500.000000	75.747	-42.1801
18750.000000	74.286	-60.3160
19000.000000	72.609	-82.4543
19250.000000	70.983	-110.0115
19500.000000	68.799	-141.7344
19750.000000	65.627	177.3026
