* Measurement data measured by REW V5.20
* Source: USB-C to 3.5mm Headphone Jack Adapter, USB-C to 3.5mm Headphone Jack Adapter, 0, volume: 0.138
* Format: 256k Log Swept Sine, 1 sweep at -12.0 dBFS with no timing reference
* Dated: Apr 1, 2024 6:22:28 PM
* REW Settings:
*  C-weighting compensation: Off
*  Target level: 75.0 dB
* Note: 
* Measurement: S2 R
* Smoothing: None
* Frequency Step: 1/48 octave
* Start Frequency: 20.300 Hz
*
* Freq(Hz)	SPL(dB)	Phase(degrees)
20.299999	101.023880	8.4632
20.600000	100.996323	7.6984
20.900000	100.953476	7.0079
21.200001	100.906677	6.3433
21.400000	100.877197	5.9214
21.799999	100.830551	5.1366
22.000000	100.815796	4.7716
22.400000	100.803787	4.0748
22.700001	100.806015	3.5512
23.000000	100.811058	3.0032
23.299999	100.811890	2.4191
23.600000	100.802956	1.8003
24.000000	100.771973	0.9424
24.299999	100.736740	0.2936
24.700001	100.681458	-0.5562
25.000000	100.639877	-1.1703
25.400000	100.591003	-1.9410
25.799999	100.554260	-2.6371
26.200001	100.531105	-3.2581
26.500000	100.520676	-3.6954
26.900000	100.507751	-4.2860
27.200001	100.491325	-4.7546
27.600000	100.451729	-5.3974
28.000000	100.393890	-6.0040
28.500000	100.322235	-6.6508
29.000000	100.287460	-7.2934
29.500000	100.283249	-8.1469
30.000000	100.254349	-9.1714
30.400000	100.188782	-9.8613
30.700001	100.123253	-10.1627
31.100000	100.044220	-10.2525
31.500000	100.006409	-10.1999
32.000000	100.013275	-10.4497
32.500000	100.015495	-11.3136
33.000000	99.956802	-12.4444
33.500000	99.859085	-13.3193
34.000000	99.789597	-13.8107
34.500000	99.772522	-14.2202
35.000000	99.764511	-14.7969
35.500000	99.720535	-15.4426
36.000000	99.646858	-15.9463
36.500000	99.579498	-16.3093
37.000000	99.533653	-16.7144
37.500000	99.493439	-17.2519
38.200001	99.418839	-18.0250
38.700001	99.359512	-18.4534
39.500000	99.275833	-19.0257
40.000000	99.225197	-19.4245
40.599998	99.158081	-19.9608
41.200001	99.086716	-20.5019
41.799999	99.020164	-20.9905
42.500000	98.956985	-21.5049
43.099998	98.906219	-21.9636
43.700001	98.842659	-22.4421
44.400002	98.752052	-22.9559
45.000000	98.673935	-23.3513
45.500000	98.614349	-23.6637
46.200001	98.541267	-24.0766
46.799999	98.484367	-24.4386
47.500000	98.404884	-24.9065
48.200001	98.302040	-25.3120
48.700001	98.231682	-25.5065
49.400002	98.162560	-25.7452
50.000000	98.121384	-26.0052
50.799999	98.059952	-26.4012
51.500000	97.979179	-26.7990
52.200001	97.860504	-27.2156
53.000000	97.722092	-27.5103
53.799999	97.657890	-27.7401
54.500000	97.638000	-28.1142
55.200001	97.597382	-28.4833
56.000000	97.531967	-28.7265
57.000000	97.446236	-29.1670
58.000000	97.308174	-29.7040
59.000000	97.170891	-29.7293
60.000000	97.110771	-29.8769
60.799999	97.044540	-30.4110
61.500000	96.956436	-30.7794
62.200001	96.878929	-30.9480
63.000000	96.801178	-31.1410
64.000000	96.681320	-31.3806
65.000000	96.575806	-31.5622
66.000000	96.487984	-31.8304
67.000000	96.398178	-32.0736
68.000000	96.304573	-32.2477
69.000000	96.216408	-32.3526
70.000000	96.123566	-32.5352
71.000000	96.003784	-32.7491
72.000000	95.896530	-32.8799
73.000000	95.823311	-33.0637
74.000000	95.749245	-33.2102
75.000000	95.667892	-33.2828
76.199997	95.541946	-33.3643
77.500000	95.421692	-33.4397
78.800003	95.295830	-33.5379
80.000000	95.203629	-33.5485
81.199997	95.089790	-33.6946
82.500000	94.988510	-33.6746
83.800003	94.903206	-33.6714
85.000000	94.820007	-33.6774
86.199997	94.710266	-33.7355
87.500000	94.580719	-33.7567
88.500000	94.487862	-33.7153
90.000000	94.382202	-33.6160
91.199997	94.279404	-33.4762
92.500000	94.193932	-33.4798
93.800003	94.086174	-33.4685
95.000000	94.006111	-33.1775
96.199997	93.927956	-33.0615
97.500000	93.864510	-32.9245
98.800003	93.781250	-32.8185
100.000000	93.692032	-32.6520
101.500000	93.575356	-32.6079
103.000000	93.471062	-32.6170
104.400002	93.395271	-32.3836
106.000000	93.271805	-31.8908
107.500000	93.176407	-31.8558
109.000000	93.087608	-31.7698
110.599998	92.994843	-31.4927
112.000000	92.932549	-31.2500
113.800003	92.826729	-30.9577
115.000000	92.756058	-30.7876
117.199997	92.636520	-30.4376
118.000000	92.604439	-30.3581
120.599998	92.489517	-29.7175
122.000000	92.394737	-29.5128
124.099998	92.300552	-29.2355
125.000000	92.261063	-29.0264
126.500000	92.180244	-28.6924
128.000000	92.102051	-28.4656
131.500000	91.960648	-27.7536
132.000000	91.942261	-27.6502
134.000000	91.858932	-27.1945
136.000000	91.768745	-26.8319
138.000000	91.697906	-26.4154
140.000000	91.627388	-25.9139
143.000000	91.521706	-25.2438
145.000000	91.449638	-24.8676
147.500000	91.381180	-24.2784
150.000000	91.303253	-23.6951
152.500000	91.222824	-23.2119
155.000000	91.187943	-22.5990
157.500000	91.120911	-22.1020
160.000000	91.061279	-21.5710
162.500000	91.012161	-20.9295
165.000000	90.938812	-20.8135
167.500000	90.922287	-19.8730
170.000000	90.844360	-19.4268
172.500000	90.817711	-18.8666
175.000000	90.776283	-18.4024
177.500000	90.744522	-17.8450
180.000000	90.744164	-17.1589
182.500000	90.659897	-16.7807
185.000000	90.647087	-16.3366
187.500000	90.613037	-15.8320
190.000000	90.592743	-15.3178
192.500000	90.563744	-14.8195
195.000000	90.549362	-14.4545
197.500000	90.537544	-13.9222
200.000000	90.517242	-13.4558
203.000000	90.505264	-13.0016
206.000000	90.483376	-12.5156
209.000000	90.468536	-11.9628
212.000000	90.464928	-11.4988
214.000000	90.448509	-11.2074
218.000000	90.433426	-10.5805
220.000000	90.434494	-10.3093
224.000000	90.419868	-9.7376
227.000000	90.416183	-9.2814
230.000000	90.403152	-8.8979
233.000000	90.399208	-8.4739
236.000000	90.394424	-8.0928
240.000000	90.369324	-7.4802
243.000000	90.386230	-7.1470
247.000000	90.377518	-6.6666
250.000000	90.375710	-6.2706
254.000000	90.367577	-5.7629
258.000000	90.367744	-5.2719
262.000000	90.359787	-4.7129
265.000000	90.376511	-4.3368
269.000000	90.369492	-3.7753
272.000000	90.380173	-3.3474
276.000000	90.405411	-2.7563
280.000000	90.431648	-2.2027
285.000000	90.492477	-1.5824
290.000000	90.558250	-1.1820
295.000000	90.620735	-0.9561
300.000000	90.654549	-0.8082
304.000000	90.674942	-0.5880
307.000000	90.686180	-0.4658
311.000000	90.699165	-0.2991
315.000000	90.709480	-0.1753
320.000000	90.717529	0.0644
325.000000	90.726883	0.2855
330.000000	90.732239	0.5613
335.000000	90.742645	0.7931
340.000000	90.748489	1.0518
345.000000	90.750397	1.2806
350.000000	90.756660	1.5488
355.000000	90.763893	1.7848
360.000000	90.772003	2.0348
365.000000	90.784187	2.2550
370.000000	90.791733	2.5181
375.000000	90.801590	2.7314
382.000000	90.811813	3.0372
387.000000	90.812958	3.2508
395.000000	90.823845	3.6124
400.000000	90.827431	3.8220
406.000000	90.836548	4.0842
412.000000	90.844948	4.3149
418.000000	90.851654	4.5476
425.000000	90.864632	4.8150
431.000000	90.863503	5.0411
437.000000	90.872467	5.2712
444.000000	90.871803	5.5610
450.000000	90.878876	5.8008
455.000000	90.884087	5.9463
462.000000	90.884811	6.1977
468.000000	90.893959	6.4519
475.000000	90.895233	6.7285
482.000000	90.897598	6.9922
487.000000	90.898590	7.1233
494.000000	90.904190	7.3887
500.000000	90.905876	7.6119
508.000000	90.908867	7.8648
515.000000	90.910355	8.1566
522.000000	90.912552	8.3965
530.000000	90.906822	8.6985
538.000000	90.912918	8.9793
545.000000	90.915573	9.2294
552.000000	90.916000	9.4895
560.000000	90.915787	9.7724
570.000000	90.918114	10.1378
580.000000	90.921898	10.5386
590.000000	90.918686	10.8737
600.000000	90.925232	11.2136
608.000000	90.923370	11.5332
615.000000	90.922028	11.7922
622.000000	90.923279	12.0829
630.000000	90.923157	12.3901
640.000000	90.921448	12.7435
650.000000	90.915253	13.1422
660.000000	90.917252	13.5320
670.000000	90.919250	13.9687
680.000000	90.919487	14.3506
690.000000	90.921913	14.7804
700.000000	90.928169	15.1886
710.000000	90.925743	15.6305
720.000000	90.927444	16.0453
730.000000	90.933365	16.5300
740.000000	90.937462	16.9567
750.000000	90.946846	17.4351
762.000000	90.958145	17.9958
775.000000	90.974731	18.6224
788.000000	90.986938	19.2159
800.000000	91.000046	19.8248
812.000000	91.028076	20.4276
825.000000	91.047272	21.0432
838.000000	91.072777	21.6618
850.000000	91.098045	22.2830
862.000000	91.135994	22.8556
875.000000	91.173126	23.4988
885.000000	91.204254	23.9846
900.000000	91.254425	24.6996
912.000000	91.307571	25.2961
925.000000	91.360138	25.9127
938.000000	91.412552	26.5170
950.000000	91.469391	27.0453
962.000000	91.522636	27.6053
975.000000	91.592018	28.1477
988.000000	91.657700	28.6946
1000.000000	91.729263	29.2006
1015.000000	91.816628	29.7917
1030.000000	91.911026	30.3318
1044.000000	91.998329	30.8037
1060.000000	92.110138	31.3024
1075.000000	92.209496	31.7226
1090.000000	92.311768	32.1232
1106.000000	92.422340	32.4682
1120.000000	92.517761	32.7512
1138.000000	92.642937	33.0471
1150.000000	92.723244	33.1911
1172.000000	92.867027	33.4324
1180.000000	92.915337	33.5219
1206.000000	93.075050	33.6474
1220.000000	93.161804	33.6886
1241.000000	93.277130	33.7369
1250.000000	93.326126	33.7092
1265.000000	93.396729	33.7200
1280.000000	93.470871	33.6746
1315.000000	93.620567	33.6017
1320.000000	93.644188	33.5541
1340.000000	93.715576	33.4806
1360.000000	93.782349	33.4139
1380.000000	93.844681	33.3323
1400.000000	93.899765	33.3027
1430.000000	93.976089	33.2342
1450.000000	94.029442	33.1947
1475.000000	94.080429	33.1826
1500.000000	94.133820	33.1845
1525.000000	94.184128	33.1944
1550.000000	94.232048	33.2331
1575.000000	94.274490	33.2901
1600.000000	94.317802	33.3373
1625.000000	94.361145	33.4221
1650.000000	94.399445	33.5414
1675.000000	94.442688	33.6731
1700.000000	94.484627	33.7723
1725.000000	94.526459	33.9125
1750.000000	94.572044	34.0872
1775.000000	94.612274	34.2322
1800.000000	94.661888	34.3828
1825.000000	94.709290	34.5424
1850.000000	94.755417	34.7044
1875.000000	94.805321	34.8675
1900.000000	94.855110	35.0035
1925.000000	94.911636	35.1692
1950.000000	94.962761	35.2970
1975.000000	95.017746	35.4327
2000.000000	95.073975	35.5543
2030.000000	95.147049	35.6800
2060.000000	95.213432	35.7901
2090.000000	95.284653	35.8706
2120.000000	95.355209	35.9447
2140.000000	95.401810	35.9792
2180.000000	95.499100	36.0490
2200.000000	95.545731	36.0617
2240.000000	95.641525	36.0294
2270.000000	95.715164	36.0099
2300.000000	95.785324	35.9225
2330.000000	95.853355	35.8604
2360.000000	95.924957	35.7554
2400.000000	96.010109	35.5692
2430.000000	96.076233	35.4174
2470.000000	96.156853	35.1376
2500.000000	96.214676	34.9236
2540.000000	96.286591	34.5992
2580.000000	96.350594	34.2333
2620.000000	96.409836	33.8190
2650.000000	96.446472	33.5108
2690.000000	96.489212	33.0758
2720.000000	96.517593	32.7306
2760.000000	96.543457	32.2737
2800.000000	96.562653	31.8172
2850.000000	96.572784	31.2733
2900.000000	96.573250	30.7161
2950.000000	96.559830	30.2261
3000.000000	96.529312	29.7565
3040.000000	96.502930	29.4663
3070.000000	96.479805	29.2811
3110.000000	96.448349	29.0668
3150.000000	96.415871	28.9241
3200.000000	96.384109	28.8219
3250.000000	96.364349	28.7188
3300.000000	96.346626	28.5931
3350.000000	96.334824	28.4357
3400.000000	96.319305	28.2276
3450.000000	96.294609	28.0007
3500.000000	96.264069	27.8102
3550.000000	96.224670	27.6485
3600.000000	96.179451	27.5278
3650.000000	96.137413	27.4658
3700.000000	96.093628	27.4177
3750.000000	96.055222	27.4353
3820.000000	96.003189	27.5011
3870.000000	95.967896	27.5751
3950.000000	95.912514	27.7582
4000.000000	95.883713	27.8696
4060.000000	95.852798	28.0846
4120.000000	95.827415	28.3296
4180.000000	95.816635	28.6243
4250.000000	95.814545	28.9204
4310.000000	95.821045	29.1883
4370.000000	95.830795	29.4503
4440.000000	95.856087	29.7554
4500.000000	95.888023	29.9879
4550.000000	95.916718	30.1956
4620.000000	95.974670	30.3991
4680.000000	96.036911	30.5338
4750.000000	96.120972	30.5961
4820.000000	96.219231	30.5394
4870.000000	96.291702	30.3788
4940.000000	96.393921	29.9965
5000.000000	96.475487	29.4800
5080.000000	96.562889	28.6318
5150.000000	96.609123	27.7750
5220.000000	96.625084	26.8613
5300.000000	96.609406	25.9035
5380.000000	96.576088	24.9771
5450.000000	96.539444	24.2394
5520.000000	96.492393	23.5748
5600.000000	96.433586	22.7976
5700.000000	96.354965	21.8547
5800.000000	96.263741	20.8865
5900.000000	96.156143	19.8924
6000.000000	96.026924	18.8339
6080.000000	95.897697	17.8750
6150.000000	95.767242	17.0216
6220.000000	95.599609	16.1318
6300.000000	95.351440	15.1641
6400.000000	94.954300	14.2999
6500.000000	94.469543	14.3049
6600.000000	94.000656	15.5720
6700.000000	93.648468	17.6867
6800.000000	93.452400	20.0275
6900.000000	93.380058	22.2291
7000.000000	93.388802	24.0344
7100.000000	93.452965	25.4433
7200.000000	93.565331	26.2079
7300.000000	93.538864	25.9749
7400.000000	93.453712	28.4394
7500.000000	93.773491	29.5380
7620.000000	94.104614	29.2085
7750.000000	94.419914	27.7707
7880.000000	94.670410	25.3506
8000.000000	94.793900	22.1873
8120.000000	94.742645	18.3596
8250.000000	94.395279	14.3553
8380.000000	93.983307	15.6141
8500.000000	94.430222	6.4528
8620.000000	93.258575	3.3744
8750.000000	93.498604	9.1351
8850.000000	93.489784	-4.7513
9000.000000	91.670715	-8.5439
9120.000000	90.633904	-8.6055
9250.000000	89.700272	-7.5167
9380.000000	88.927773	-5.8097
9500.000000	88.344391	-3.5485
9620.000000	87.923958	-0.9964
9750.000000	87.639908	1.9720
9880.000000	87.565666	4.8331
10000.000000	87.652565	6.8207
10150.000000	87.950470	8.6437
10300.000000	88.417999	9.0814
10440.000000	88.942841	7.8626
10600.000000	89.530113	4.4687
10750.000000	89.966309	-0.2449
10900.000000	90.188965	-6.2112
11060.000000	90.184891	-12.9887
11200.000000	89.951591	-18.7470
11380.000000	89.431770	-24.9665
11500.000000	89.002243	-28.3277
11720.000000	88.166573	-32.6470
11800.000000	87.860672	-33.5996
12060.000000	87.024338	-35.7364
12200.000000	86.650726	-36.4381
12410.000000	86.178604	-36.6837
12500.000000	86.030396	-36.6661
12650.000000	85.819954	-36.6855
12800.000000	85.685936	-36.6093
13150.000000	85.572426	-36.9944
13200.000000	85.583649	-37.0668
13400.000000	85.699944	-38.0015
13600.000000	85.912048	-39.3145
13800.000000	86.217407	-41.5245
14000.000000	86.593033	-44.5900
14300.000000	87.337479	-51.6413
14500.000000	87.930504	-57.8560
14750.000000	88.783920	-68.0358
15000.000000	89.643837	-81.0596
15250.000000	90.701706	-97.4707
15500.000000	91.747932	-117.2231
15750.000000	92.903580	-140.7886
16000.000000	94.202713	-169.2038
16250.000000	95.594559	155.1134
16500.000000	96.302094	108.8572
16750.000000	94.840286	58.1000
17000.000000	91.740158	16.9150
17250.000000	88.788536	-13.1444
17500.000000	86.856018	-38.6865
17750.000000	85.778473	-66.1040
18000.000000	84.897484	-96.6628
18250.000000	84.233391	-129.5283
18500.000000	83.685410	-166.5742
18750.000000	83.180092	150.8043
19000.000000	82.554329	102.0628
19250.000000	81.626244	45.1152
19500.000000	80.196167	-20.7957
19750.000000	78.016449	-96.7287
