* Measurement data measured by REW V5.31.3
* Source: USB-C to 3.5mm Headphone Jack Adapter, USB-C to 3.5mm Headphone Jack Adapter, 0, volume: 0.138
* Format: 256k Log Swept Sine, 1 sweep at -12.0 dBFS with no timing reference
* Dated: Oct 25, 2024 7:19:07 PM
* REW Settings:
*  C-weighting compensation: Off
*  Target level: 75.0 dB
* Note: 
* Measurement: R
* Smoothing: None
* Frequency Step: 1/48 octave
* Start Frequency: 20.000 Hz
*
* Freq(Hz)	SPL(dB)	Phase(degrees)
20.000000	103.905	-110.8331
20.299999	104.000	-111.7856
20.600000	104.090	-112.7224
20.900000	104.176	-113.6352
21.200001	104.259	-114.5202
21.400000	104.314	-115.0964
21.799999	104.423	-116.2290
22.000000	104.477	-116.7918
22.400000	104.584	-117.9191
22.700001	104.660	-118.7662
23.000000	104.731	-119.6071
23.299999	104.799	-120.4323
23.600000	104.864	-121.2343
24.000000	104.947	-122.2651
24.299999	105.010	-123.0175
24.700001	105.095	-124.0110
25.000000	105.158	-124.7592
25.400000	105.239	-125.7640
25.799999	105.314	-126.7667
26.200001	105.384	-127.7506
26.500000	105.434	-128.4700
26.900000	105.499	-129.4060
27.200001	105.548	-130.0961
27.600000	105.612	-131.0095
28.000000	105.673	-131.9195
28.500000	105.746	-133.0479
29.000000	105.814	-134.1541
29.500000	105.878	-135.2329
30.000000	105.939	-136.2896
30.400000	105.987	-137.1236
30.700001	106.021	-137.7433
31.100000	106.065	-138.5613
31.500000	106.107	-139.3687
32.000000	106.156	-140.3619
32.500000	106.202	-141.3381
33.000000	106.245	-142.2974
33.500000	106.286	-143.2389
34.000000	106.324	-144.1638
34.500000	106.361	-145.0767
35.000000	106.397	-145.9836
35.500000	106.429	-146.8860
36.000000	106.458	-147.7770
36.500000	106.484	-148.6465
37.000000	106.508	-149.4907
37.500000	106.532	-150.3163
38.200001	106.564	-151.4611
38.700001	106.586	-152.2743
39.500000	106.615	-153.5499
40.000000	106.632	-154.3310
40.599998	106.650	-155.2649
41.200001	106.663	-156.1925
41.799999	106.671	-157.0896
42.500000	106.679	-158.0851
43.099998	106.689	-158.9269
43.700001	106.697	-159.7858
44.400002	106.699	-160.7841
45.000000	106.697	-161.6023
45.500000	106.695	-162.2599
46.200001	106.693	-163.1704
46.799999	106.690	-163.9499
47.500000	106.683	-164.8451
48.200001	106.674	-165.7193
48.700001	106.666	-166.3321
49.400002	106.654	-167.1729
50.000000	106.642	-167.8788
50.799999	106.625	-168.8038
51.500000	106.608	-169.6012
52.200001	106.589	-170.3924
53.000000	106.563	-171.2744
53.799999	106.538	-172.1152
54.500000	106.518	-172.8537
55.200001	106.494	-173.6104
56.000000	106.458	-174.4295
57.000000	106.421	-175.3894
58.000000	106.380	-176.3971
59.000000	106.326	-177.3080
60.000000	106.285	-178.1730
60.799999	106.248	-178.9120
61.500000	106.209	-179.5233
62.200001	106.172	179.8995
63.000000	106.131	179.2294
64.000000	106.074	178.4082
65.000000	106.016	177.6259
66.000000	105.957	176.8574
67.000000	105.897	176.1216
68.000000	105.836	175.3964
69.000000	105.772	174.7037
70.000000	105.709	174.0145
71.000000	105.638	173.3540
72.000000	105.571	172.7374
73.000000	105.502	172.1190
74.000000	105.434	171.5476
75.000000	105.370	170.9389
76.199997	105.279	170.2303
77.500000	105.186	169.5623
78.800003	105.093	168.8867
80.000000	105.003	168.3048
81.199997	104.915	167.7549
82.500000	104.816	167.1662
83.800003	104.718	166.6247
85.000000	104.625	166.1337
86.199997	104.533	165.6778
87.500000	104.433	165.1980
88.500000	104.356	164.8585
90.000000	104.240	164.3635
91.199997	104.145	164.0038
92.500000	104.044	163.6363
93.800003	103.942	163.2933
95.000000	103.849	162.9988
96.199997	103.757	162.7191
97.500000	103.656	162.4236
98.800003	103.553	162.1866
100.000000	103.462	161.9732
101.500000	103.347	161.7415
103.000000	103.233	161.5294
104.400002	103.128	161.3599
106.000000	103.006	161.1994
107.500000	102.897	161.0638
109.000000	102.785	160.9762
110.599998	102.670	160.8954
112.000000	102.571	160.8673
113.800003	102.444	160.8394
115.000000	102.361	160.8339
117.199997	102.212	160.8821
118.000000	102.158	160.9079
120.599998	101.989	161.0136
122.000000	101.902	161.1361
124.099998	101.772	161.3230
125.000000	101.719	161.3967
126.500000	101.628	161.5656
128.000000	101.544	161.7380
131.500000	101.351	162.2164
132.000000	101.325	162.2919
134.000000	101.224	162.5993
136.000000	101.127	162.9348
138.000000	101.035	163.3004
140.000000	100.949	163.6631
143.000000	100.827	164.2535
145.000000	100.752	164.6437
147.500000	100.666	165.1527
150.000000	100.582	165.6695
152.500000	100.508	166.2031
155.000000	100.441	166.7392
157.500000	100.379	167.2826
160.000000	100.326	167.8314
162.500000	100.280	168.3703
165.000000	100.235	168.8737
167.500000	100.197	169.3891
170.000000	100.163	169.8917
172.500000	100.134	170.3790
175.000000	100.108	170.8592
177.500000	100.084	171.3161
180.000000	100.058	171.7909
182.500000	100.037	172.2141
185.000000	100.013	172.6678
187.500000	99.987	173.1229
190.000000	99.971	173.6824
192.500000	99.969	174.2938
195.000000	99.977	174.8774
197.500000	100.010	175.3701
200.000000	100.050	175.7260
203.000000	100.087	176.0991
206.000000	100.115	176.3529
209.000000	100.139	176.6151
212.000000	100.158	176.8596
214.000000	100.176	176.9953
218.000000	100.199	177.3041
220.000000	100.207	177.4101
224.000000	100.232	177.6644
227.000000	100.245	177.8235
230.000000	100.262	177.9815
233.000000	100.277	178.1431
236.000000	100.286	178.2650
240.000000	100.296	178.4724
243.000000	100.310	178.5914
247.000000	100.326	178.7639
250.000000	100.335	178.9070
254.000000	100.354	179.0517
258.000000	100.373	179.1826
262.000000	100.390	179.2615
265.000000	100.404	179.3248
269.000000	100.413	179.3926
272.000000	100.419	179.4013
276.000000	100.429	179.4611
280.000000	100.433	179.5046
285.000000	100.439	179.5577
290.000000	100.442	179.5924
295.000000	100.438	179.6716
300.000000	100.434	179.6841
304.000000	100.433	179.7472
307.000000	100.428	179.7541
311.000000	100.424	179.8096
315.000000	100.416	179.8463
320.000000	100.405	179.9039
325.000000	100.392	179.9720
330.000000	100.387	-179.9234
335.000000	100.364	-179.8651
340.000000	100.352	-179.7826
345.000000	100.338	-179.6624
350.000000	100.323	-179.5229
355.000000	100.313	-179.4008
360.000000	100.305	-179.3020
365.000000	100.296	-179.1979
370.000000	100.286	-179.0943
375.000000	100.273	-178.9980
382.000000	100.253	-178.8675
387.000000	100.238	-178.7698
395.000000	100.215	-178.5691
400.000000	100.195	-178.4514
406.000000	100.173	-178.2692
412.000000	100.156	-178.0669
418.000000	100.138	-177.8536
425.000000	100.123	-177.5659
431.000000	100.115	-177.3843
437.000000	100.108	-177.1680
444.000000	100.102	-176.9581
450.000000	100.095	-176.7744
455.000000	100.089	-176.6321
462.000000	100.080	-176.4115
468.000000	100.074	-176.2512
475.000000	100.064	-176.0276
482.000000	100.057	-175.8222
487.000000	100.050	-175.6774
494.000000	100.040	-175.4710
500.000000	100.034	-175.2815
508.000000	100.028	-175.0339
515.000000	100.020	-174.8510
522.000000	100.016	-174.6189
530.000000	100.006	-174.3819
538.000000	100.001	-174.1480
545.000000	99.995	-173.9475
552.000000	99.990	-173.7469
560.000000	99.983	-173.5086
570.000000	99.975	-173.2225
580.000000	99.967	-172.9326
590.000000	99.958	-172.6476
600.000000	99.950	-172.3504
608.000000	99.942	-172.1231
615.000000	99.936	-171.9098
622.000000	99.929	-171.6977
630.000000	99.919	-171.4517
640.000000	99.910	-171.1450
650.000000	99.900	-170.8139
660.000000	99.890	-170.4827
670.000000	99.880	-170.1442
680.000000	99.869	-169.7784
690.000000	99.860	-169.3953
700.000000	99.853	-169.0003
710.000000	99.847	-168.5729
720.000000	99.844	-168.1038
730.000000	99.845	-167.6589
740.000000	99.854	-167.1501
750.000000	99.870	-166.6409
762.000000	99.905	-166.0307
775.000000	99.965	-165.4230
788.000000	100.043	-164.9498
800.000000	100.119	-164.7315
812.000000	100.182	-164.6934
825.000000	100.222	-164.7844
838.000000	100.227	-164.8486
850.000000	100.211	-164.8338
862.000000	100.188	-164.6975
875.000000	100.159	-164.4525
885.000000	100.137	-164.2106
900.000000	100.107	-163.7537
912.000000	100.092	-163.3318
925.000000	100.077	-162.8534
938.000000	100.069	-162.3130
950.000000	100.067	-161.7895
962.000000	100.070	-161.2508
975.000000	100.080	-160.6274
988.000000	100.101	-160.0019
1000.000000	100.128	-159.4122
1015.000000	100.177	-158.6932
1030.000000	100.237	-158.0283
1044.000000	100.301	-157.4589
1060.000000	100.379	-156.8997
1075.000000	100.458	-156.4386
1090.000000	100.533	-156.0368
1106.000000	100.615	-155.6627
1120.000000	100.684	-155.3876
1138.000000	100.772	-155.0870
1150.000000	100.828	-154.9046
1172.000000	100.925	-154.6370
1180.000000	100.957	-154.5506
1206.000000	101.063	-154.3216
1220.000000	101.113	-154.2349
1241.000000	101.183	-154.1166
1250.000000	101.210	-154.0788
1265.000000	101.252	-154.0120
1280.000000	101.290	-153.9545
1315.000000	101.363	-153.8093
1320.000000	101.372	-153.7884
1340.000000	101.403	-153.6922
1360.000000	101.429	-153.5822
1380.000000	101.447	-153.4489
1400.000000	101.462	-153.2981
1430.000000	101.476	-153.0040
1450.000000	101.481	-152.7465
1475.000000	101.485	-152.3734
1500.000000	101.483	-151.9304
1525.000000	101.484	-151.4154
1550.000000	101.485	-150.8054
1575.000000	101.491	-150.1032
1600.000000	101.502	-149.3340
1625.000000	101.525	-148.4796
1650.000000	101.555	-147.5542
1675.000000	101.599	-146.5448
1700.000000	101.661	-145.4607
1725.000000	101.737	-144.3262
1750.000000	101.841	-143.1332
1775.000000	101.970	-141.9156
1800.000000	102.128	-140.7260
1825.000000	102.316	-139.6096
1850.000000	102.535	-138.5721
1875.000000	102.774	-137.6762
1900.000000	103.043	-136.9199
1925.000000	103.328	-136.3560
1950.000000	103.630	-136.0457
1975.000000	103.939	-135.9496
2000.000000	104.252	-136.1018
2030.000000	104.625	-136.6036
2060.000000	104.983	-137.4230
2090.000000	105.324	-138.5828
2120.000000	105.643	-140.0638
2140.000000	105.836	-141.2695
2180.000000	106.151	-144.0654
2200.000000	106.261	-145.5771
2240.000000	106.385	-148.7694
2270.000000	106.389	-151.0651
2300.000000	106.324	-153.1437
2330.000000	106.213	-154.8676
2360.000000	106.070	-156.2012
2400.000000	105.871	-157.3966
2430.000000	105.736	-157.9200
2470.000000	105.590	-158.2728
2500.000000	105.511	-158.3901
2540.000000	105.442	-158.4650
2580.000000	105.405	-158.5580
2620.000000	105.392	-158.7110
2650.000000	105.391	-158.8610
2690.000000	105.395	-159.1489
2720.000000	105.398	-159.4104
2760.000000	105.398	-159.8138
2800.000000	105.391	-160.2366
2850.000000	105.376	-160.7680
2900.000000	105.355	-161.2744
2950.000000	105.333	-161.7462
3000.000000	105.311	-162.2099
3040.000000	105.295	-162.5926
3070.000000	105.281	-162.8928
3110.000000	105.259	-163.3200
3150.000000	105.235	-163.7512
3200.000000	105.195	-164.3127
3250.000000	105.144	-164.8576
3300.000000	105.086	-165.3748
3350.000000	105.021	-165.8584
3400.000000	104.950	-166.2982
3450.000000	104.875	-166.6775
3500.000000	104.799	-167.0022
3550.000000	104.723	-167.2880
3600.000000	104.650	-167.5482
3650.000000	104.577	-167.7936
3700.000000	104.504	-168.0336
3750.000000	104.433	-168.2730
3820.000000	104.330	-168.6041
3870.000000	104.252	-168.8489
3950.000000	104.119	-169.2292
4000.000000	104.029	-169.4675
4060.000000	103.913	-169.7237
4120.000000	103.785	-169.9466
4180.000000	103.651	-170.1357
4250.000000	103.478	-170.2767
4310.000000	103.321	-170.3242
4370.000000	103.154	-170.2814
4440.000000	102.951	-170.0839
4500.000000	102.772	-169.7594
4550.000000	102.618	-169.3837
4620.000000	102.412	-168.6369
4680.000000	102.247	-167.7953
4750.000000	102.078	-166.6260
4820.000000	101.939	-165.3003
4870.000000	101.866	-164.3203
4940.000000	101.793	-162.8991
5000.000000	101.760	-161.6651
5080.000000	101.753	-160.0504
5150.000000	101.789	-158.6873
5220.000000	101.868	-157.4489
5300.000000	102.003	-156.3524
5380.000000	102.162	-155.6584
5450.000000	102.302	-155.4235
5520.000000	102.417	-155.4750
5600.000000	102.511	-155.7472
5700.000000	102.579	-156.1922
5800.000000	102.601	-156.6741
5900.000000	102.587	-157.1346
6000.000000	102.542	-157.5537
6080.000000	102.483	-157.8208
6150.000000	102.422	-157.9772
6220.000000	102.346	-158.0476
6300.000000	102.254	-157.9944
6400.000000	102.134	-157.7275
6500.000000	102.016	-157.2108
6600.000000	101.914	-156.4952
6700.000000	101.836	-155.5352
6800.000000	101.794	-154.3426
6900.000000	101.791	-152.9535
7000.000000	101.846	-151.3908
7100.000000	101.974	-149.6877
7200.000000	102.196	-147.9479
7300.000000	102.527	-146.3485
7400.000000	102.977	-145.0468
7500.000000	103.557	-144.3631
7620.000000	104.422	-144.8981
7750.000000	105.470	-148.1894
7880.000000	106.375	-155.0504
8000.000000	106.760	-163.7820
8120.000000	106.587	-172.4626
8250.000000	106.010	-179.6278
8380.000000	105.339	175.6552
8500.000000	104.778	172.6755
8620.000000	104.288	170.4523
8750.000000	103.848	168.6135
8850.000000	103.575	167.3660
9000.000000	103.265	165.4212
9120.000000	103.058	163.5413
9250.000000	102.809	161.2572
9380.000000	102.499	159.1856
9500.000000	102.187	158.0362
9620.000000	101.980	158.0548
9750.000000	102.022	158.8604
9880.000000	102.438	159.3620
10000.000000	103.169	158.6180
10150.000000	104.426	154.5949
10300.000000	105.934	146.1211
10440.000000	107.348	133.0020
10600.000000	108.417	111.4937
10750.000000	108.472	88.2730
10900.000000	107.776	65.3778
11060.000000	106.353	41.8792
11200.000000	104.520	23.6721
11380.000000	101.827	7.0608
11500.000000	100.310	0.1277
11720.000000	98.793	-9.8221
11800.000000	98.588	-14.4737
12060.000000	97.945	-35.0536
12200.000000	97.279	-46.8981
12410.000000	95.903	-61.5806
12500.000000	95.264	-65.9161
12650.000000	94.406	-70.0853
12800.000000	94.039	-72.0568
13150.000000	94.850	-79.1013
13200.000000	95.062	-80.8607
13400.000000	95.837	-90.3969
13600.000000	96.243	-102.4558
13800.000000	96.030	-114.6497
14000.000000	95.329	-123.7360
14300.000000	94.379	-128.8609
14500.000000	94.448	-128.6567
14750.000000	95.609	-129.6417
15000.000000	97.468	-137.4517
15250.000000	99.041	-152.6271
15500.000000	99.970	-170.1639
15750.000000	100.597	171.9635
16000.000000	101.121	152.8964
16250.000000	101.413	131.7217
16500.000000	101.186	109.4244
16750.000000	100.668	91.5212
17000.000000	101.615	68.8245
17250.000000	101.035	39.3854
17500.000000	100.355	11.9875
17750.000000	99.633	-19.7443
18000.000000	97.955	-57.0532
18250.000000	94.739	-92.5891
18500.000000	91.101	-120.5665
18750.000000	88.083	-145.4955
19000.000000	85.758	-174.2629
19250.000000	83.415	148.4819
19500.000000	80.242	103.4370
19750.000000	75.738	51.7133
