* Measurement data measured by REW V5.20
* Source: USB-C to 3.5mm Headphone Jack Adapter, USB-C to 3.5mm Headphone Jack Adapter, 0, volume: 0.138. Timing signal peak level -20.2 dBFS, measurement signal peak level -19.1 dBFS
* Format: 256k Log Swept Sine, 1 sweep at -12.0 dBFS using an acoustic timing reference
* Dated: Jan 15, 2024 9:28:03 PM
* REW Settings:
*  C-weighting compensation: Off
*  Target level: 75.0 dB
* Note: Delay -0.0757 ms (-26 mm, -1.02 in) using estimated IR delay relative to Acoustic reference on USB-C to 3.5mm Headphone Jack Adapter L with no timing offset
* Measurement: L
* Smoothing: None
* Frequency Step: 1/48 octave
* Start Frequency: 20.300 Hz
*
* Freq(Hz)	SPL(dB)	Phase(degrees)
20.299999	97.850479	9.0583
20.600000	97.819832	8.2964
20.900000	97.774849	7.6685
21.200001	97.732635	7.1263
21.400000	97.712250	6.8026
21.799999	97.695267	6.1791
22.000000	97.696922	5.8497
22.400000	97.708138	5.1238
22.700001	97.709061	4.5325
23.000000	97.694717	3.9461
23.299999	97.663574	3.4126
23.600000	97.620720	2.9621
24.000000	97.562019	2.4712
24.299999	97.527451	2.1167
24.700001	97.498566	1.5429
25.000000	97.483818	0.9949
25.400000	97.460602	0.1471
25.799999	97.425087	-0.6799
26.200001	97.383980	-1.3156
26.500000	97.359879	-1.6270
26.900000	97.347481	-1.8952
27.200001	97.352577	-2.0784
27.600000	97.363518	-2.4249
28.000000	97.358276	-2.9227
28.500000	97.310287	-3.6329
29.000000	97.235367	-4.2190
29.500000	97.175362	-4.6329
30.000000	97.150780	-5.0573
30.400000	97.142296	-5.5174
30.700001	97.129333	-5.9278
31.100000	97.093964	-6.4885
31.500000	97.042114	-6.9635
32.000000	96.979286	-7.3749
32.500000	96.943291	-7.6830
33.000000	96.928688	-8.0632
33.500000	96.905884	-8.5559
34.000000	96.853790	-9.0391
34.500000	96.781570	-9.3984
35.000000	96.717674	-9.6810
35.500000	96.678795	-10.0551
36.000000	96.654716	-10.6204
36.500000	96.624138	-11.2811
37.000000	96.578949	-11.8246
37.500000	96.529373	-12.1248
38.200001	96.473618	-12.3061
38.700001	96.437653	-12.4944
39.500000	96.360855	-13.0467
40.000000	96.305435	-13.4540
40.599998	96.245605	-13.8959
41.200001	96.199417	-14.2362
41.799999	96.168480	-14.5269
42.500000	96.133377	-15.0175
43.099998	96.069954	-15.5893
43.700001	95.974396	-16.0439
44.400002	95.886993	-16.2742
45.000000	95.860229	-16.4817
45.500000	95.845886	-16.7854
46.200001	95.802353	-17.2373
46.799999	95.749031	-17.4940
47.500000	95.684837	-17.6673
48.200001	95.635208	-17.7877
48.700001	95.615791	-17.9633
49.400002	95.569740	-18.4025
50.000000	95.485413	-18.5791
50.799999	95.404716	-18.3196
51.500000	95.373856	-18.7200
52.200001	95.209740	-19.7973
53.000000	94.958183	-19.9531
53.799999	95.011063	-19.4908
54.500000	95.143150	-20.1387
55.200001	95.117516	-20.7792
56.000000	95.039162	-20.6546
57.000000	94.964767	-20.9988
58.000000	94.833588	-21.1951
59.000000	94.818954	-21.4059
60.000000	94.732262	-21.9844
60.799999	94.672081	-22.0873
61.500000	94.649399	-22.2857
62.200001	94.602661	-22.4942
63.000000	94.537918	-22.5631
64.000000	94.462395	-22.7588
65.000000	94.382904	-23.0201
66.000000	94.309586	-23.2295
67.000000	94.239204	-23.3256
68.000000	94.181694	-23.5634
69.000000	94.097710	-23.8038
70.000000	94.025833	-23.8183
71.000000	93.963783	-23.9132
72.000000	93.892303	-24.1700
73.000000	93.801010	-24.4678
74.000000	93.736778	-24.4305
75.000000	93.708435	-24.4574
76.199997	93.607666	-24.5519
77.500000	93.510574	-24.7189
78.800003	93.467461	-24.7987
80.000000	93.414307	-24.8651
81.199997	93.312347	-24.7638
82.500000	93.211189	-25.1562
83.800003	93.133865	-25.0566
85.000000	93.085480	-25.2607
86.199997	92.982933	-25.1945
87.500000	92.908470	-25.2825
88.500000	92.843452	-25.2098
90.000000	92.771545	-25.2625
91.199997	92.680328	-25.1728
92.500000	92.603874	-25.2554
93.800003	92.530258	-25.1189
95.000000	92.481842	-25.0832
96.199997	92.396797	-25.0119
97.500000	92.337845	-24.9704
98.800003	92.268730	-24.8151
100.000000	92.233765	-24.8223
101.500000	92.155281	-24.8925
103.000000	92.068008	-24.6635
104.400002	92.063683	-24.6022
106.000000	91.972534	-24.9112
107.500000	91.893494	-24.8775
109.000000	91.824501	-24.4518
110.599998	91.712921	-24.6389
112.000000	91.672165	-24.5767
113.800003	91.576790	-24.3812
115.000000	91.513786	-24.3393
117.199997	91.424782	-24.2117
118.000000	91.387680	-24.1147
120.599998	91.238846	-23.8027
122.000000	91.208199	-23.8259
124.099998	91.115356	-23.5745
125.000000	91.072769	-23.5024
126.500000	91.014709	-23.3700
128.000000	90.952393	-23.2237
131.500000	90.825104	-22.7797
132.000000	90.803314	-22.7237
134.000000	90.716072	-22.4744
136.000000	90.644112	-22.3275
138.000000	90.575623	-22.0534
140.000000	90.504784	-21.7681
143.000000	90.409439	-21.4270
145.000000	90.331284	-21.1075
147.500000	90.244263	-20.9262
150.000000	90.170753	-20.5236
152.500000	90.089447	-20.1937
155.000000	90.010666	-19.8549
157.500000	89.942551	-19.4958
160.000000	89.864594	-19.1345
162.500000	89.807899	-18.7414
165.000000	89.731049	-18.3857
167.500000	89.662567	-18.0201
170.000000	89.600616	-17.6016
172.500000	89.535835	-17.2560
175.000000	89.482788	-16.8424
177.500000	89.421951	-16.4539
180.000000	89.349037	-15.8608
182.500000	89.300529	-15.6880
185.000000	89.244781	-15.2354
187.500000	89.198219	-14.8743
190.000000	89.147110	-14.5018
192.500000	89.101868	-14.0480
195.000000	89.051788	-13.6626
197.500000	89.001106	-13.3052
200.000000	88.959946	-12.8519
203.000000	88.914330	-12.3393
206.000000	88.855576	-11.9165
209.000000	88.806549	-11.4575
212.000000	88.764259	-10.9885
214.000000	88.735588	-10.6702
218.000000	88.674942	-10.0010
220.000000	88.645821	-9.6944
224.000000	88.596382	-9.0092
227.000000	88.559250	-8.5334
230.000000	88.520523	-8.1420
233.000000	88.487778	-7.6209
236.000000	88.415848	-7.0735
240.000000	88.335945	-6.5076
243.000000	88.364273	-5.9849
247.000000	88.324371	-5.2788
250.000000	88.296684	-4.5982
254.000000	88.266075	-3.9614
258.000000	88.245354	-3.1338
262.000000	88.231804	-2.4547
265.000000	88.229118	-1.9426
269.000000	88.246399	-1.3472
272.000000	88.255569	-0.8713
276.000000	88.260361	-0.4949
280.000000	88.249855	-0.1148
285.000000	88.227913	0.4818
290.000000	88.227394	1.0413
295.000000	88.196083	1.6503
300.000000	88.185860	2.4177
304.000000	88.175079	2.7388
307.000000	88.162308	3.1089
311.000000	88.152298	3.5807
315.000000	88.151611	4.0903
320.000000	88.136536	4.6957
325.000000	88.123421	5.2567
330.000000	88.120216	5.8638
335.000000	88.121849	6.4781
340.000000	88.121590	7.0260
345.000000	88.120705	7.5463
350.000000	88.118057	8.0627
355.000000	88.122627	8.6016
360.000000	88.128784	9.1146
365.000000	88.114555	9.6407
370.000000	88.117271	10.1474
375.000000	88.121658	10.6439
382.000000	88.114220	11.3738
387.000000	88.115868	11.7964
395.000000	88.125259	12.5945
400.000000	88.129326	13.1257
406.000000	88.128784	13.6096
412.000000	88.142929	14.3289
418.000000	88.146889	14.7913
425.000000	88.161789	15.4040
431.000000	88.156670	15.9471
437.000000	88.165962	16.4486
444.000000	88.168365	17.0545
450.000000	88.175964	17.5905
455.000000	88.181961	18.0023
462.000000	88.188522	18.6282
468.000000	88.195518	19.1700
475.000000	88.205070	19.7843
482.000000	88.219673	20.3872
487.000000	88.222801	20.7482
494.000000	88.230209	21.3305
500.000000	88.244972	21.7954
508.000000	88.255287	22.4351
515.000000	88.260605	22.9809
522.000000	88.262909	23.6081
530.000000	88.283356	24.1958
538.000000	88.289986	24.8867
545.000000	88.307350	25.3870
552.000000	88.322304	25.9390
560.000000	88.329712	26.5253
570.000000	88.341370	27.3282
580.000000	88.351158	28.0652
590.000000	88.372108	28.8247
600.000000	88.384766	29.6412
608.000000	88.399300	30.1816
615.000000	88.411148	30.7456
622.000000	88.420448	31.2323
630.000000	88.431137	31.8337
640.000000	88.443787	32.6461
650.000000	88.462868	33.3866
660.000000	88.474930	34.1591
670.000000	88.498444	34.9346
680.000000	88.507797	35.7151
690.000000	88.529175	36.4838
700.000000	88.550385	37.2681
710.000000	88.574310	38.0256
720.000000	88.592636	38.7820
730.000000	88.615372	39.6012
740.000000	88.636162	40.4012
750.000000	88.670868	41.2073
762.000000	88.705070	42.1069
775.000000	88.736877	43.1221
788.000000	88.767761	44.1250
800.000000	88.812256	45.0450
812.000000	88.850388	46.0486
825.000000	88.898087	47.0527
838.000000	88.947845	48.1131
850.000000	88.998634	49.0920
862.000000	89.047241	50.0024
875.000000	89.105759	51.0751
885.000000	89.150208	51.8610
900.000000	89.228508	53.0173
912.000000	89.295227	53.9960
925.000000	89.368652	55.0314
938.000000	89.455086	56.0023
950.000000	89.525429	56.9277
962.000000	89.607849	57.8296
975.000000	89.699387	58.7796
988.000000	89.801506	59.7186
1000.000000	89.893150	60.5083
1015.000000	90.008286	61.5627
1030.000000	90.130997	62.5107
1044.000000	90.246811	63.4012
1060.000000	90.390533	64.3172
1075.000000	90.522339	65.1630
1090.000000	90.659836	65.9553
1106.000000	90.801086	66.7194
1120.000000	90.927567	67.3417
1138.000000	91.084534	68.1254
1150.000000	91.193886	68.5857
1172.000000	91.380775	69.3722
1180.000000	91.448898	69.6708
1206.000000	91.667847	70.4179
1220.000000	91.773941	70.8251
1241.000000	91.938004	71.3449
1250.000000	91.999916	71.5545
1265.000000	92.111000	71.9088
1280.000000	92.214417	72.2154
1315.000000	92.440033	72.9080
1320.000000	92.474930	73.0307
1340.000000	92.591156	73.3798
1360.000000	92.704201	73.7392
1380.000000	92.804535	74.1417
1400.000000	92.913986	74.4733
1430.000000	93.057152	74.9985
1450.000000	93.149055	75.3677
1475.000000	93.259468	75.8194
1500.000000	93.366776	76.2714
1525.000000	93.468124	76.7300
1550.000000	93.568474	77.2096
1575.000000	93.668518	77.7241
1600.000000	93.765068	78.1821
1625.000000	93.857841	78.6862
1650.000000	93.952202	79.1668
1675.000000	94.046257	79.6363
1700.000000	94.140656	80.1371
1725.000000	94.229774	80.6301
1750.000000	94.327522	81.0969
1775.000000	94.417709	81.5402
1800.000000	94.504784	82.0393
1825.000000	94.601334	82.4628
1850.000000	94.689026	82.8852
1875.000000	94.782669	83.3212
1900.000000	94.875061	83.7418
1925.000000	94.960022	84.1229
1950.000000	95.049965	84.4880
1975.000000	95.136635	84.8394
2000.000000	95.228111	85.1672
2030.000000	95.324921	85.5605
2060.000000	95.425117	85.9215
2090.000000	95.519722	86.2515
2120.000000	95.614098	86.5533
2140.000000	95.672638	86.7336
2180.000000	95.790398	87.0864
2200.000000	95.847137	87.2525
2240.000000	95.949799	87.5626
2270.000000	96.019936	87.7581
2300.000000	96.088165	87.9418
2330.000000	96.149445	88.1433
2360.000000	96.204155	88.3106
2400.000000	96.267014	88.5416
2430.000000	96.305252	88.7174
2470.000000	96.347885	88.9693
2500.000000	96.371674	89.1968
2540.000000	96.394913	89.5553
2580.000000	96.418571	90.0151
2620.000000	96.436066	90.5876
2650.000000	96.465408	91.1008
2690.000000	96.517853	91.7822
2720.000000	96.574692	92.2215
2760.000000	96.655472	92.6615
2800.000000	96.724754	92.9818
2850.000000	96.787582	93.3136
2900.000000	96.830627	93.6844
2950.000000	96.866219	94.0771
3000.000000	96.892113	94.5236
3040.000000	96.916847	94.9185
3070.000000	96.932724	95.2041
3110.000000	96.956978	95.5964
3150.000000	96.979134	96.0050
3200.000000	97.012955	96.4988
3250.000000	97.045547	96.9836
3300.000000	97.074677	97.4295
3350.000000	97.104210	97.8753
3400.000000	97.134682	98.2369
3450.000000	97.157043	98.5832
3500.000000	97.175980	98.8448
3550.000000	97.177147	99.0845
3600.000000	97.167168	99.2950
3650.000000	97.140167	99.5907
3700.000000	97.107277	99.8902
3750.000000	97.067627	100.2860
3820.000000	97.010918	100.8829
3870.000000	96.976776	101.3516
3950.000000	96.912788	102.1148
4000.000000	96.875366	102.5659
4060.000000	96.824829	103.0922
4120.000000	96.759186	103.6034
4180.000000	96.684906	104.0665
4250.000000	96.577080	104.6769
4310.000000	96.474396	105.2566
4370.000000	96.361259	105.8866
4440.000000	96.217636	106.7776
4500.000000	96.087814	107.5977
4550.000000	95.967735	108.3697
4620.000000	95.798103	109.5519
4680.000000	95.645561	110.7177
4750.000000	95.464897	112.2838
4820.000000	95.291138	114.1233
4870.000000	95.183006	115.6150
4940.000000	95.055618	117.9110
5000.000000	94.996437	119.9937
5080.000000	94.964798	122.8563
5150.000000	94.992470	125.3762
5220.000000	95.086861	127.8019
5300.000000	95.280769	130.3255
5380.000000	95.574188	132.4076
5450.000000	95.911003	133.4825
5520.000000	96.285500	133.5597
5600.000000	96.685814	132.0001
5700.000000	96.894783	127.5576
5800.000000	96.498238	122.2669
5900.000000	95.551834	118.9836
6000.000000	94.389763	119.0351
6080.000000	93.514832	121.1261
6150.000000	92.834412	124.0061
6220.000000	92.247406	127.4364
6300.000000	91.705841	131.8953
6400.000000	91.186203	137.8510
6500.000000	90.824783	144.0000
6600.000000	90.623436	150.1952
6700.000000	90.562500	156.0891
6800.000000	90.603241	161.8363
6900.000000	90.742271	167.1172
7000.000000	90.972031	172.0417
7100.000000	91.281685	176.4985
7200.000000	91.676147	-179.6526
7300.000000	92.121399	-176.4430
7400.000000	92.630119	-173.8390
7500.000000	93.220810	-172.2893
7620.000000	93.881935	-172.0547
7750.000000	94.531021	-173.4485
7880.000000	94.980057	-176.5237
8000.000000	95.123512	179.6576
8120.000000	94.992744	175.8927
8250.000000	94.596466	172.6220
8380.000000	94.094101	170.6768
8500.000000	93.620728	169.7566
8620.000000	93.148621	169.1102
8750.000000	92.620544	168.6445
8850.000000	92.159180	168.5162
9000.000000	91.418732	169.0093
9120.000000	90.798210	170.4126
9250.000000	90.124825	172.5990
9380.000000	89.610497	175.8244
9500.000000	89.178650	179.1993
9620.000000	88.837791	-176.9613
9750.000000	88.575005	-172.7659
9880.000000	88.433578	-168.4210
10000.000000	88.409210	-164.3991
10150.000000	88.476112	-159.5337
10300.000000	88.693222	-154.9242
10440.000000	89.017838	-151.0780
10600.000000	89.517738	-147.3663
10750.000000	90.123016	-144.7756
10900.000000	90.825363	-143.3920
11060.000000	91.660286	-143.5413
11200.000000	92.403587	-145.3157
11380.000000	93.198036	-150.1084
11500.000000	93.542397	-154.6138
11720.000000	93.718246	-163.3781
11800.000000	93.683739	-166.5216
12060.000000	93.293503	-176.2475
12200.000000	92.950806	178.9765
12410.000000	92.408005	172.6208
12500.000000	92.203537	170.0621
12650.000000	91.905685	165.5553
12800.000000	91.687180	160.5957
13150.000000	91.269051	144.9937
13200.000000	91.184418	142.2253
13400.000000	90.660446	129.6862
13600.000000	89.704872	116.3602
13800.000000	88.357956	103.8225
14000.000000	86.793678	93.3521
14300.000000	84.443169	81.8523
14500.000000	83.084633	76.2837
14750.000000	81.631119	70.9838
15000.000000	80.705307	66.7346
15250.000000	79.754700	62.4639
15500.000000	79.222260	57.7069
15750.000000	78.874260	52.1907
16000.000000	78.648651	46.0059
16250.000000	78.860001	38.9818
16500.000000	79.175125	29.9295
16750.000000	79.911324	18.1147
17000.000000	81.042313	1.8871
17250.000000	82.649002	-21.4897
17500.000000	84.520416	-56.9277
17750.000000	85.447838	-107.8600
18000.000000	84.333336	-165.0121
18250.000000	82.410210	138.3490
18500.000000	80.538887	81.3316
18750.000000	79.276039	21.9335
19000.000000	78.245712	-40.1003
19250.000000	77.176193	-106.3340
19500.000000	76.079666	-178.0820
19750.000000	74.306610	100.2668
