* Measurement data measured by REW V5.31.3
* Source: USB-C to 3.5mm Headphone Jack Adapter, USB-C to 3.5mm Headphone Jack Adapter, 0, volume: 0.138
* Format: 256k Log Swept Sine, 1 sweep at -12.0 dBFS with no timing reference
* Dated: Jul 16, 2025 3:46:12 PM
* REW Settings:
*  C-weighting compensation: Off
*  Target level: 75.0 dB
* Note: ; anc on, med gain, max vol
* Measurement: L
* Smoothing: None
* Frequency Step: 1/48 octave
* Start Frequency: 20.300 Hz
*
* Freq(Hz)	SPL(dB)	Phase(degrees)
20.299999	98.505	19.2078
20.600000	98.511	18.6682
20.900000	98.511	18.1723
21.200001	98.514	17.6814
21.400000	98.522	17.3526
21.799999	98.550	16.6803
22.000000	98.570	16.3370
22.400000	98.611	15.6526
22.700001	98.638	15.1676
23.000000	98.657	14.7284
23.299999	98.668	14.3438
23.600000	98.672	14.0075
24.000000	98.672	13.5967
24.299999	98.670	13.2809
24.700001	98.668	12.8074
25.000000	98.668	12.4023
25.400000	98.671	11.8069
25.799999	98.678	11.1866
26.200001	98.688	10.5900
26.500000	98.697	10.1832
26.900000	98.707	9.7131
27.200001	98.715	9.4153
27.600000	98.725	9.0679
28.000000	98.734	8.7323
28.500000	98.745	8.2473
29.000000	98.747	7.6474
29.500000	98.736	6.9904
30.000000	98.719	6.3977
30.400000	98.710	6.0141
30.700001	98.711	5.7674
31.100000	98.720	5.4522
31.500000	98.733	5.1102
32.000000	98.739	4.6357
32.500000	98.730	4.1603
33.000000	98.714	3.7292
33.500000	98.702	3.3188
34.000000	98.697	2.8830
34.500000	98.694	2.4279
35.000000	98.688	2.0018
35.500000	98.684	1.6208
36.000000	98.681	1.2513
36.500000	98.673	0.8716
37.000000	98.657	0.5041
37.500000	98.643	0.1615
38.200001	98.635	-0.3672
38.700001	98.631	-0.8216
39.500000	98.606	-1.4829
40.000000	98.594	-1.7517
40.599998	98.597	-2.0408
41.200001	98.603	-2.4514
41.799999	98.586	-2.9407
42.500000	98.550	-3.4275
43.099998	98.531	-3.7813
43.700001	98.522	-4.1623
44.400002	98.508	-4.6065
45.000000	98.494	-4.9385
45.500000	98.483	-5.2137
46.200001	98.462	-5.6401
46.799999	98.440	-6.0020
47.500000	98.423	-6.3764
48.200001	98.419	-6.7498
48.700001	98.413	-7.0274
49.400002	98.392	-7.3794
50.000000	98.369	-7.6340
50.799999	98.343	-7.9847
51.500000	98.327	-8.3465
52.200001	98.311	-8.7251
53.000000	98.285	-9.1220
53.799999	98.248	-9.4297
54.500000	98.227	-9.6680
55.200001	98.222	-10.0073
56.000000	98.208	-10.4823
57.000000	98.169	-10.8350
58.000000	98.147	-11.0605
59.000000	98.132	-11.4716
60.000000	98.117	-12.0025
60.799999	98.089	-12.4058
61.500000	98.055	-12.6572
62.200001	98.022	-12.8544
63.000000	97.989	-13.0690
64.000000	97.966	-13.3667
65.000000	97.946	-13.7918
66.000000	97.919	-14.1421
67.000000	97.900	-14.4303
68.000000	97.864	-14.7475
69.000000	97.822	-15.0154
70.000000	97.801	-15.2540
71.000000	97.794	-15.4380
72.000000	97.774	-15.6762
73.000000	97.724	-16.0319
74.000000	97.689	-16.3845
75.000000	97.684	-16.7116
76.199997	97.659	-16.9758
77.500000	97.615	-17.3207
78.800003	97.563	-17.7162
80.000000	97.526	-17.9585
81.199997	97.495	-18.0502
82.500000	97.513	-18.2675
83.800003	97.453	-18.5079
85.000000	97.411	-18.5195
86.199997	97.404	-18.8047
87.500000	97.371	-19.0413
88.500000	97.316	-19.2135
90.000000	97.300	-19.2735
91.199997	97.314	-19.4638
92.500000	97.271	-19.5287
93.800003	97.234	-19.5711
95.000000	97.211	-19.6881
96.199997	97.168	-19.8767
97.500000	97.147	-20.0092
98.800003	97.142	-20.0312
100.000000	97.112	-20.0960
101.500000	97.060	-20.2226
103.000000	97.057	-20.2898
104.400002	97.032	-20.5345
106.000000	96.985	-20.6869
107.500000	96.948	-20.7000
109.000000	96.918	-20.7925
110.599998	96.894	-20.7878
112.000000	96.869	-21.0008
113.800003	96.849	-20.9826
115.000000	96.807	-21.0354
117.199997	96.815	-21.2300
118.000000	96.796	-20.9962
120.599998	96.711	-21.6052
122.000000	96.748	-21.2592
124.099998	96.674	-21.3954
125.000000	96.694	-21.5010
126.500000	96.673	-21.3734
128.000000	96.614	-21.5621
131.500000	96.597	-21.6505
132.000000	96.600	-21.6714
134.000000	96.595	-21.5633
136.000000	96.556	-21.7477
138.000000	96.537	-21.6494
140.000000	96.494	-21.6487
143.000000	96.454	-21.8795
145.000000	96.437	-21.7333
147.500000	96.418	-21.6731
150.000000	96.383	-21.6541
152.500000	96.368	-21.6126
155.000000	96.317	-21.6830
157.500000	96.324	-21.6491
160.000000	96.285	-21.6081
162.500000	96.294	-21.6581
165.000000	96.252	-21.4618
167.500000	96.239	-21.6195
170.000000	96.225	-21.3891
172.500000	96.209	-21.4664
175.000000	96.186	-21.4609
177.500000	96.180	-21.3661
180.000000	96.159	-21.2351
182.500000	96.145	-21.2081
185.000000	96.118	-21.1936
187.500000	96.091	-21.1645
190.000000	96.080	-21.0656
192.500000	96.038	-20.9556
195.000000	96.034	-20.8611
197.500000	96.023	-20.7689
200.000000	95.999	-20.6481
203.000000	95.982	-20.4156
206.000000	96.006	-20.1217
209.000000	96.016	-20.2771
212.000000	96.011	-20.3911
214.000000	96.013	-20.3589
218.000000	95.979	-20.4943
220.000000	95.982	-20.6061
224.000000	95.962	-20.8272
227.000000	95.955	-20.9224
230.000000	95.953	-20.9969
233.000000	95.957	-21.0575
236.000000	95.950	-21.2045
240.000000	95.937	-21.7673
243.000000	95.925	-21.4706
247.000000	95.933	-21.7702
250.000000	95.934	-21.9030
254.000000	95.951	-21.9782
258.000000	95.917	-22.1473
262.000000	95.900	-22.4647
265.000000	95.903	-22.5068
269.000000	95.903	-22.6174
272.000000	95.896	-22.7793
276.000000	95.898	-22.9500
280.000000	95.897	-23.1215
285.000000	95.875	-23.2589
290.000000	95.873	-23.3728
295.000000	95.874	-23.5789
300.000000	95.875	-23.6601
304.000000	95.879	-23.9233
307.000000	95.885	-23.9983
311.000000	95.891	-24.2093
315.000000	95.900	-24.4199
320.000000	95.913	-24.6395
325.000000	95.921	-24.8818
330.000000	95.916	-25.1233
335.000000	95.920	-25.4192
340.000000	95.918	-25.6403
345.000000	95.942	-25.8766
350.000000	95.932	-26.1034
355.000000	95.946	-26.4186
360.000000	95.933	-26.5860
365.000000	95.932	-26.8238
370.000000	95.936	-27.0943
375.000000	95.942	-27.3916
382.000000	95.936	-27.7197
387.000000	95.945	-28.0459
395.000000	95.966	-28.4800
400.000000	95.958	-28.7318
406.000000	95.973	-29.0302
412.000000	95.974	-29.3868
418.000000	95.973	-29.6743
425.000000	95.989	-30.0932
431.000000	95.988	-30.4373
437.000000	95.983	-30.8292
444.000000	95.994	-31.1779
450.000000	96.002	-31.4791
455.000000	96.015	-31.7602
462.000000	96.014	-32.2316
468.000000	96.019	-32.6203
475.000000	96.025	-33.0243
482.000000	96.032	-33.4334
487.000000	96.023	-33.7886
494.000000	96.020	-34.2154
500.000000	96.020	-34.5846
508.000000	96.034	-35.1647
515.000000	96.011	-35.5800
522.000000	96.005	-36.1412
530.000000	96.004	-36.5750
538.000000	96.003	-37.2077
545.000000	95.964	-37.6707
552.000000	95.950	-38.1662
560.000000	95.919	-38.7101
570.000000	95.883	-39.3121
580.000000	95.823	-39.8938
590.000000	95.768	-40.4523
600.000000	95.725	-40.9049
608.000000	95.687	-41.1431
615.000000	95.659	-41.3587
622.000000	95.621	-41.4993
630.000000	95.579	-41.6986
640.000000	95.561	-41.9894
650.000000	95.539	-42.1412
660.000000	95.531	-42.2824
670.000000	95.525	-42.5523
680.000000	95.516	-42.8014
690.000000	95.539	-43.0846
700.000000	95.516	-43.2678
710.000000	95.512	-43.5774
720.000000	95.510	-43.8784
730.000000	95.517	-44.2623
740.000000	95.512	-44.5053
750.000000	95.530	-44.7397
762.000000	95.509	-45.1477
775.000000	95.539	-45.6026
788.000000	95.534	-45.9987
800.000000	95.552	-46.1693
812.000000	95.555	-46.4805
825.000000	95.562	-46.7788
838.000000	95.582	-47.1616
850.000000	95.583	-47.5217
862.000000	95.609	-47.8535
875.000000	95.626	-48.1290
885.000000	95.645	-48.3359
900.000000	95.654	-48.7438
912.000000	95.663	-49.0408
925.000000	95.664	-48.9921
938.000000	95.728	-48.8424
950.000000	95.781	-48.4738
962.000000	95.831	-48.0384
975.000000	95.878	-47.4836
988.000000	95.925	-47.1880
1000.000000	95.966	-46.6979
1015.000000	96.039	-46.2738
1030.000000	96.094	-45.7034
1044.000000	96.192	-45.3295
1060.000000	96.237	-44.9047
1075.000000	96.319	-44.3760
1090.000000	96.415	-43.9559
1106.000000	96.508	-43.5824
1120.000000	96.603	-43.2312
1138.000000	96.685	-42.7754
1150.000000	96.770	-42.3680
1172.000000	96.899	-42.0813
1180.000000	96.940	-41.9384
1206.000000	97.085	-41.4191
1220.000000	97.136	-41.2549
1241.000000	97.260	-40.8042
1250.000000	97.298	-40.7337
1265.000000	97.384	-40.3783
1280.000000	97.445	-40.2808
1315.000000	97.558	-39.9187
1320.000000	97.589	-39.6992
1340.000000	97.674	-39.5922
1360.000000	97.768	-39.3561
1380.000000	97.829	-38.8486
1400.000000	97.892	-38.8276
1430.000000	97.956	-38.2148
1450.000000	98.052	-37.7241
1475.000000	98.108	-37.4004
1500.000000	98.195	-36.4521
1525.000000	98.225	-36.1080
1550.000000	98.283	-35.3590
1575.000000	98.373	-34.7449
1600.000000	98.425	-34.0165
1625.000000	98.453	-33.2749
1650.000000	98.480	-32.5072
1675.000000	98.566	-31.4364
1700.000000	98.606	-30.8316
1725.000000	98.692	-30.1580
1750.000000	98.744	-29.1895
1775.000000	98.810	-28.1350
1800.000000	98.882	-27.0194
1825.000000	98.938	-26.3649
1850.000000	98.997	-25.2969
1875.000000	99.085	-24.3719
1900.000000	99.144	-23.3288
1925.000000	99.239	-22.3759
1950.000000	99.317	-21.2106
1975.000000	99.337	-20.2243
2000.000000	99.429	-19.3658
2030.000000	99.546	-17.8244
2060.000000	99.640	-16.6682
2090.000000	99.755	-15.1786
2120.000000	99.893	-13.8548
2140.000000	99.906	-13.1728
2180.000000	100.052	-11.5752
2200.000000	100.129	-10.5752
2240.000000	100.243	-9.0653
2270.000000	100.351	-7.7557
2300.000000	100.455	-6.6521
2330.000000	100.534	-5.2682
2360.000000	100.638	-4.1294
2400.000000	100.718	-2.7054
2430.000000	100.885	-1.2886
2470.000000	101.013	-0.2553
2500.000000	101.049	-0.9843
2540.000000	101.148	-1.6178
2580.000000	101.301	-2.3271
2620.000000	101.426	-3.0936
2650.000000	101.484	-3.7242
2690.000000	101.552	-4.2953
2720.000000	101.619	-5.0653
2760.000000	101.633	-6.0991
2800.000000	101.755	-7.5959
2850.000000	101.755	-8.6436
2900.000000	101.799	-9.6612
2950.000000	101.828	-10.9210
3000.000000	101.761	-12.2630
3040.000000	101.730	-13.3423
3070.000000	101.669	-14.1957
3110.000000	101.628	-14.8767
3150.000000	101.531	-15.8345
3200.000000	101.448	-16.1512
3250.000000	101.336	-17.3228
3300.000000	101.209	-18.1255
3350.000000	101.108	-18.4664
3400.000000	101.075	-18.5930
3450.000000	100.876	-19.4350
3500.000000	100.764	-19.6215
3550.000000	100.625	-19.8188
3600.000000	100.516	-20.4506
3650.000000	100.389	-20.6738
3700.000000	100.173	-20.4094
3750.000000	100.077	-20.4082
3820.000000	99.952	-20.1767
3870.000000	99.852	-19.6261
3950.000000	99.618	-19.6107
4000.000000	99.529	-19.1517
4060.000000	99.377	-18.5263
4120.000000	99.314	-18.0462
4180.000000	99.232	-17.7045
4250.000000	99.179	-17.0330
4310.000000	99.096	-16.9664
4370.000000	98.979	-16.8013
4440.000000	98.923	-16.5934
4500.000000	98.759	-15.8861
4550.000000	98.671	-16.2254
4620.000000	98.528	-15.4988
4680.000000	98.355	-14.9839
4750.000000	98.283	-13.8899
4820.000000	98.105	-13.2384
4870.000000	98.065	-12.8013
4940.000000	97.888	-11.7652
5000.000000	97.831	-10.8038
5080.000000	97.631	-9.9270
5150.000000	97.558	-8.2913
5220.000000	97.490	-7.4717
5300.000000	97.384	-5.8451
5380.000000	97.313	-4.1714
5450.000000	97.301	-2.4831
5520.000000	97.348	-1.3610
5600.000000	97.379	-0.2302
5700.000000	97.466	0.9147
5800.000000	97.472	1.9969
5900.000000	97.475	2.5401
6000.000000	97.448	3.2063
6080.000000	97.397	3.9169
6150.000000	97.399	4.3260
6220.000000	97.284	4.7479
6300.000000	97.215	5.5147
6400.000000	97.212	6.5082
6500.000000	97.048	7.3799
6600.000000	97.003	8.7899
6700.000000	96.924	9.8788
6800.000000	96.859	11.4675
6900.000000	96.873	12.7794
7000.000000	96.814	14.5669
7100.000000	96.846	16.1626
7200.000000	96.912	17.9579
7300.000000	97.010	19.7459
7400.000000	97.261	21.4339
7500.000000	97.569	22.9272
7620.000000	98.003	24.2289
7750.000000	98.818	23.8018
7880.000000	99.724	19.6708
8000.000000	100.269	12.0997
8120.000000	100.130	2.7613
8250.000000	99.326	-6.0826
8380.000000	98.140	-11.9020
8500.000000	96.949	-14.9097
8620.000000	95.745	-16.5870
8750.000000	94.526	-16.6486
8850.000000	93.534	-15.4838
9000.000000	92.232	-13.2553
9120.000000	91.179	-10.6201
9250.000000	90.221	-7.4758
9380.000000	89.348	-3.5595
9500.000000	88.503	0.1246
9620.000000	87.823	4.1054
9750.000000	87.063	8.7581
9880.000000	86.377	14.0363
10000.000000	85.933	18.0807
10150.000000	85.207	24.1986
10300.000000	84.658	30.5259
10440.000000	84.133	36.6558
10600.000000	83.659	43.0496
10750.000000	83.273	49.5993
10900.000000	82.992	55.9908
11060.000000	82.662	66.6841
11200.000000	82.644	82.5593
11380.000000	82.479	103.0066
11500.000000	82.417	116.7163
11720.000000	82.558	141.5575
11800.000000	82.530	150.4018
12060.000000	82.864	179.4851
12200.000000	83.079	-164.9023
12410.000000	83.521	-141.9969
12500.000000	83.707	-132.0625
12650.000000	84.125	-116.1344
12800.000000	84.725	-100.2218
13150.000000	85.990	-64.3780
13200.000000	86.308	-58.8973
13400.000000	87.217	-39.3644
13600.000000	88.384	-20.2477
13800.000000	89.918	-2.2571
14000.000000	91.852	13.1986
14300.000000	95.828	25.1039
14500.000000	97.857	11.2684
14750.000000	94.501	-5.0809
15000.000000	90.169	6.9924
15250.000000	86.959	31.2192
15500.000000	84.739	57.9623
15750.000000	83.225	86.4686
16000.000000	82.281	114.8391
16250.000000	81.782	142.8469
16500.000000	81.588	170.2196
16750.000000	81.862	-163.7655
17000.000000	82.450	-138.9110
17250.000000	83.621	-116.8836
17500.000000	85.337	-99.2224
17750.000000	28.192	-18.4788
18000.000000	28.573	-150.3896
18250.000000	31.823	-139.1882
18500.000000	34.279	128.3940
18750.000000	32.555	-86.4043
19000.000000	44.553	90.6953
19250.000000	38.710	-117.6172
19500.000000	29.074	137.2246
19750.000000	14.578	179.1953
