* Measurement data measured by REW V5.31.3
* Source: USB-C to 3.5mm Headphone Jack Adapter, USB-C to 3.5mm Headphone Jack Adapter, 0, volume: 0.138
* Format: 256k Log Swept Sine, 1 sweep at -12.0 dBFS with no timing reference
* Dated: Jan 13, 2025 7:04:26 PM
* REW Settings:
*  C-weighting compensation: Off
*  Target level: 75.0 dB
* Note: ; 
* Measurement: L
* Smoothing: None
* Frequency Step: 1/48 octave
* Start Frequency: 20.300 Hz
*
* Freq(Hz)	SPL(dB)	Phase(degrees)
20.299999	101.623	4.8623
20.600000	101.597	4.2512
20.900000	101.564	3.7115
21.200001	101.531	3.1894
21.400000	101.512	2.8477
21.799999	101.483	2.1751
22.000000	101.473	1.8440
22.400000	101.459	1.1932
22.700001	101.452	0.7142
23.000000	101.446	0.2403
23.299999	101.438	-0.2306
23.600000	101.425	-0.6968
24.000000	101.399	-1.2989
24.299999	101.374	-1.7247
24.700001	101.336	-2.2515
25.000000	101.308	-2.6264
25.400000	101.275	-3.1291
25.799999	101.244	-3.6685
26.200001	101.211	-4.2494
26.500000	101.182	-4.6929
26.900000	101.139	-5.2549
27.200001	101.106	-5.6346
27.600000	101.066	-6.0839
28.000000	101.036	-6.4940
28.500000	101.008	-7.0055
29.000000	100.979	-7.5369
29.500000	100.941	-8.0575
30.000000	100.896	-8.5356
30.400000	100.859	-8.8956
30.700001	100.832	-9.1678
31.100000	100.799	-9.5504
31.500000	100.768	-9.9608
32.000000	100.729	-10.4926
32.500000	100.688	-11.0032
33.000000	100.647	-11.4581
33.500000	100.607	-11.8568
34.000000	100.565	-12.2271
34.500000	100.520	-12.5943
35.000000	100.471	-12.9656
35.500000	100.421	-13.3395
36.000000	100.375	-13.7195
36.500000	100.331	-14.1054
37.000000	100.290	-14.4776
37.500000	100.249	-14.8136
38.200001	100.195	-15.2519
38.700001	100.154	-15.5950
39.500000	100.071	-16.1826
40.000000	100.013	-16.4992
40.599998	99.954	-16.8135
41.200001	99.907	-17.1222
41.799999	99.860	-17.4476
42.500000	99.799	-17.8179
43.099998	99.747	-18.1510
43.700001	99.693	-18.5177
44.400002	99.632	-18.9073
45.000000	99.585	-19.1701
45.500000	99.546	-19.3728
46.200001	99.479	-19.6600
46.799999	99.408	-19.8824
47.500000	99.336	-20.1238
48.200001	99.294	-20.4255
48.700001	99.274	-20.6968
49.400002	99.229	-21.0776
50.000000	99.163	-21.2687
50.799999	99.072	-21.3113
51.500000	99.027	-21.5276
52.200001	98.972	-22.0340
53.000000	98.876	-22.3496
53.799999	98.816	-22.2748
54.500000	98.780	-22.3977
55.200001	98.724	-22.6437
56.000000	98.680	-22.8625
57.000000	98.628	-23.2690
58.000000	98.509	-23.2690
59.000000	98.445	-23.4015
60.000000	98.360	-24.1111
60.799999	98.273	-24.3165
61.500000	98.222	-24.2429
62.200001	98.190	-24.2687
63.000000	98.141	-24.5647
64.000000	98.051	-24.7481
65.000000	98.022	-24.6566
66.000000	97.962	-24.9808
67.000000	97.859	-25.1397
68.000000	97.795	-25.3863
69.000000	97.694	-25.5051
70.000000	97.625	-25.4531
71.000000	97.560	-25.6925
72.000000	97.490	-25.8277
73.000000	97.434	-25.8625
74.000000	97.384	-25.9113
75.000000	97.311	-26.0229
76.199997	97.227	-25.9788
77.500000	97.140	-26.1618
78.800003	97.072	-26.1461
80.000000	97.008	-26.2899
81.199997	96.927	-26.2593
82.500000	96.848	-26.2790
83.800003	96.779	-26.3062
85.000000	96.704	-26.3524
86.199997	96.631	-26.3535
87.500000	96.557	-26.3659
88.500000	96.506	-26.3458
90.000000	96.424	-26.3237
91.199997	96.352	-26.3537
92.500000	96.283	-26.2787
93.800003	96.219	-26.2248
95.000000	96.155	-26.2339
96.199997	96.091	-26.2155
97.500000	96.051	-26.0596
98.800003	95.988	-26.1273
100.000000	95.911	-26.0561
101.500000	95.842	-25.9931
103.000000	95.766	-25.9101
104.400002	95.705	-25.8424
106.000000	95.632	-25.7109
107.500000	95.564	-25.6991
109.000000	95.506	-25.6027
110.599998	95.412	-25.3999
112.000000	95.386	-25.3343
113.800003	95.285	-25.1635
115.000000	95.254	-25.1508
117.199997	95.156	-24.9479
118.000000	95.120	-24.9180
120.599998	95.055	-24.8143
122.000000	94.958	-24.4288
124.099998	94.881	-24.3298
125.000000	94.848	-24.2091
126.500000	94.797	-24.0270
128.000000	94.750	-23.8915
131.500000	94.613	-23.4805
132.000000	94.598	-23.4120
134.000000	94.533	-23.2945
136.000000	94.466	-23.0013
138.000000	94.393	-22.7119
140.000000	94.316	-22.4302
143.000000	94.212	-21.8831
145.000000	94.156	-21.5094
147.500000	94.095	-21.0399
150.000000	94.071	-20.4788
152.500000	94.054	-20.1792
155.000000	94.033	-19.9219
157.500000	93.986	-19.7367
160.000000	93.938	-19.4550
162.500000	93.889	-19.3382
165.000000	93.837	-18.9768
167.500000	93.787	-18.6952
170.000000	93.757	-18.3992
172.500000	93.720	-18.0442
175.000000	93.697	-17.8437
177.500000	93.665	-17.6405
180.000000	93.618	-17.4317
182.500000	93.593	-17.3498
185.000000	93.544	-17.1635
187.500000	93.511	-16.9793
190.000000	93.459	-16.6738
192.500000	93.417	-16.4994
195.000000	93.372	-16.2254
197.500000	93.330	-15.9784
200.000000	93.293	-15.6886
203.000000	93.247	-15.3716
206.000000	93.205	-15.0557
209.000000	93.168	-14.7035
212.000000	93.128	-14.3121
214.000000	93.106	-14.1716
218.000000	93.073	-13.6899
220.000000	93.053	-13.4961
224.000000	93.019	-13.0661
227.000000	92.984	-12.8467
230.000000	92.953	-12.5171
233.000000	92.919	-12.2313
236.000000	92.891	-11.9671
240.000000	92.822	-11.6499
243.000000	92.833	-11.2673
247.000000	92.789	-10.8978
250.000000	92.781	-10.5873
254.000000	92.751	-10.2827
258.000000	92.724	-9.8563
262.000000	92.695	-9.5369
265.000000	92.678	-9.2809
269.000000	92.644	-8.9146
272.000000	92.625	-8.6239
276.000000	92.608	-8.2518
280.000000	92.570	-7.9636
285.000000	92.539	-7.4964
290.000000	92.514	-7.0345
295.000000	92.484	-6.6150
300.000000	92.453	-6.0969
304.000000	92.426	-5.8251
307.000000	92.427	-5.5123
311.000000	92.400	-5.1322
315.000000	92.384	-4.7611
320.000000	92.361	-4.2823
325.000000	92.359	-3.8153
330.000000	92.359	-3.3228
335.000000	92.365	-2.8936
340.000000	92.369	-2.5577
345.000000	92.373	-2.2247
350.000000	92.370	-1.9168
355.000000	92.363	-1.6569
360.000000	92.345	-1.3716
365.000000	92.342	-1.0606
370.000000	92.329	-0.7629
375.000000	92.316	-0.4720
382.000000	92.309	-0.0521
387.000000	92.289	0.2746
395.000000	92.277	0.7914
400.000000	92.265	1.1281
406.000000	92.258	1.4419
412.000000	92.243	1.7875
418.000000	92.231	2.1842
425.000000	92.224	2.5752
431.000000	92.216	2.9497
437.000000	92.203	3.3186
444.000000	92.194	3.7561
450.000000	92.191	4.0889
455.000000	92.181	4.3881
462.000000	92.174	4.8136
468.000000	92.169	5.1190
475.000000	92.164	5.5608
482.000000	92.150	5.9508
487.000000	92.148	6.1866
494.000000	92.143	6.6024
500.000000	92.141	6.9269
508.000000	92.132	7.3723
515.000000	92.126	7.7380
522.000000	92.120	8.1359
530.000000	92.116	8.5619
538.000000	92.104	8.9726
545.000000	92.102	9.3966
552.000000	92.092	9.7336
560.000000	92.087	10.1769
570.000000	92.078	10.7161
580.000000	92.072	11.3091
590.000000	92.059	11.7986
600.000000	92.052	12.2997
608.000000	92.040	12.7868
615.000000	92.040	13.1847
622.000000	92.031	13.5596
630.000000	92.026	14.0333
640.000000	92.012	14.6028
650.000000	92.009	15.1600
660.000000	91.997	15.7420
670.000000	91.984	16.3372
680.000000	91.976	16.9387
690.000000	91.965	17.5655
700.000000	91.965	18.2113
710.000000	91.960	18.8582
720.000000	91.958	19.5492
730.000000	91.951	20.2764
740.000000	91.952	20.9600
750.000000	91.944	21.6768
762.000000	91.946	22.6312
775.000000	91.963	23.6440
788.000000	91.984	24.6608
800.000000	92.014	25.6560
812.000000	92.048	26.6721
825.000000	92.099	27.7576
838.000000	92.162	28.8807
850.000000	92.226	29.8505
862.000000	92.309	30.7754
875.000000	92.403	31.8110
885.000000	92.479	32.5024
900.000000	92.591	33.5371
912.000000	92.705	34.2514
925.000000	92.819	35.0096
938.000000	92.930	35.6764
950.000000	93.046	36.2554
962.000000	93.149	36.8540
975.000000	93.264	37.4286
988.000000	93.380	37.9390
1000.000000	93.490	38.4572
1015.000000	93.624	38.9855
1030.000000	93.758	39.4814
1044.000000	93.882	39.9115
1060.000000	94.028	40.3774
1075.000000	94.162	40.7307
1090.000000	94.295	41.0557
1106.000000	94.440	41.3503
1120.000000	94.559	41.5804
1138.000000	94.716	41.8054
1150.000000	94.815	41.9384
1172.000000	94.992	42.0809
1180.000000	95.056	42.1258
1206.000000	95.255	42.1810
1220.000000	95.355	42.1622
1241.000000	95.499	42.1181
1250.000000	95.555	42.0816
1265.000000	95.651	42.0086
1280.000000	95.737	41.9544
1315.000000	95.923	41.7248
1320.000000	95.951	41.6518
1340.000000	96.038	41.5622
1360.000000	96.127	41.4273
1380.000000	96.206	41.3035
1400.000000	96.280	41.1980
1430.000000	96.382	41.0467
1450.000000	96.440	40.9666
1475.000000	96.510	40.8938
1500.000000	96.572	40.8749
1525.000000	96.638	40.8252
1550.000000	96.697	40.8425
1575.000000	96.756	40.8721
1600.000000	96.811	40.9499
1625.000000	96.870	41.0254
1650.000000	96.924	41.1380
1675.000000	96.979	41.2712
1700.000000	97.037	41.3999
1725.000000	97.093	41.5879
1750.000000	97.154	41.7366
1775.000000	97.214	41.9258
1800.000000	97.280	42.0941
1825.000000	97.343	42.2972
1850.000000	97.412	42.5002
1875.000000	97.479	42.6826
1900.000000	97.554	42.9086
1925.000000	97.628	43.1075
1950.000000	97.708	43.3042
1975.000000	97.792	43.4945
2000.000000	97.878	43.6663
2030.000000	97.986	43.8831
2060.000000	98.098	44.0315
2090.000000	98.214	44.1519
2120.000000	98.330	44.2368
2140.000000	98.406	44.2678
2180.000000	98.562	44.2965
2200.000000	98.642	44.3090
2240.000000	98.805	44.2571
2270.000000	98.929	44.1552
2300.000000	99.055	44.0347
2330.000000	99.178	43.8583
2360.000000	99.301	43.6306
2400.000000	99.465	43.2589
2430.000000	99.585	42.9327
2470.000000	99.742	42.4193
2500.000000	99.856	41.9826
2540.000000	100.004	41.3274
2580.000000	100.145	40.5779
2620.000000	100.271	39.7656
2650.000000	100.359	39.1128
2690.000000	100.467	38.1739
2720.000000	100.541	37.4363
2760.000000	100.624	36.4011
2800.000000	100.692	35.3243
2850.000000	100.755	33.9696
2900.000000	100.790	32.5748
2950.000000	100.802	31.2111
3000.000000	100.787	29.8961
3040.000000	100.760	28.9055
3070.000000	100.733	28.2192
3110.000000	100.688	27.3611
3150.000000	100.645	26.5584
3200.000000	100.590	25.6134
3250.000000	100.533	24.6820
3300.000000	100.473	23.7297
3350.000000	100.396	22.7438
3400.000000	100.300	21.8189
3450.000000	100.191	20.9505
3500.000000	100.066	20.1697
3550.000000	99.928	19.4960
3600.000000	99.784	18.9343
3650.000000	99.632	18.5471
3700.000000	99.478	18.2495
3750.000000	99.330	18.1200
3820.000000	99.129	18.1111
3870.000000	99.000	18.2768
3950.000000	98.828	18.7846
4000.000000	98.755	19.1136
4060.000000	98.708	19.4444
4120.000000	98.666	19.6297
4180.000000	98.628	19.6583
4250.000000	98.571	19.6200
4310.000000	98.516	19.5583
4370.000000	98.452	19.4906
4440.000000	98.375	19.4398
4500.000000	98.308	19.4369
4550.000000	98.254	19.4475
4620.000000	98.184	19.4709
4680.000000	98.127	19.4526
4750.000000	98.057	19.4791
4820.000000	97.988	19.4556
4870.000000	97.937	19.4468
4940.000000	97.864	19.3970
5000.000000	97.802	19.3784
5080.000000	97.716	19.3545
5150.000000	97.641	19.3541
5220.000000	97.558	19.3108
5300.000000	97.463	19.2953
5380.000000	97.363	19.2597
5450.000000	97.277	19.3110
5520.000000	97.178	19.3700
5600.000000	97.070	19.4998
5700.000000	96.935	19.7743
5800.000000	96.812	20.1036
5900.000000	96.705	20.5062
6000.000000	96.612	20.9503
6080.000000	96.561	21.3856
6150.000000	96.520	21.7187
6220.000000	96.503	22.0092
6300.000000	96.493	22.3010
6400.000000	96.515	22.5777
6500.000000	96.576	22.6610
6600.000000	96.681	22.3450
6700.000000	96.808	21.4501
6800.000000	96.924	19.7017
6900.000000	96.956	16.8302
7000.000000	96.727	12.9287
7100.000000	96.069	9.4216
7200.000000	94.994	9.1086
7300.000000	94.066	14.2520
7400.000000	93.955	22.4264
7500.000000	94.683	28.6837
7620.000000	95.945	30.5762
7750.000000	97.436	28.0344
7880.000000	98.599	18.9946
8000.000000	98.934	7.4798
8120.000000	98.478	-3.7269
8250.000000	97.409	-12.7468
8380.000000	96.148	-18.1937
8500.000000	95.008	-20.8612
8620.000000	93.942	-21.9635
8750.000000	92.825	-21.5433
8850.000000	91.909	-19.2773
9000.000000	92.309	-4.9771
9120.000000	93.176	-17.1727
9250.000000	92.211	-20.7954
9380.000000	91.613	-21.2942
9500.000000	91.236	-21.5721
9620.000000	90.957	-21.9929
9750.000000	90.674	-22.8343
9880.000000	90.385	-23.9846
10000.000000	90.105	-24.9576
10150.000000	89.790	-25.7087
10300.000000	89.481	-26.6657
10440.000000	89.417	-27.7739
10600.000000	89.281	-30.1213
10750.000000	89.082	-33.3734
10900.000000	88.673	-37.0323
11060.000000	88.040	-40.4906
11200.000000	87.302	-42.5779
11380.000000	86.316	-43.0953
11500.000000	85.714	-42.2450
11720.000000	84.968	-38.5372
11800.000000	84.828	-36.8934
12060.000000	85.023	-32.0920
12200.000000	85.447	-30.8433
12410.000000	86.347	-32.6597
12500.000000	86.763	-34.6531
12650.000000	87.361	-39.8037
12800.000000	87.793	-46.5367
13150.000000	88.068	-64.4634
13200.000000	88.026	-67.0710
13400.000000	87.924	-77.2823
13600.000000	87.835	-87.4584
13800.000000	87.798	-98.4202
14000.000000	87.811	-110.4494
14300.000000	87.773	-131.4804
14500.000000	87.555	-147.2503
14750.000000	86.859	-166.9821
15000.000000	85.802	175.3352
15250.000000	84.957	163.7185
15500.000000	85.265	155.4581
15750.000000	87.038	138.8138
16000.000000	88.061	109.8234
16250.000000	87.644	81.0114
16500.000000	87.099	56.5188
16750.000000	86.911	31.5875
17000.000000	86.982	3.2659
17250.000000	87.004	-30.9012
17500.000000	86.482	-71.3913
17750.000000	85.174	-116.1480
18000.000000	83.101	-164.2200
18250.000000	80.371	145.1983
18500.000000	77.505	91.2259
18750.000000	74.605	29.2073
19000.000000	72.262	-41.3657
19250.000000	70.062	-119.0502
19500.000000	68.322	157.3074
19750.000000	66.784	70.6108
