* Measurement data measured by REW V5.20
* Source: USB-C to 3.5mm Headphone Jack Adapter, USB-C to 3.5mm Headphone Jack Adapter, 0, volume: 0.138
* Format: 256k Log Swept Sine, 1 sweep at -12.0 dBFS with no timing reference
* Dated: Aug 2, 2024 4:13:03 PM
* REW Settings:
*  C-weighting compensation: Off
*  Target level: 75.0 dB
* Note: 
* Measurement: R
* Smoothing: None
* Frequency Step: 1/48 octave
* Start Frequency: 20.300 Hz
*
* Freq(Hz)	SPL(dB)	Phase(degrees)
20.299999	92.146416	154.3038
20.600000	92.079330	154.1339
20.900000	92.008186	153.9619
21.200001	91.935593	153.7678
21.400000	91.886658	153.6306
21.799999	91.789047	153.3656
22.000000	91.741608	153.2500
22.400000	91.652512	153.0653
22.700001	91.592834	152.9648
23.000000	91.539131	152.8838
23.299999	91.489494	152.8098
23.600000	91.441063	152.7363
24.000000	91.374046	152.6428
24.299999	91.320724	152.5839
24.700001	91.246323	152.5248
25.000000	91.189415	152.4878
25.400000	91.113113	152.4306
25.799999	91.035934	152.3490
26.200001	90.957611	152.2450
26.500000	90.899017	152.1614
26.900000	90.823853	152.0534
27.200001	90.771385	151.9778
27.600000	90.707451	151.8824
28.000000	90.648849	151.7944
28.500000	90.578659	151.7078
29.000000	90.508125	151.6651
29.500000	90.436569	151.6604
30.000000	90.364075	151.6607
30.400000	90.305191	151.6462
30.700001	90.260780	151.6250
31.100000	90.202286	151.5879
31.500000	90.146317	151.5484
32.000000	90.081482	151.5049
32.500000	90.021454	151.4752
33.000000	89.963425	151.4669
33.500000	89.905533	151.4818
34.000000	89.847595	151.5080
34.500000	89.789848	151.5268
35.000000	89.732040	151.5286
35.500000	89.674301	151.5213
36.000000	89.618095	151.5204
36.500000	89.565170	151.5305
37.000000	89.515182	151.5429
37.500000	89.465416	151.5519
38.200001	89.393127	151.5804
38.700001	89.342720	151.6229
39.500000	89.270828	151.6736
40.000000	89.226845	151.6644
40.599998	89.168839	151.6499
41.200001	89.110275	151.6852
41.799999	89.059799	151.7499
42.500000	89.007767	151.7836
43.099998	88.959076	151.7808
43.700001	88.906364	151.7967
44.400002	88.847565	151.8400
45.000000	88.800659	151.8712
45.500000	88.762741	151.8889
46.200001	88.710640	151.9058
46.799999	88.665970	151.9195
47.500000	88.614822	151.9533
48.200001	88.568367	151.9893
48.700001	88.535835	151.9923
49.400002	88.485130	151.9880
50.000000	88.441483	152.0180
50.799999	88.393929	152.0600
51.500000	88.352257	152.0494
52.200001	88.303101	152.0769
53.000000	88.255081	152.1714
53.799999	88.213440	152.1821
54.500000	88.164368	152.1643
55.200001	88.112411	152.2250
56.000000	88.066689	152.3014
57.000000	88.012276	152.2749
58.000000	87.955200	152.2800
59.000000	87.907585	152.3389
60.000000	87.854530	152.3801
60.799999	87.804688	152.4048
61.500000	87.763550	152.4386
62.200001	87.730217	152.4646
63.000000	87.692314	152.4655
64.000000	87.635307	152.5147
65.000000	87.582581	152.5614
66.000000	87.525993	152.5667
67.000000	87.484093	152.6150
68.000000	87.444237	152.5821
69.000000	87.392662	152.6279
70.000000	87.339905	152.6797
71.000000	87.287918	152.7878
72.000000	87.256546	152.7067
73.000000	87.185715	152.6035
74.000000	87.144302	152.8065
75.000000	87.114807	152.7525
76.199997	87.043404	152.8096
77.500000	86.992294	152.7974
78.800003	86.938843	152.9023
80.000000	86.884888	152.8829
81.199997	86.825790	152.9847
82.500000	86.779465	152.9758
83.800003	86.718040	153.0374
85.000000	86.663971	153.0711
86.199997	86.618851	153.1078
87.500000	86.564598	153.0557
88.500000	86.516396	153.1615
90.000000	86.460556	153.2411
91.199997	86.406670	153.2820
92.500000	86.356041	153.2644
93.800003	86.299911	153.3412
95.000000	86.246826	153.3539
96.199997	86.205276	153.3790
97.500000	86.155380	153.4099
98.800003	86.101921	153.5585
100.000000	86.051384	153.5654
101.500000	85.982101	153.6372
103.000000	85.923035	153.7788
104.400002	85.878845	153.7588
106.000000	85.805183	153.8839
107.500000	85.749992	153.9336
109.000000	85.689354	154.0414
110.599998	85.629135	154.1845
112.000000	85.572777	154.1697
113.800003	85.495354	154.3315
115.000000	85.445671	154.4570
117.199997	85.377449	154.5449
118.000000	85.342621	154.5829
120.599998	85.247665	154.8768
122.000000	85.183601	154.9921
124.099998	85.108879	155.0834
125.000000	85.077881	155.1465
126.500000	85.008759	155.2890
128.000000	84.950584	155.5434
131.500000	84.843636	155.8501
132.000000	84.822502	155.9090
134.000000	84.742302	156.0965
136.000000	84.668282	156.3361
138.000000	84.599968	156.5198
140.000000	84.538902	156.8368
143.000000	84.425179	157.1292
145.000000	84.359138	157.4362
147.500000	84.284668	157.8384
150.000000	84.199478	158.1903
152.500000	84.135666	158.4825
155.000000	84.059875	158.9078
157.500000	83.984230	159.4250
160.000000	83.908936	159.5888
162.500000	83.832253	160.2179
165.000000	83.839539	159.8529
167.500000	83.736076	161.2209
170.000000	83.678024	161.4907
172.500000	83.620071	162.0128
175.000000	83.565201	162.5406
177.500000	83.510269	162.9899
180.000000	83.473152	163.2978
182.500000	83.445259	163.8583
185.000000	83.402870	164.3834
187.500000	83.367401	164.8028
190.000000	83.329102	165.2989
192.500000	83.299042	165.7952
195.000000	83.272301	166.2107
197.500000	83.242989	166.6667
200.000000	83.237480	167.1580
203.000000	83.208595	167.7581
206.000000	83.172409	168.2184
209.000000	83.152504	168.6896
212.000000	83.157570	169.2179
214.000000	83.144569	169.5701
218.000000	83.144226	170.2438
220.000000	83.130173	170.5563
224.000000	83.122215	171.1332
227.000000	83.121628	171.5631
230.000000	83.120895	171.9905
233.000000	83.124908	172.4474
236.000000	83.119904	172.8198
240.000000	83.115601	173.3307
243.000000	83.131714	173.6291
247.000000	83.133797	174.2089
250.000000	83.145363	174.5321
254.000000	83.161705	174.8179
258.000000	83.164062	175.3272
262.000000	83.178452	175.7295
265.000000	83.174919	176.0006
269.000000	83.185196	176.3897
272.000000	83.198029	176.6864
276.000000	83.203712	177.0461
280.000000	83.218285	177.3935
285.000000	83.240570	178.0143
290.000000	83.276489	178.4267
295.000000	83.327042	178.8460
300.000000	83.367508	179.0436
304.000000	83.388084	179.1490
307.000000	83.400742	179.2356
311.000000	83.395981	179.4357
315.000000	83.396225	179.5104
320.000000	83.413750	179.7125
325.000000	83.416000	-179.9987
330.000000	83.418121	-179.7168
335.000000	83.429276	-179.5452
340.000000	83.430115	-179.2821
345.000000	83.441963	-179.1143
350.000000	83.450401	-178.9334
355.000000	83.459068	-178.7163
360.000000	83.468536	-178.4958
365.000000	83.473442	-178.3502
370.000000	83.477188	-178.1598
375.000000	83.471664	-177.9547
382.000000	83.464211	-177.7435
387.000000	83.478569	-177.5647
395.000000	83.479225	-177.2827
400.000000	83.479279	-177.0479
406.000000	83.487411	-176.8268
412.000000	83.488831	-176.6038
418.000000	83.484230	-176.4727
425.000000	83.485710	-176.2170
431.000000	83.480049	-175.9479
437.000000	83.485298	-175.8038
444.000000	83.468742	-175.5468
450.000000	83.465256	-175.3335
455.000000	83.471939	-175.1967
462.000000	83.466789	-174.9584
468.000000	83.452103	-174.8491
475.000000	83.459991	-174.5030
482.000000	83.458084	-174.2953
487.000000	83.452835	-174.1487
494.000000	83.446228	-173.8800
500.000000	83.446434	-173.7045
508.000000	83.431900	-173.4028
515.000000	83.433243	-173.1692
522.000000	83.420685	-172.8928
530.000000	83.412346	-172.6152
538.000000	83.408051	-172.3610
545.000000	83.400467	-172.1384
552.000000	83.397736	-171.8591
560.000000	83.392120	-171.5971
570.000000	83.381897	-171.2374
580.000000	83.380898	-170.8677
590.000000	83.369339	-170.5944
600.000000	83.352112	-170.3084
608.000000	83.339531	-169.9901
615.000000	83.331192	-169.7299
622.000000	83.320892	-169.4868
630.000000	83.299164	-169.1356
640.000000	83.292854	-168.7447
650.000000	83.280434	-168.2379
660.000000	83.280190	-167.8855
670.000000	83.275002	-167.3910
680.000000	83.265732	-166.9973
690.000000	83.266281	-166.6348
700.000000	83.257141	-166.2426
710.000000	83.259247	-165.7824
720.000000	83.250641	-165.4019
730.000000	83.244949	-164.9767
740.000000	83.254608	-164.5153
750.000000	83.251740	-164.1411
762.000000	83.253075	-163.5944
775.000000	83.248848	-163.0182
788.000000	83.246040	-162.4578
800.000000	83.256508	-162.0114
812.000000	83.252975	-161.4039
825.000000	83.253998	-160.8193
838.000000	83.258438	-160.1796
850.000000	83.279884	-159.6800
862.000000	83.272842	-159.1772
875.000000	83.291992	-158.5726
885.000000	83.294617	-158.0667
900.000000	83.315674	-157.4335
912.000000	83.329323	-156.8512
925.000000	83.337387	-156.2457
938.000000	83.356438	-155.6445
950.000000	83.364960	-155.0540
962.000000	83.373322	-154.5574
975.000000	83.403328	-153.9753
988.000000	83.422241	-153.3007
1000.000000	83.428986	-152.6357
1015.000000	83.458458	-151.9212
1030.000000	83.485786	-151.1706
1044.000000	83.508774	-150.4423
1060.000000	83.547180	-149.5637
1075.000000	83.575439	-148.7184
1090.000000	83.630920	-147.8218
1106.000000	83.678383	-146.8261
1120.000000	83.725693	-145.9834
1138.000000	83.816620	-144.8755
1150.000000	83.875801	-144.0753
1172.000000	84.019623	-142.7544
1180.000000	84.077599	-142.3021
1206.000000	84.287727	-140.8790
1220.000000	84.407295	-140.2468
1241.000000	84.588287	-139.3882
1250.000000	84.677498	-138.9869
1265.000000	84.813370	-138.5460
1280.000000	84.948746	-138.1334
1315.000000	85.274078	-137.4234
1320.000000	85.326637	-137.3437
1340.000000	85.487900	-137.0597
1360.000000	85.651360	-136.8417
1380.000000	85.806763	-136.7165
1400.000000	85.949402	-136.6488
1430.000000	86.148438	-136.5673
1450.000000	86.270302	-136.5186
1475.000000	86.418602	-136.5443
1500.000000	86.557144	-136.5393
1525.000000	86.679611	-136.5470
1550.000000	86.794548	-136.5480
1575.000000	86.899635	-136.5151
1600.000000	87.012428	-136.4406
1625.000000	87.113586	-136.3864
1650.000000	87.229225	-136.3092
1675.000000	87.316002	-136.2836
1700.000000	87.425354	-136.2173
1725.000000	87.519554	-136.1608
1750.000000	87.618805	-136.0229
1775.000000	87.711639	-135.9857
1800.000000	87.812096	-135.8652
1825.000000	87.898117	-135.8150
1850.000000	88.000946	-135.7238
1875.000000	88.092186	-135.6633
1900.000000	88.193596	-135.6130
1925.000000	88.289314	-135.5215
1950.000000	88.388596	-135.4561
1975.000000	88.485741	-135.3955
2000.000000	88.573013	-135.3563
2030.000000	88.688881	-135.3362
2060.000000	88.802948	-135.2805
2090.000000	88.914452	-135.2272
2120.000000	89.044861	-135.2523
2140.000000	89.127014	-135.2843
2180.000000	89.286530	-135.2696
2200.000000	89.364273	-135.3554
2240.000000	89.525314	-135.4684
2270.000000	89.640533	-135.5502
2300.000000	89.767708	-135.7456
2330.000000	89.879692	-135.9496
2360.000000	89.993935	-136.1701
2400.000000	90.133438	-136.4179
2430.000000	90.242249	-136.6427
2470.000000	90.388695	-136.9436
2500.000000	90.503403	-137.1979
2540.000000	90.651520	-137.6311
2580.000000	90.793846	-138.1462
2620.000000	90.922966	-138.7115
2650.000000	91.014336	-139.0880
2690.000000	91.141273	-139.6983
2720.000000	91.233742	-140.1491
2760.000000	91.341797	-140.8443
2800.000000	91.445877	-141.5431
2850.000000	91.561081	-142.4218
2900.000000	91.665436	-143.3903
2950.000000	91.748711	-144.2772
3000.000000	91.815582	-145.2434
3040.000000	91.869972	-145.9397
3070.000000	91.910355	-146.5221
3110.000000	91.944687	-147.2059
3150.000000	91.980072	-147.9199
3200.000000	92.015503	-148.7712
3250.000000	92.044220	-149.5743
3300.000000	92.069069	-150.3954
3350.000000	92.087128	-151.1301
3400.000000	92.104904	-151.8624
3450.000000	92.116539	-152.6157
3500.000000	92.125534	-153.3068
3550.000000	92.133774	-154.0157
3600.000000	92.140396	-154.6938
3650.000000	92.142883	-155.3863
3700.000000	92.140961	-155.9767
3750.000000	92.136215	-156.6597
3820.000000	92.117401	-157.5507
3870.000000	92.112457	-158.2374
3950.000000	92.088371	-159.2516
4000.000000	92.068039	-159.8311
4060.000000	92.047813	-160.5499
4120.000000	92.021812	-161.2812
4180.000000	91.989937	-161.9864
4250.000000	91.947830	-162.7896
4310.000000	91.901993	-163.4588
4370.000000	91.864235	-164.1408
4440.000000	91.827682	-164.9031
4500.000000	91.798737	-165.5662
4550.000000	91.775581	-166.1189
4620.000000	91.734283	-167.1265
4680.000000	91.679703	-167.9850
4750.000000	91.602020	-168.9158
4820.000000	91.513260	-169.8235
4870.000000	91.436531	-170.4163
4940.000000	91.337402	-171.2603
5000.000000	91.260132	-171.8864
5080.000000	91.143768	-172.8208
5150.000000	91.038994	-173.6359
5220.000000	90.925430	-174.5215
5300.000000	90.783676	-175.4932
5380.000000	90.615982	-176.5004
5450.000000	90.464020	-177.2461
5520.000000	90.292297	-178.0005
5600.000000	90.080200	-178.8429
5700.000000	89.795395	-179.7095
5800.000000	89.490845	179.6423
5900.000000	89.177063	179.2944
6000.000000	88.875168	179.1451
6080.000000	88.642357	179.2388
6150.000000	88.439346	179.4567
6220.000000	88.260376	179.6939
6300.000000	88.087036	-179.9429
6400.000000	87.861450	-179.5976
6500.000000	87.663399	-179.1286
6600.000000	87.485214	-178.8219
6700.000000	87.311043	-178.3604
6800.000000	87.123779	-178.1672
6900.000000	86.909348	-177.6792
7000.000000	86.717804	-176.9539
7100.000000	86.573349	-175.8297
7200.000000	86.508392	-174.6184
7300.000000	86.531013	-173.5501
7400.000000	86.607697	-172.9349
7500.000000	86.719650	-172.7711
7620.000000	86.900414	-173.3184
7750.000000	87.071053	-174.6248
7880.000000	87.176956	-176.7133
8000.000000	87.232933	-179.0759
8120.000000	87.240120	177.7619
8250.000000	87.138702	173.9100
8380.000000	86.886375	169.4175
8500.000000	86.484253	164.9169
8620.000000	85.888496	160.7616
8750.000000	85.044189	157.2444
8850.000000	84.304222	155.2424
9000.000000	83.155693	153.9770
9120.000000	82.278084	154.1252
9250.000000	81.422150	154.9178
9380.000000	80.586823	156.4597
9500.000000	79.933060	157.9542
9620.000000	79.294884	159.9305
9750.000000	78.699768	162.2324
9880.000000	78.114281	164.4288
10000.000000	77.613892	166.8142
10150.000000	77.086174	169.2120
10300.000000	76.396172	169.8646
10440.000000	76.222206	175.2101
10600.000000	75.730942	178.3444
10750.000000	75.400345	-178.6725
10900.000000	75.094269	-175.6759
11060.000000	74.864487	-172.5378
11200.000000	74.644279	-170.3287
11380.000000	74.354752	-166.5876
11500.000000	74.327850	-164.6519
11720.000000	74.166687	-160.6120
11800.000000	74.179779	-158.9234
12060.000000	74.170502	-154.4710
12200.000000	74.150024	-151.8927
12410.000000	74.341599	-148.7049
12500.000000	74.423714	-147.7060
12650.000000	74.646255	-145.1445
12800.000000	74.860214	-143.1464
13150.000000	75.971558	-139.3841
13200.000000	76.170944	-138.4964
13400.000000	77.102730	-137.3342
13600.000000	78.239922	-137.9965
13800.000000	79.528198	-140.8858
14000.000000	80.884300	-146.8215
14300.000000	82.748825	-160.0047
14500.000000	83.820618	-172.8192
14750.000000	84.411613	167.4729
15000.000000	84.029228	146.6255
15250.000000	82.889771	128.9083
15500.000000	81.510742	115.1126
15750.000000	80.224854	103.8885
16000.000000	79.055092	93.8936
16250.000000	78.128296	84.0887
16500.000000	77.402008	74.5538
16750.000000	76.758934	63.4670
17000.000000	76.351097	51.6781
17250.000000	75.755608	37.8903
17500.000000	75.322823	21.9566
17750.000000	74.804489	3.6615
18000.000000	74.014519	-17.5971
18250.000000	73.065796	-40.8866
18500.000000	71.700264	-66.9500
18750.000000	70.693596	-94.5307
19000.000000	68.039566	-125.2792
19250.000000	65.662674	-159.8040
19500.000000	62.596806	162.6295
19750.000000	58.889275	119.5281
