* Measurement data measured by REW V5.31.3
* Source: USB-C to 3.5mm Headphone Jack Adapter, USB-C to 3.5mm Headphone Jack Adapter, 0, volume: 0.138
* Format: 256k Log Swept Sine, 1 sweep at -12.0 dBFS with no timing reference
* Dated: Aug 5, 2025 2:47:03 PM
* REW Settings:
*  C-weighting compensation: Off
*  Target level: 75.0 dB
* Note: ; 
* Measurement: R
* Smoothing: None
* Frequency Step: 1/48 octave
* Start Frequency: 20.300 Hz
*
* Freq(Hz)	SPL(dB)	Phase(degrees)
20.299999	105.791	-173.1109
20.600000	105.782	-173.7061
20.900000	105.766	-174.2440
21.200001	105.749	-174.7772
21.400000	105.739	-175.1319
21.799999	105.720	-175.8405
22.000000	105.711	-176.1935
22.400000	105.695	-176.8921
22.700001	105.681	-177.4026
23.000000	105.665	-177.8950
23.299999	105.646	-178.3646
23.600000	105.627	-178.8103
24.000000	105.601	-179.3748
24.299999	105.583	-179.7871
24.700001	105.562	179.6607
25.000000	105.547	179.2388
25.400000	105.527	178.6697
25.799999	105.505	178.1109
26.200001	105.479	177.5801
26.500000	105.460	177.2029
26.900000	105.433	176.7184
27.200001	105.414	176.3596
27.600000	105.387	175.8790
28.000000	105.359	175.3976
28.500000	105.323	174.8094
29.000000	105.289	174.2448
29.500000	105.258	173.6926
30.000000	105.228	173.1399
30.400000	105.200	172.7019
30.700001	105.178	172.3822
31.100000	105.146	171.9724
31.500000	105.115	171.5782
32.000000	105.079	171.0943
32.500000	105.045	170.6107
33.000000	105.010	170.1348
33.500000	104.974	169.6791
34.000000	104.937	169.2448
34.500000	104.901	168.8206
35.000000	104.865	168.3955
35.500000	104.828	167.9677
36.000000	104.790	167.5452
36.500000	104.752	167.1392
37.000000	104.715	166.7555
37.500000	104.678	166.3881
38.200001	104.626	165.8758
38.700001	104.587	165.5054
39.500000	104.522	164.9341
40.000000	104.484	164.5980
40.599998	104.442	164.1969
41.200001	104.401	163.7883
41.799999	104.355	163.3915
42.500000	104.300	162.9660
43.099998	104.254	162.6174
43.700001	104.209	162.2642
44.400002	104.156	161.8528
45.000000	104.110	161.5140
45.500000	104.072	161.2426
46.200001	104.020	160.8749
46.799999	103.976	160.5653
47.500000	103.923	160.2070
48.200001	103.868	159.8587
48.700001	103.829	159.6190
49.400002	103.777	159.2868
50.000000	103.733	159.0005
50.799999	103.674	158.6323
51.500000	103.622	158.3285
52.200001	103.571	158.0317
53.000000	103.511	157.6998
53.799999	103.453	157.3709
54.500000	103.402	157.0849
55.200001	103.351	156.8176
56.000000	103.294	156.5321
57.000000	103.222	156.1840
58.000000	103.150	155.8529
59.000000	103.080	155.5068
60.000000	103.008	155.1862
60.799999	102.954	154.9427
61.500000	102.906	154.7245
62.200001	102.855	154.5193
63.000000	102.798	154.3019
64.000000	102.729	154.0356
65.000000	102.662	153.7563
66.000000	102.593	153.4931
67.000000	102.527	153.2647
68.000000	102.461	153.0211
69.000000	102.397	152.8028
70.000000	102.336	152.5664
71.000000	102.263	152.3704
72.000000	102.197	152.1933
73.000000	102.132	151.9583
74.000000	102.068	151.7815
75.000000	102.008	151.6009
76.199997	101.924	151.3813
77.500000	101.848	151.2058
78.800003	101.771	150.9908
80.000000	101.697	150.8247
81.199997	101.624	150.6434
82.500000	101.549	150.4780
83.800003	101.475	150.3167
85.000000	101.402	150.1797
86.199997	101.333	150.0459
87.500000	101.258	149.9042
88.500000	101.202	149.8118
90.000000	101.117	149.6760
91.199997	101.050	149.5614
92.500000	100.976	149.4634
93.800003	100.909	149.3678
95.000000	100.845	149.2705
96.199997	100.781	149.1901
97.500000	100.714	149.1115
98.800003	100.648	149.0291
100.000000	100.582	148.9764
101.500000	100.505	148.8944
103.000000	100.431	148.8360
104.400002	100.362	148.7971
106.000000	100.284	148.7145
107.500000	100.211	148.6937
109.000000	100.139	148.6472
110.599998	100.066	148.6073
112.000000	100.002	148.6074
113.800003	99.912	148.5546
115.000000	99.864	148.5641
117.199997	99.762	148.5615
118.000000	99.724	148.5295
120.599998	99.628	148.4861
122.000000	99.554	148.6168
124.099998	99.461	148.5972
125.000000	99.427	148.6185
126.500000	99.360	148.6307
128.000000	99.303	148.6995
131.500000	99.166	148.7864
132.000000	99.146	148.7856
134.000000	99.067	148.9203
136.000000	98.985	148.8388
138.000000	98.936	148.9656
140.000000	98.849	149.1097
143.000000	98.736	149.1584
145.000000	98.681	149.2556
147.500000	98.593	149.3453
150.000000	98.502	149.4677
152.500000	98.395	149.4788
155.000000	98.342	149.6554
157.500000	98.258	149.8093
160.000000	98.178	149.9497
162.500000	98.095	150.1171
165.000000	98.021	150.2994
167.500000	97.943	150.4985
170.000000	97.876	150.7064
172.500000	97.809	150.8698
175.000000	97.750	151.0544
177.500000	97.689	151.2165
180.000000	97.626	151.3256
182.500000	97.565	151.5237
185.000000	97.503	151.7227
187.500000	97.442	151.9289
190.000000	97.386	152.1185
192.500000	97.332	152.3033
195.000000	97.282	152.4416
197.500000	97.233	152.5842
200.000000	97.184	152.7292
203.000000	97.116	152.8803
206.000000	97.046	153.0712
209.000000	96.982	153.2592
212.000000	96.920	153.4609
214.000000	96.877	153.5963
218.000000	96.796	153.8368
220.000000	96.757	153.9937
224.000000	96.674	154.2704
227.000000	96.617	154.5024
230.000000	96.559	154.7104
233.000000	96.502	154.9474
236.000000	96.451	155.1853
240.000000	96.388	155.4473
243.000000	96.329	155.7072
247.000000	96.268	156.0255
250.000000	96.217	156.2462
254.000000	96.150	156.5349
258.000000	96.089	156.8240
262.000000	96.027	157.1452
265.000000	95.983	157.3712
269.000000	95.926	157.6590
272.000000	95.880	157.8683
276.000000	95.825	158.1784
280.000000	95.775	158.5057
285.000000	95.704	158.8989
290.000000	95.634	159.2976
295.000000	95.573	159.6447
300.000000	95.516	160.0794
304.000000	95.461	160.3773
307.000000	95.432	160.5805
311.000000	95.386	160.8840
315.000000	95.339	161.1996
320.000000	95.285	161.5572
325.000000	95.230	161.9552
330.000000	95.178	162.3429
335.000000	95.125	162.7004
340.000000	95.074	163.1052
345.000000	95.032	163.4983
350.000000	94.985	163.8373
355.000000	94.943	164.2176
360.000000	94.891	164.6202
365.000000	94.851	165.0037
370.000000	94.815	165.3703
375.000000	94.772	165.7728
382.000000	94.724	166.2902
387.000000	94.690	166.6580
395.000000	94.640	167.2339
400.000000	94.604	167.5685
406.000000	94.564	167.9825
412.000000	94.525	168.3810
418.000000	94.484	168.7997
425.000000	94.440	169.2689
431.000000	94.400	169.6764
437.000000	94.362	170.0886
444.000000	94.320	170.5620
450.000000	94.290	170.9567
455.000000	94.259	171.3062
462.000000	94.220	171.7878
468.000000	94.190	172.1641
475.000000	94.148	172.6501
482.000000	94.115	173.1253
487.000000	94.090	173.4736
494.000000	94.058	173.9483
500.000000	94.027	174.3441
508.000000	93.991	174.8782
515.000000	93.962	175.3419
522.000000	93.931	175.8139
530.000000	93.895	176.3410
538.000000	93.863	176.8643
545.000000	93.836	177.3396
552.000000	93.809	177.7893
560.000000	93.776	178.3617
570.000000	93.742	179.0216
580.000000	93.715	179.7011
590.000000	93.679	-179.6164
600.000000	93.651	-178.9666
608.000000	93.628	-178.4415
615.000000	93.609	-177.9772
622.000000	93.597	-177.5074
630.000000	93.571	-176.9804
640.000000	93.550	-176.3219
650.000000	93.530	-175.6561
660.000000	93.510	-175.0094
670.000000	93.493	-174.3269
680.000000	93.473	-173.6845
690.000000	93.458	-173.0193
700.000000	93.443	-172.3513
710.000000	93.429	-171.6904
720.000000	93.417	-171.0106
730.000000	93.407	-170.3326
740.000000	93.402	-169.6435
750.000000	93.393	-168.9893
762.000000	93.387	-168.1834
775.000000	93.381	-167.3058
788.000000	93.385	-166.4123
800.000000	93.385	-165.6264
812.000000	93.392	-164.7602
825.000000	93.402	-163.8942
838.000000	93.416	-163.0071
850.000000	93.431	-162.2052
862.000000	93.454	-161.3763
875.000000	93.476	-160.5058
885.000000	93.498	-159.8096
900.000000	93.535	-158.8232
912.000000	93.568	-158.0267
925.000000	93.611	-157.1967
938.000000	93.657	-156.3873
950.000000	93.703	-155.6260
962.000000	93.753	-154.9007
975.000000	93.807	-154.1022
988.000000	93.868	-153.3676
1000.000000	93.928	-152.6908
1015.000000	94.005	-151.8620
1030.000000	94.083	-151.1141
1044.000000	94.162	-150.4401
1060.000000	94.254	-149.6807
1075.000000	94.342	-149.0252
1090.000000	94.428	-148.4252
1106.000000	94.523	-147.8204
1120.000000	94.610	-147.3222
1138.000000	94.713	-146.7392
1150.000000	94.781	-146.4028
1172.000000	94.907	-145.8096
1180.000000	94.949	-145.5999
1206.000000	95.088	-145.0257
1220.000000	95.153	-144.7318
1241.000000	95.250	-144.3351
1250.000000	95.295	-144.1731
1265.000000	95.356	-143.9392
1280.000000	95.417	-143.6902
1315.000000	95.542	-143.1503
1320.000000	95.561	-143.0599
1340.000000	95.626	-142.7618
1360.000000	95.681	-142.4662
1380.000000	95.738	-142.1955
1400.000000	95.788	-141.8722
1430.000000	95.857	-141.3938
1450.000000	95.900	-141.0617
1475.000000	95.947	-140.6347
1500.000000	95.996	-140.1734
1525.000000	96.040	-139.7105
1550.000000	96.077	-139.2004
1575.000000	96.118	-138.6906
1600.000000	96.159	-138.1586
1625.000000	96.197	-137.5993
1650.000000	96.238	-137.0320
1675.000000	96.276	-136.4212
1700.000000	96.319	-135.8089
1725.000000	96.360	-135.1754
1750.000000	96.400	-134.5380
1775.000000	96.445	-133.8756
1800.000000	96.491	-133.1992
1825.000000	96.538	-132.4847
1850.000000	96.585	-131.7859
1875.000000	96.637	-131.0486
1900.000000	96.696	-130.3164
1925.000000	96.751	-129.5770
1950.000000	96.813	-128.8126
1975.000000	96.877	-128.0387
2000.000000	96.945	-127.2408
2030.000000	97.030	-126.2823
2060.000000	97.122	-125.3107
2090.000000	97.222	-124.3391
2120.000000	97.325	-123.3391
2140.000000	97.402	-122.6611
2180.000000	97.558	-121.3449
2200.000000	97.643	-120.6722
2240.000000	97.817	-119.3579
2270.000000	97.961	-118.3511
2300.000000	98.115	-117.3644
2330.000000	98.278	-116.3876
2360.000000	98.450	-115.4390
2400.000000	98.693	-114.2098
2430.000000	98.892	-113.3076
2470.000000	99.166	-112.1839
2500.000000	99.388	-111.3814
2540.000000	99.700	-110.4025
2580.000000	100.029	-109.5412
2620.000000	100.378	-108.7791
2650.000000	100.652	-108.3232
2690.000000	101.034	-107.8631
2720.000000	101.326	-107.6257
2760.000000	101.732	-107.5059
2800.000000	102.148	-107.6268
2850.000000	102.680	-108.1192
2900.000000	103.212	-109.0555
2950.000000	103.732	-110.4761
3000.000000	104.229	-112.3625
3040.000000	104.594	-114.2194
3070.000000	104.846	-115.7860
3110.000000	105.145	-118.0882
3150.000000	105.395	-120.5896
3200.000000	105.633	-123.9035
3250.000000	105.784	-127.2956
3300.000000	105.847	-130.6338
3350.000000	105.834	-133.8240
3400.000000	105.760	-136.7451
3450.000000	105.632	-139.3907
3500.000000	105.467	-141.6958
3550.000000	105.277	-143.6817
3600.000000	105.072	-145.3480
3650.000000	104.862	-146.7018
3700.000000	104.658	-147.7826
3750.000000	104.460	-148.6406
3820.000000	104.208	-149.5154
3870.000000	104.047	-149.9494
3950.000000	103.826	-150.4317
4000.000000	103.713	-150.6011
4060.000000	103.611	-150.7725
4120.000000	103.548	-151.0086
4180.000000	103.511	-151.4435
4250.000000	103.487	-152.3389
4310.000000	103.447	-153.5341
4370.000000	103.347	-155.1238
4440.000000	103.101	-157.1729
4500.000000	102.749	-158.5859
4550.000000	102.379	-159.1517
4620.000000	101.822	-158.5806
4680.000000	101.423	-156.8627
4750.000000	101.144	-154.0499
4820.000000	101.075	-151.2107
4870.000000	101.122	-149.5298
4940.000000	101.258	-147.8118
5000.000000	101.401	-146.8812
5080.000000	101.579	-146.2278
5150.000000	101.708	-146.0320
5220.000000	101.818	-145.9929
5300.000000	101.919	-146.0688
5380.000000	102.011	-146.2132
5450.000000	102.089	-146.3515
5520.000000	102.168	-146.5440
5600.000000	102.267	-146.8484
5700.000000	102.400	-147.3938
5800.000000	102.542	-148.1889
5900.000000	102.680	-149.2900
6000.000000	102.805	-150.6945
6080.000000	102.881	-152.0372
6150.000000	102.928	-153.3307
6220.000000	102.953	-154.7031
6300.000000	102.947	-156.3289
6400.000000	102.892	-158.3562
6500.000000	102.792	-160.2258
6600.000000	102.662	-161.8663
6700.000000	102.522	-163.2096
6800.000000	102.390	-164.2773
6900.000000	102.290	-165.1332
7000.000000	102.227	-165.8313
7100.000000	102.221	-166.4579
7200.000000	102.276	-167.1681
7300.000000	102.394	-168.1257
7400.000000	102.559	-169.4034
7500.000000	102.769	-171.0474
7620.000000	103.094	-173.7959
7750.000000	103.486	-177.9535
7880.000000	103.884	176.2060
8000.000000	104.155	168.8980
8120.000000	104.162	159.8861
8250.000000	103.727	149.2704
8380.000000	102.839	139.3530
8500.000000	101.707	131.6726
8620.000000	100.399	125.9049
8750.000000	98.916	121.8239
8850.000000	97.804	119.8578
9000.000000	96.151	118.6077
9120.000000	94.942	119.4855
9250.000000	93.915	120.7286
9380.000000	92.926	121.8340
9500.000000	92.039	123.2461
9620.000000	91.207	125.2396
9750.000000	90.400	127.9097
9880.000000	89.693	131.0722
10000.000000	89.152	134.2642
10150.000000	88.696	138.2961
10300.000000	88.396	143.0409
10440.000000	88.366	146.6448
10600.000000	88.533	149.5926
10750.000000	88.835	151.1014
10900.000000	89.231	151.4639
11060.000000	89.682	150.4839
11200.000000	90.124	148.5637
11380.000000	90.720	144.2260
11500.000000	91.072	140.2574
11720.000000	91.649	130.9744
11800.000000	91.794	126.5653
12060.000000	91.694	111.1591
12200.000000	91.338	103.0848
12410.000000	90.567	92.6573
12500.000000	90.204	88.7443
12650.000000	89.619	83.1575
12800.000000	89.091	78.3369
13150.000000	88.238	69.2182
13200.000000	88.196	68.0878
13400.000000	88.093	63.5676
13600.000000	88.283	59.0089
13800.000000	88.774	53.8435
14000.000000	89.587	47.5844
14300.000000	91.545	35.2972
14500.000000	93.540	22.6625
14750.000000	96.655	-4.9068
15000.000000	98.266	-53.0569
15250.000000	95.965	-98.8581
15500.000000	93.100	-128.9561
15750.000000	91.085	-153.4575
16000.000000	89.893	-178.5256
16250.000000	89.262	152.5672
16500.000000	88.769	118.0931
16750.000000	87.846	78.7896
17000.000000	86.208	39.3467
17250.000000	84.239	2.7289
17500.000000	82.322	-31.1367
17750.000000	80.726	-62.9810
18000.000000	79.397	-95.8065
18250.000000	78.261	-130.3342
18500.000000	77.116	-169.3201
18750.000000	74.891	150.2148
19000.000000	73.166	143.0331
19250.000000	81.466	74.4427
19500.000000	80.647	-27.3193
19750.000000	76.304	-128.4745
