* Measurement data measured by REW V5.31.3
* Source: USB-C to 3.5mm Headphone Jack Adapter, USB-C to 3.5mm Headphone Jack Adapter, 0, volume: 0.138
* Format: 256k Log Swept Sine, 1 sweep at -12.0 dBFS with no timing reference
* Dated: Aug 5, 2025 2:54:17 PM
* REW Settings:
*  C-weighting compensation: Off
*  Target level: 75.0 dB
* Note: ; 
* Measurement: L
* Smoothing: None
* Frequency Step: 1/48 octave
* Start Frequency: 20.300 Hz
*
* Freq(Hz)	SPL(dB)	Phase(degrees)
20.299999	105.448	-169.5951
20.600000	105.440	-170.1500
20.900000	105.429	-170.6348
21.200001	105.421	-171.1229
21.400000	105.417	-171.4588
21.799999	105.410	-172.1530
22.000000	105.406	-172.5045
22.400000	105.396	-173.1966
22.700001	105.386	-173.6935
23.000000	105.375	-174.1725
23.299999	105.364	-174.6434
23.600000	105.352	-175.1180
24.000000	105.333	-175.7684
24.299999	105.315	-176.2649
24.700001	105.288	-176.9195
25.000000	105.267	-177.3911
25.400000	105.241	-177.9856
25.799999	105.219	-178.5473
26.200001	105.201	-179.0901
26.500000	105.188	-179.4901
26.900000	105.170	179.9865
27.200001	105.154	179.6036
27.600000	105.132	179.1076
28.000000	105.110	178.6247
28.500000	105.083	178.0307
29.000000	105.057	177.4437
29.500000	105.029	176.8692
30.000000	105.000	176.3118
30.400000	104.976	175.8764
30.700001	104.956	175.5544
31.100000	104.930	175.1313
31.500000	104.903	174.7177
32.000000	104.869	174.2189
32.500000	104.838	173.7381
33.000000	104.809	173.2640
33.500000	104.779	172.7870
34.000000	104.746	172.3115
34.500000	104.710	171.8514
35.000000	104.675	171.4134
35.500000	104.642	170.9882
36.000000	104.612	170.5637
36.500000	104.580	170.1421
37.000000	104.546	169.7363
37.500000	104.512	169.3475
38.200001	104.467	168.7950
38.700001	104.435	168.3809
39.500000	104.377	167.7480
40.000000	104.339	167.4099
40.599998	104.298	167.0465
41.200001	104.259	166.6801
41.799999	104.219	166.2880
42.500000	104.169	165.8183
43.099998	104.125	165.4311
43.700001	104.082	165.0654
44.400002	104.034	164.6511
45.000000	103.993	164.2932
45.500000	103.959	163.9968
46.200001	103.910	163.5991
46.799999	103.870	163.2764
47.500000	103.822	162.9128
48.200001	103.772	162.5589
48.700001	103.737	162.3076
49.400002	103.687	161.9518
50.000000	103.644	161.6534
50.799999	103.589	161.2792
51.500000	103.544	160.9523
52.200001	103.496	160.6173
53.000000	103.439	160.2617
53.799999	103.385	159.9333
54.500000	103.340	159.6404
55.200001	103.291	159.3574
56.000000	103.236	159.0577
57.000000	103.169	158.6730
58.000000	103.100	158.3249
59.000000	103.038	158.0020
60.000000	102.969	157.6426
60.799999	102.912	157.3816
61.500000	102.868	157.1552
62.200001	102.823	156.9224
63.000000	102.772	156.6816
64.000000	102.709	156.3849
65.000000	102.639	156.0933
66.000000	102.575	155.8442
67.000000	102.512	155.5654
68.000000	102.448	155.3149
69.000000	102.389	155.0585
70.000000	102.324	154.8145
71.000000	102.262	154.6019
72.000000	102.198	154.3707
73.000000	102.133	154.1849
74.000000	102.075	154.0047
75.000000	102.016	153.7856
76.199997	101.940	153.5283
77.500000	101.865	153.3239
78.800003	101.788	153.0803
80.000000	101.719	152.8973
81.199997	101.654	152.7023
82.500000	101.574	152.5242
83.800003	101.500	152.3222
85.000000	101.436	152.1661
86.199997	101.369	152.0230
87.500000	101.294	151.8735
88.500000	101.241	151.7569
90.000000	101.159	151.6014
91.199997	101.095	151.4704
92.500000	101.025	151.3265
93.800003	100.960	151.2254
95.000000	100.897	151.1264
96.199997	100.834	151.0229
97.500000	100.768	150.9148
98.800003	100.702	150.8365
100.000000	100.642	150.7520
101.500000	100.564	150.6582
103.000000	100.497	150.5676
104.400002	100.428	150.4635
106.000000	100.349	150.4228
107.500000	100.277	150.3738
109.000000	100.210	150.3224
110.599998	100.132	150.2843
112.000000	100.070	150.2114
113.800003	99.990	150.2000
115.000000	99.935	150.1861
117.199997	99.838	150.1405
118.000000	99.807	150.1848
120.599998	99.667	150.1068
122.000000	99.640	150.1033
124.099998	99.549	150.1525
125.000000	99.510	150.1460
126.500000	99.455	150.1750
128.000000	99.393	150.1962
131.500000	99.265	150.2238
132.000000	99.245	150.2193
134.000000	99.165	150.2727
136.000000	99.092	150.2935
138.000000	99.018	150.3495
140.000000	98.950	150.3714
143.000000	98.839	150.4698
145.000000	98.772	150.5028
147.500000	98.682	150.6156
150.000000	98.597	150.6996
152.500000	98.496	150.8593
155.000000	98.429	150.8914
157.500000	98.347	151.0312
160.000000	98.269	151.1895
162.500000	98.190	151.3038
165.000000	98.112	151.4750
167.500000	98.039	151.6419
170.000000	97.969	151.8223
172.500000	97.899	152.0212
175.000000	97.832	152.1946
177.500000	97.767	152.4052
180.000000	97.706	152.5581
182.500000	97.650	152.7788
185.000000	97.593	153.0068
187.500000	97.543	153.1767
190.000000	97.496	153.3421
192.500000	97.449	153.4474
195.000000	97.399	153.5839
197.500000	97.345	153.6862
200.000000	97.289	153.8049
203.000000	97.224	153.9617
206.000000	97.154	154.1121
209.000000	97.092	154.3067
212.000000	97.028	154.4958
214.000000	96.985	154.6266
218.000000	96.904	154.8878
220.000000	96.864	155.0193
224.000000	96.784	155.2896
227.000000	96.726	155.5164
230.000000	96.669	155.7023
233.000000	96.613	155.9252
236.000000	96.559	156.1364
240.000000	96.488	156.4980
243.000000	96.436	156.6678
247.000000	96.369	156.9516
250.000000	96.318	157.1810
254.000000	96.255	157.4912
258.000000	96.190	157.7880
262.000000	96.131	158.0859
265.000000	96.083	158.3208
269.000000	96.023	158.6113
272.000000	95.985	158.8455
276.000000	95.928	159.1592
280.000000	95.873	159.4623
285.000000	95.806	159.8434
290.000000	95.741	160.2106
295.000000	95.678	160.5976
300.000000	95.614	160.9841
304.000000	95.569	161.2889
307.000000	95.534	161.5586
311.000000	95.487	161.8242
315.000000	95.441	162.1720
320.000000	95.386	162.6014
325.000000	95.331	162.9976
330.000000	95.280	163.4060
335.000000	95.233	163.7749
340.000000	95.185	164.2151
345.000000	95.146	164.5760
350.000000	95.103	164.9704
355.000000	95.064	165.4044
360.000000	95.026	165.7574
365.000000	94.991	166.1028
370.000000	94.953	166.3781
375.000000	94.925	166.7740
382.000000	94.871	167.2139
387.000000	94.831	167.5041
395.000000	94.775	168.0864
400.000000	94.737	168.4255
406.000000	94.697	168.8241
412.000000	94.653	169.2431
418.000000	94.613	169.6475
425.000000	94.562	170.1449
431.000000	94.529	170.5763
437.000000	94.491	170.9871
444.000000	94.455	171.4438
450.000000	94.413	171.8689
455.000000	94.385	172.2007
462.000000	94.349	172.7121
468.000000	94.320	173.0995
475.000000	94.283	173.5978
482.000000	94.245	174.0732
487.000000	94.215	174.3759
494.000000	94.190	174.8612
500.000000	94.163	175.2647
508.000000	94.127	175.7990
515.000000	94.092	176.3125
522.000000	94.066	176.7952
530.000000	94.020	177.2663
538.000000	93.996	177.8480
545.000000	93.968	178.3051
552.000000	93.946	178.8027
560.000000	93.917	179.3810
570.000000	93.880	179.9925
580.000000	93.845	-179.2727
590.000000	93.820	-178.6172
600.000000	93.790	-177.9175
608.000000	93.770	-177.3727
615.000000	93.753	-176.8875
622.000000	93.733	-176.3831
630.000000	93.723	-175.8188
640.000000	93.704	-175.1418
650.000000	93.691	-174.4516
660.000000	93.674	-173.7734
670.000000	93.668	-173.1016
680.000000	93.660	-172.4580
690.000000	93.654	-171.7957
700.000000	93.649	-171.1617
710.000000	93.635	-170.5206
720.000000	93.635	-169.8955
730.000000	93.627	-169.2394
740.000000	93.618	-168.6243
750.000000	93.617	-167.9603
762.000000	93.615	-167.1973
775.000000	93.612	-166.3449
788.000000	93.612	-165.4553
800.000000	93.616	-164.6797
812.000000	93.625	-163.8726
825.000000	93.633	-162.9966
838.000000	93.650	-162.1264
850.000000	93.667	-161.3257
862.000000	93.687	-160.5450
875.000000	93.715	-159.6933
885.000000	93.741	-159.0242
900.000000	93.780	-158.0563
912.000000	93.813	-157.2792
925.000000	93.859	-156.4204
938.000000	93.902	-155.6396
950.000000	93.948	-154.8878
962.000000	93.997	-154.1511
975.000000	94.058	-153.3924
988.000000	94.120	-152.6502
1000.000000	94.179	-151.9706
1015.000000	94.261	-151.1646
1030.000000	94.339	-150.4226
1044.000000	94.421	-149.7306
1060.000000	94.516	-149.0196
1075.000000	94.607	-148.3763
1090.000000	94.700	-147.7905
1106.000000	94.796	-147.1949
1120.000000	94.880	-146.7236
1138.000000	94.991	-146.1758
1150.000000	95.058	-145.8355
1172.000000	95.193	-145.2762
1180.000000	95.236	-145.0744
1206.000000	95.376	-144.5411
1220.000000	95.449	-144.2524
1241.000000	95.552	-143.9354
1250.000000	95.592	-143.7660
1265.000000	95.660	-143.5324
1280.000000	95.722	-143.3157
1315.000000	95.858	-142.8371
1320.000000	95.875	-142.7834
1340.000000	95.941	-142.5250
1360.000000	96.004	-142.2858
1380.000000	96.061	-142.0117
1400.000000	96.113	-141.7681
1430.000000	96.185	-141.3678
1450.000000	96.230	-141.1048
1475.000000	96.280	-140.7440
1500.000000	96.327	-140.3691
1525.000000	96.370	-139.9672
1550.000000	96.409	-139.5551
1575.000000	96.442	-139.1134
1600.000000	96.482	-138.6388
1625.000000	96.517	-138.1659
1650.000000	96.550	-137.6479
1675.000000	96.587	-137.1223
1700.000000	96.620	-136.5514
1725.000000	96.656	-135.9856
1750.000000	96.690	-135.4065
1775.000000	96.724	-134.7854
1800.000000	96.760	-134.1628
1825.000000	96.799	-133.4841
1850.000000	96.834	-132.8229
1875.000000	96.879	-132.1044
1900.000000	96.924	-131.3916
1925.000000	96.972	-130.6421
1950.000000	97.025	-129.8788
1975.000000	97.080	-129.1072
2000.000000	97.137	-128.3236
2030.000000	97.214	-127.3551
2060.000000	97.293	-126.3585
2090.000000	97.384	-125.3569
2120.000000	97.480	-124.3220
2140.000000	97.550	-123.6469
2180.000000	97.699	-122.2813
2200.000000	97.779	-121.5743
2240.000000	97.950	-120.1569
2270.000000	98.092	-119.1239
2300.000000	98.242	-118.0834
2330.000000	98.404	-117.0465
2360.000000	98.577	-116.0565
2400.000000	98.823	-114.7285
2430.000000	99.021	-113.8028
2470.000000	99.306	-112.5909
2500.000000	99.534	-111.7516
2540.000000	99.856	-110.7194
2580.000000	100.199	-109.8105
2620.000000	100.562	-109.0505
2650.000000	100.848	-108.5813
2690.000000	101.244	-108.1224
2720.000000	101.554	-107.9180
2760.000000	101.976	-107.8458
2800.000000	102.411	-108.0343
2850.000000	102.961	-108.6746
2900.000000	103.508	-109.7657
2950.000000	104.038	-111.3755
3000.000000	104.538	-113.4652
3040.000000	104.902	-115.4857
3070.000000	105.149	-117.1934
3110.000000	105.435	-119.6619
3150.000000	105.669	-122.2976
3200.000000	105.880	-125.7271
3250.000000	106.001	-129.1731
3300.000000	106.040	-132.5058
3350.000000	106.008	-135.6105
3400.000000	105.919	-138.4211
3450.000000	105.793	-140.9175
3500.000000	105.642	-143.1152
3550.000000	105.478	-145.0191
3600.000000	105.308	-146.6826
3650.000000	105.138	-148.1364
3700.000000	104.971	-149.4010
3750.000000	104.810	-150.5104
3820.000000	104.599	-151.8679
3870.000000	104.458	-152.7431
3950.000000	104.246	-154.0721
4000.000000	104.120	-154.9073
4060.000000	103.972	-155.9162
4120.000000	103.816	-157.0152
4180.000000	103.642	-158.1902
4250.000000	103.398	-159.6717
4310.000000	103.122	-160.9311
4370.000000	102.774	-161.9784
4440.000000	102.274	-162.5277
4500.000000	101.808	-162.0443
4550.000000	101.443	-160.8667
4620.000000	101.061	-158.2420
4680.000000	100.902	-155.5983
4750.000000	100.897	-152.7124
4820.000000	101.033	-150.5534
4870.000000	101.172	-149.5275
4940.000000	101.372	-148.7470
5000.000000	101.522	-148.5688
5080.000000	101.678	-148.7448
5150.000000	101.769	-149.0732
5220.000000	101.830	-149.4693
5300.000000	101.870	-149.8866
5380.000000	101.902	-150.2847
5450.000000	101.930	-150.6273
5520.000000	101.956	-150.9581
5600.000000	101.993	-151.3779
5700.000000	102.051	-152.0248
5800.000000	102.116	-152.8695
5900.000000	102.171	-153.9465
6000.000000	102.209	-155.2335
6080.000000	102.214	-156.4153
6150.000000	102.201	-157.4969
6220.000000	102.172	-158.5879
6300.000000	102.116	-159.8038
6400.000000	102.019	-161.2511
6500.000000	101.904	-162.5312
6600.000000	101.787	-163.6256
6700.000000	101.677	-164.5781
6800.000000	101.587	-165.4218
6900.000000	101.519	-166.2076
7000.000000	101.476	-166.9394
7100.000000	101.469	-167.6433
7200.000000	101.512	-168.3874
7300.000000	101.603	-169.3325
7400.000000	101.745	-170.5312
7500.000000	101.937	-172.1433
7620.000000	102.226	-174.7807
7750.000000	102.596	-178.9683
7880.000000	102.929	175.0719
8000.000000	103.072	167.8859
8120.000000	102.968	159.6721
8250.000000	102.507	150.0433
8380.000000	101.646	140.7470
8500.000000	100.496	133.2957
8620.000000	99.087	128.0536
8750.000000	97.507	125.9764
8850.000000	96.607	126.0134
9000.000000	95.405	124.4485
9120.000000	94.305	123.7292
9250.000000	93.130	124.5041
9380.000000	92.066	126.1065
9500.000000	91.192	128.2989
9620.000000	90.416	130.9843
9750.000000	89.711	134.2685
9880.000000	89.158	138.0222
10000.000000	88.756	141.4164
10150.000000	88.583	145.8593
10300.000000	88.624	149.4977
10440.000000	88.843	151.7155
10600.000000	89.219	152.6124
10750.000000	89.633	152.0732
10900.000000	90.095	150.0721
11060.000000	90.613	146.0541
11200.000000	90.983	140.8766
11380.000000	91.181	131.7946
11500.000000	90.967	125.6703
11720.000000	90.564	117.1476
11800.000000	90.467	113.4666
12060.000000	89.756	100.6120
12200.000000	89.130	94.4310
12410.000000	88.139	87.1705
12500.000000	87.756	84.6390
12650.000000	87.158	81.0101
12800.000000	86.687	78.0743
13150.000000	86.103	71.8855
13200.000000	86.082	71.0549
13400.000000	86.154	67.4279
13600.000000	86.500	63.4199
13800.000000	87.149	58.3898
14000.000000	88.123	51.9762
14300.000000	90.299	38.4901
14500.000000	92.391	24.2408
14750.000000	95.339	-6.1037
15000.000000	96.471	-53.3713
15250.000000	94.602	-96.7862
15500.000000	92.461	-129.1599
15750.000000	91.045	-159.5415
16000.000000	90.058	166.3145
16250.000000	88.728	127.3871
16500.000000	86.713	88.7809
16750.000000	84.437	53.6395
17000.000000	82.252	21.7428
17250.000000	80.430	-8.0612
17500.000000	78.892	-37.2317
17750.000000	77.702	-67.9205
18000.000000	76.540	-100.2918
18250.000000	74.790	-138.0724
18500.000000	68.678	-160.5928
18750.000000	80.349	-167.7510
19000.000000	80.830	87.0073
19250.000000	76.959	-4.7086
19500.000000	69.058	-95.5129
19750.000000	51.732	-157.1757
