* Measurement data measured by REW V5.31.3
* Source: USB-C to 3.5mm Headphone Jack Adapter, no input selected, 0, volume: 0.343
* Format: 256k Log Swept Sine, 1 sweep at -12.0 dBFS with no timing reference
* Dated: Feb 20, 2026 2:39:44 PM
* REW Settings:
*  C-weighting compensation: Off
*  Target level: 75.0 dB
* Note: ; 
* Measurement: off L
* Smoothing: None
* Frequency Step: 1/48 octave
* Start Frequency: 20.000 Hz
*
* Freq(Hz)	SPL(dB)	Phase(degrees)
20.000000	105.092	-165.5615
20.299999	105.086	-166.0783
20.600000	105.080	-166.5918
20.900000	105.074	-167.1032
21.200001	105.067	-167.6089
21.400000	105.062	-167.9403
21.799999	105.051	-168.5879
22.000000	105.046	-168.9057
22.400000	105.036	-169.5358
22.700001	105.027	-170.0079
23.000000	105.016	-170.4778
23.299999	105.003	-170.9390
23.600000	104.988	-171.3831
24.000000	104.965	-171.9387
24.299999	104.948	-172.3284
24.700001	104.926	-172.8202
25.000000	104.911	-173.1745
25.400000	104.892	-173.6305
25.799999	104.874	-174.0669
26.200001	104.858	-174.4893
26.500000	104.849	-174.8072
26.900000	104.837	-175.2486
27.200001	104.827	-175.5970
27.600000	104.809	-176.0722
28.000000	104.785	-176.5323
28.500000	104.749	-177.0501
29.000000	104.717	-177.5164
29.500000	104.690	-177.9845
30.000000	104.660	-178.4787
30.400000	104.629	-178.8637
30.700001	104.603	-179.1216
31.100000	104.569	-179.4083
31.500000	104.542	-179.6442
32.000000	104.523	-179.9367
32.500000	104.513	179.6986
33.000000	104.498	179.2549
33.500000	104.472	178.7981
34.000000	104.438	178.3970
34.500000	104.408	178.0550
35.000000	104.385	177.7166
35.500000	104.362	177.3404
36.000000	104.332	176.9478
36.500000	104.294	176.5959
37.000000	104.255	176.3167
37.500000	104.222	176.0917
38.200001	104.189	175.7860
38.700001	104.171	175.5333
39.500000	104.137	175.0590
40.000000	104.106	174.7596
40.599998	104.064	174.4621
41.200001	104.028	174.2237
41.799999	103.999	173.9673
42.500000	103.959	173.6295
43.099998	103.919	173.3988
43.700001	103.890	173.2158
44.400002	103.867	172.9019
45.000000	103.834	172.5569
45.500000	103.797	172.3230
46.200001	103.751	172.0993
46.799999	103.722	171.8801
47.500000	103.678	171.5893
48.200001	103.630	171.4208
48.700001	103.609	171.3364
49.400002	103.591	171.0949
50.000000	103.561	170.8140
50.799999	103.506	170.5576
51.500000	103.471	170.4012
52.200001	103.440	170.1749
53.000000	103.390	169.9106
53.799999	103.340	169.7464
54.500000	103.307	169.6258
55.200001	103.278	169.4567
56.000000	103.240	169.2293
57.000000	103.186	168.9998
58.000000	103.132	168.7941
59.000000	103.080	168.6918
60.000000	103.051	168.5572
60.799999	103.019	168.3329
61.500000	102.980	168.1839
62.200001	102.944	168.0836
63.000000	102.906	167.9651
64.000000	102.862	167.8351
65.000000	102.822	167.6760
66.000000	102.775	167.5210
67.000000	102.733	167.4156
68.000000	102.695	167.2894
69.000000	102.651	167.1546
70.000000	102.605	167.0775
71.000000	102.568	166.9881
72.000000	102.522	166.8553
73.000000	102.476	166.8044
74.000000	102.443	166.7176
75.000000	102.399	166.5780
76.199997	102.350	166.5436
77.500000	102.313	166.4285
78.800003	102.262	166.3242
80.000000	102.221	166.2893
81.199997	102.174	166.1868
82.500000	102.123	166.2756
83.800003	102.100	166.1269
85.000000	102.042	166.0359
86.199997	102.006	166.0138
87.500000	101.962	165.9434
88.500000	101.930	165.9203
90.000000	101.884	165.8759
91.199997	101.847	165.8521
92.500000	101.808	165.8094
93.800003	101.766	165.7975
95.000000	101.733	165.7638
96.199997	101.694	165.7356
97.500000	101.656	165.7634
98.800003	101.625	165.7485
100.000000	101.587	165.7242
101.500000	101.542	165.7487
103.000000	101.497	165.7263
104.400002	101.461	165.7738
106.000000	101.425	165.7191
107.500000	101.384	165.7531
109.000000	101.346	165.7540
110.599998	101.304	165.8065
112.000000	101.264	165.8170
113.800003	101.220	165.8524
115.000000	101.197	165.8611
117.199997	101.146	166.0113
118.000000	101.127	166.0067
120.599998	101.109	166.1245
122.000000	101.038	166.2185
124.099998	100.988	166.1897
125.000000	100.972	166.3233
126.500000	100.962	166.2974
128.000000	100.938	166.3038
131.500000	100.876	166.3827
132.000000	100.866	166.3882
134.000000	100.822	166.4250
136.000000	100.784	166.4644
138.000000	100.740	166.5187
140.000000	100.702	166.6267
143.000000	100.643	166.7306
145.000000	100.603	166.8374
147.500000	100.562	166.9889
150.000000	100.520	167.1547
152.500000	100.486	167.3142
155.000000	100.456	167.4445
157.500000	100.412	167.6172
160.000000	100.388	167.8146
162.500000	100.358	168.0076
165.000000	100.344	168.2131
167.500000	100.332	168.3487
170.000000	100.332	168.4553
172.500000	100.325	168.5085
175.000000	100.309	168.4438
177.500000	100.289	168.3732
180.000000	100.253	168.2708
182.500000	100.237	168.3274
185.000000	100.204	168.3510
187.500000	100.170	168.3759
190.000000	100.137	168.3972
192.500000	100.103	168.4452
195.000000	100.073	168.4933
197.500000	100.038	168.5765
200.000000	100.003	168.6389
203.000000	99.963	168.7287
206.000000	99.927	168.8255
209.000000	99.889	168.9360
212.000000	99.848	169.0677
214.000000	99.824	169.1217
218.000000	99.772	169.3091
220.000000	99.748	169.4355
224.000000	99.698	169.6204
227.000000	99.663	169.8290
230.000000	99.626	170.0379
233.000000	99.593	170.2352
236.000000	99.565	170.4804
240.000000	99.560	171.0538
243.000000	99.524	171.2381
247.000000	99.518	171.5781
250.000000	99.529	171.7713
254.000000	99.552	171.9479
258.000000	99.571	171.9789
262.000000	99.568	171.9301
265.000000	99.556	171.8598
269.000000	99.529	171.8003
272.000000	99.508	171.7889
276.000000	99.476	171.8141
280.000000	99.438	171.8815
285.000000	99.395	172.0052
290.000000	99.355	172.1260
295.000000	99.315	172.2860
300.000000	99.275	172.2880
304.000000	99.256	172.5367
307.000000	99.238	172.6222
311.000000	99.211	172.7328
315.000000	99.181	172.8362
320.000000	99.145	172.9718
325.000000	99.109	173.1452
330.000000	99.074	173.2823
335.000000	99.037	173.4819
340.000000	99.001	173.6458
345.000000	98.969	173.8298
350.000000	98.935	174.0121
355.000000	98.902	174.2103
360.000000	98.865	174.2722
365.000000	98.839	174.5708
370.000000	98.806	174.7782
375.000000	98.778	174.9835
382.000000	98.734	175.2670
387.000000	98.704	175.4671
395.000000	98.657	175.8097
400.000000	98.631	176.0157
406.000000	98.597	176.2986
412.000000	98.567	176.5224
418.000000	98.539	176.8157
425.000000	98.498	177.1125
431.000000	98.470	177.4204
437.000000	98.444	177.6549
444.000000	98.409	177.9936
450.000000	98.385	178.2489
455.000000	98.360	178.4656
462.000000	98.331	178.8116
468.000000	98.306	179.0645
475.000000	98.278	179.3807
482.000000	98.249	179.7119
487.000000	98.231	179.9324
494.000000	98.201	-179.7292
500.000000	98.178	-179.4560
508.000000	98.147	-179.0660
515.000000	98.124	-178.7389
522.000000	98.093	-178.4074
530.000000	98.070	-178.0187
538.000000	98.039	-177.6016
545.000000	98.016	-177.2724
552.000000	97.993	-176.9246
560.000000	97.972	-176.5186
570.000000	97.941	-175.9990
580.000000	97.919	-175.4884
590.000000	97.893	-174.9512
600.000000	97.868	-174.3842
608.000000	97.855	-174.0333
615.000000	97.838	-173.6433
622.000000	97.825	-173.2816
630.000000	97.815	-172.8622
640.000000	97.800	-172.3501
650.000000	97.789	-171.8540
660.000000	97.770	-171.1644
670.000000	97.762	-170.8111
680.000000	97.745	-170.3380
690.000000	97.735	-169.8125
700.000000	97.720	-169.2946
710.000000	97.710	-168.7663
720.000000	97.716	-168.3958
730.000000	97.694	-167.7042
740.000000	97.689	-167.1668
750.000000	97.682	-166.6301
762.000000	97.679	-165.9635
775.000000	97.678	-165.2255
788.000000	97.680	-164.4726
800.000000	97.684	-163.8241
812.000000	97.691	-163.1273
825.000000	97.705	-162.3891
838.000000	97.720	-161.6251
850.000000	97.738	-160.9420
862.000000	97.761	-160.2551
875.000000	97.786	-159.5470
885.000000	97.810	-158.9504
900.000000	97.855	-158.2154
912.000000	97.885	-157.4482
925.000000	97.931	-156.7424
938.000000	97.978	-156.0214
950.000000	98.022	-155.4180
962.000000	98.074	-154.7992
975.000000	98.137	-154.1449
988.000000	98.198	-153.4915
1000.000000	98.254	-152.9600
1015.000000	98.335	-152.2875
1030.000000	98.420	-151.6713
1044.000000	98.501	-151.1303
1060.000000	98.588	-150.5459
1075.000000	98.680	-150.0483
1090.000000	98.768	-149.5814
1106.000000	98.865	-149.1474
1120.000000	98.947	-148.7865
1138.000000	99.052	-148.3915
1150.000000	99.122	-148.1688
1172.000000	99.243	-147.7823
1180.000000	99.289	-147.6721
1206.000000	99.419	-147.3303
1220.000000	99.491	-147.1854
1241.000000	99.583	-146.9880
1250.000000	99.625	-146.9341
1265.000000	99.685	-146.8091
1280.000000	99.745	-146.6907
1315.000000	99.866	-146.5159
1320.000000	99.886	-146.3329
1340.000000	99.939	-146.3761
1360.000000	99.997	-146.2564
1380.000000	100.044	-146.0883
1400.000000	100.088	-146.0410
1430.000000	100.148	-145.8330
1450.000000	100.186	-145.7099
1475.000000	100.225	-145.5075
1500.000000	100.269	-145.2607
1525.000000	100.297	-145.0413
1550.000000	100.328	-144.7944
1575.000000	100.361	-144.5284
1600.000000	100.387	-144.2635
1625.000000	100.415	-143.9984
1650.000000	100.436	-143.7017
1675.000000	100.455	-143.3712
1700.000000	100.471	-143.0076
1725.000000	100.489	-142.6466
1750.000000	100.501	-142.2464
1775.000000	100.518	-141.8079
1800.000000	100.532	-141.2980
1825.000000	100.550	-140.8811
1850.000000	100.567	-140.3816
1875.000000	100.582	-139.8738
1900.000000	100.599	-139.3318
1925.000000	100.618	-138.7729
1950.000000	100.638	-138.1945
1975.000000	100.656	-137.6026
2000.000000	100.674	-136.9411
2030.000000	100.696	-136.1199
2060.000000	100.721	-135.2555
2090.000000	100.746	-134.3402
2120.000000	100.773	-133.3038
2140.000000	100.793	-132.5463
2180.000000	100.847	-130.7937
2200.000000	100.888	-129.8434
2240.000000	101.022	-127.7194
2270.000000	101.177	-126.0795
2300.000000	101.389	-124.5907
2330.000000	101.640	-123.4172
2360.000000	101.890	-122.6351
2400.000000	102.189	-121.8340
2430.000000	102.392	-121.3279
2470.000000	102.652	-120.5316
2500.000000	102.854	-119.8448
2540.000000	103.160	-118.9136
2580.000000	103.509	-118.1351
2620.000000	103.914	-117.7094
2650.000000	104.215	-117.6654
2690.000000	104.603	-117.9009
2720.000000	104.880	-118.2461
2760.000000	105.238	-118.8366
2800.000000	105.584	-119.6510
2850.000000	105.998	-120.8966
2900.000000	106.388	-122.4604
2950.000000	106.743	-124.3586
3000.000000	107.046	-126.5005
3040.000000	107.251	-128.3573
3070.000000	107.381	-129.7971
3110.000000	107.524	-131.7794
3150.000000	107.633	-133.7748
3200.000000	107.718	-136.2604
3250.000000	107.751	-138.7004
3300.000000	107.737	-141.0153
3350.000000	107.682	-143.1512
3400.000000	107.595	-145.0928
3450.000000	107.487	-146.8213
3500.000000	107.370	-148.2993
3550.000000	107.254	-149.5584
3600.000000	107.141	-150.7018
3650.000000	107.045	-151.8098
3700.000000	106.946	-152.8736
3750.000000	106.846	-153.9170
3820.000000	106.697	-155.3320
3870.000000	106.587	-156.3312
3950.000000	106.387	-157.9765
4000.000000	106.241	-158.9941
4060.000000	106.034	-160.1350
4120.000000	105.797	-161.1182
4180.000000	105.539	-161.8774
4250.000000	105.231	-162.4567
4310.000000	104.958	-162.7992
4370.000000	104.666	-162.8805
4440.000000	104.320	-162.5542
4500.000000	104.035	-161.9258
4550.000000	103.801	-161.1011
4620.000000	103.545	-159.4638
4680.000000	103.398	-157.6284
4750.000000	103.357	-155.5118
4820.000000	103.450	-153.7707
4870.000000	103.566	-153.0115
4940.000000	103.724	-152.7027
5000.000000	103.819	-152.9049
5080.000000	103.865	-153.4525
5150.000000	103.855	-153.9569
5220.000000	103.814	-154.3687
5300.000000	103.735	-154.6861
5380.000000	103.655	-154.8812
5450.000000	103.583	-154.9842
5520.000000	103.510	-154.9919
5600.000000	103.439	-154.9983
5700.000000	103.360	-154.9534
5800.000000	103.293	-154.8722
5900.000000	103.235	-154.7907
6000.000000	103.177	-154.7153
6080.000000	103.146	-154.5811
6150.000000	103.123	-154.5165
6220.000000	103.108	-154.3859
6300.000000	103.099	-154.2365
6400.000000	103.107	-153.9869
6500.000000	103.153	-153.7265
6600.000000	103.236	-153.5127
6700.000000	103.370	-153.3257
6800.000000	103.548	-153.3566
6900.000000	103.778	-153.6902
7000.000000	104.044	-154.4588
7100.000000	104.339	-155.6382
7200.000000	104.651	-157.3405
7300.000000	104.962	-159.5934
7400.000000	105.243	-162.3849
7500.000000	105.486	-165.6324
7620.000000	105.766	-169.8856
7750.000000	106.035	-175.4234
7880.000000	106.231	177.9168
8000.000000	106.276	170.5641
8120.000000	106.091	162.3287
8250.000000	105.566	153.1949
8380.000000	104.729	144.5720
8500.000000	103.706	137.5760
8620.000000	102.485	132.0800
8750.000000	101.062	128.0491
8850.000000	99.977	126.3461
9000.000000	98.436	125.3985
9120.000000	97.329	125.8922
9250.000000	96.232	127.1569
9380.000000	95.270	128.8785
9500.000000	94.489	130.8534
9620.000000	93.811	132.9008
9750.000000	93.183	135.3158
9880.000000	92.654	137.6152
10000.000000	92.256	139.8955
10150.000000	91.980	142.2995
10300.000000	91.672	144.8142
10440.000000	91.608	146.8084
10600.000000	91.727	148.1172
10750.000000	91.973	148.1917
10900.000000	92.342	146.5705
11060.000000	92.769	143.2247
11200.000000	93.076	138.6962
11380.000000	93.309	131.0352
11500.000000	93.340	125.2533
11720.000000	93.044	113.9463
11800.000000	92.834	110.0571
12060.000000	92.005	98.3524
12200.000000	91.504	93.2242
12410.000000	90.850	86.9137
12500.000000	90.614	84.3178
12650.000000	90.357	80.6553
12800.000000	90.224	77.1668
13150.000000	90.538	68.7649
13200.000000	90.676	67.3357
13400.000000	91.329	61.2726
13600.000000	92.345	53.2811
13800.000000	93.696	42.2993
14000.000000	95.280	26.8779
14300.000000	97.494	-8.2129
14500.000000	97.910	-38.9661
14750.000000	96.947	-75.9194
15000.000000	95.652	-107.2656
15250.000000	95.000	-137.8593
15500.000000	94.692	-172.0884
15750.000000	94.094	148.5388
16000.000000	92.603	108.8015
16250.000000	90.538	73.9568
16500.000000	88.549	44.3181
16750.000000	86.737	17.7929
17000.000000	85.103	-7.1359
17250.000000	83.633	-31.4791
17500.000000	82.433	-54.6743
17750.000000	81.594	-79.5123
18000.000000	81.273	-107.8169
18250.000000	80.986	-144.6594
18500.000000	79.058	169.6555
18750.000000	76.862	158.9751
19000.000000	81.109	90.7292
19250.000000	79.102	18.1121
19500.000000	77.627	-52.1902
19750.000000	76.551	-139.8325
