* Measurement data measured by REW V5.31.3
* Source: USB-C to 3.5mm Headphone Jack Adapter, USB-C to 3.5mm Headphone Jack Adapter, 0, volume: 0.138
* Format: 256k Log Swept Sine, 1 sweep at -12.0 dBFS with no timing reference
* Dated: Jun 29, 2025 1:23:01 PM
* REW Settings:
*  C-weighting compensation: Off
*  Target level: 75.0 dB
* Note: 
* Measurement: S2 L
* Smoothing: None
* Frequency Step: 1/48 octave
* Start Frequency: 20.300 Hz
*
* Freq(Hz)	SPL(dB)	Phase(degrees)
20.299999	103.873	-159.7718
20.600000	103.883	-160.5696
20.900000	103.883	-161.3192
21.200001	103.878	-162.0796
21.400000	103.873	-162.5843
21.799999	103.860	-163.5589
22.000000	103.854	-164.0189
22.400000	103.848	-164.8805
22.700001	103.851	-165.4893
23.000000	103.859	-166.0872
23.299999	103.869	-166.6923
23.600000	103.878	-167.3135
24.000000	103.880	-168.1591
24.299999	103.872	-168.7860
24.700001	103.850	-169.5770
25.000000	103.828	-170.1184
25.400000	103.797	-170.7651
25.799999	103.773	-171.3504
26.200001	103.761	-171.9291
26.500000	103.760	-172.3974
26.900000	103.763	-173.1035
27.200001	103.764	-173.6982
27.600000	103.754	-174.5397
28.000000	103.728	-175.3637
28.500000	103.679	-176.2448
29.000000	103.632	-176.9052
29.500000	103.602	-177.4282
30.000000	103.590	-177.9747
30.400000	103.583	-178.4943
30.700001	103.575	-178.9319
31.100000	103.556	-179.5514
31.500000	103.531	179.8271
32.000000	103.496	179.0887
32.500000	103.461	178.4049
33.000000	103.428	177.7713
33.500000	103.394	177.1871
34.000000	103.359	176.6486
34.500000	103.326	176.1337
35.000000	103.296	175.6067
35.500000	103.267	175.0465
36.000000	103.235	174.4655
36.500000	103.200	173.8937
37.000000	103.164	173.3474
37.500000	103.128	172.8188
38.200001	103.074	172.0883
38.700001	103.033	171.5807
39.500000	102.967	170.8104
40.000000	102.928	170.3394
40.599998	102.881	169.7791
41.200001	102.836	169.2527
41.799999	102.795	168.7651
42.500000	102.754	168.1845
43.099998	102.713	167.6533
43.700001	102.663	167.1397
44.400002	102.603	166.6068
45.000000	102.559	166.1796
45.500000	102.524	165.8384
46.200001	102.476	165.4250
46.799999	102.437	165.1354
47.500000	102.392	164.8044
48.200001	102.335	164.4607
48.700001	102.288	164.2375
49.400002	102.224	163.9400
50.000000	102.170	163.6349
50.799999	102.085	163.1541
51.500000	102.003	162.7429
52.200001	101.934	162.3334
53.000000	101.877	161.8209
53.799999	101.828	161.3354
54.500000	101.782	160.9827
55.200001	101.735	160.6574
56.000000	101.686	160.2681
57.000000	101.629	159.8846
58.000000	101.556	159.8439
59.000000	101.453	159.6333
60.000000	101.332	158.7580
60.799999	101.282	158.1026
61.500000	101.285	157.9093
62.200001	101.274	157.9821
63.000000	101.183	158.0438
64.000000	101.014	157.5914
65.000000	100.946	156.7526
66.000000	100.960	156.4277
67.000000	100.905	156.5593
68.000000	100.775	156.3557
69.000000	100.699	155.7825
70.000000	100.671	155.5153
71.000000	100.607	155.6057
72.000000	100.508	155.3981
73.000000	100.430	154.9800
74.000000	100.385	154.7492
75.000000	100.318	154.5908
76.199997	100.219	154.3350
77.500000	100.141	154.0834
78.800003	100.059	153.8823
80.000000	99.985	153.6566
81.199997	99.909	153.4826
82.500000	99.828	153.3441
83.800003	99.748	153.1081
85.000000	99.678	152.9722
86.199997	99.603	152.8189
87.500000	99.522	152.6562
88.500000	99.463	152.5604
90.000000	99.383	152.4197
91.199997	99.312	152.2915
92.500000	99.237	152.1948
93.800003	99.170	152.0856
95.000000	99.100	151.9955
96.199997	99.027	151.9558
97.500000	98.965	151.8440
98.800003	98.893	151.7493
100.000000	98.828	151.6930
101.500000	98.752	151.6312
103.000000	98.676	151.5687
104.400002	98.605	151.5527
106.000000	98.524	151.4597
107.500000	98.456	151.4401
109.000000	98.379	151.4133
110.599998	98.298	151.3967
112.000000	98.233	151.3890
113.800003	98.151	151.3749
115.000000	98.095	151.3859
117.199997	97.998	151.3625
118.000000	97.964	151.3793
120.599998	97.833	151.3829
122.000000	97.786	151.3923
124.099998	97.696	151.4635
125.000000	97.658	151.4868
126.500000	97.599	151.5598
128.000000	97.537	151.6115
131.500000	97.395	151.7607
132.000000	97.376	151.7962
134.000000	97.301	151.9208
136.000000	97.230	152.0378
138.000000	97.156	152.1644
140.000000	97.092	152.2640
143.000000	97.000	152.4166
145.000000	96.928	152.5379
147.500000	96.844	152.6105
150.000000	96.769	152.7681
152.500000	96.685	152.8844
155.000000	96.604	153.0376
157.500000	96.525	153.2308
160.000000	96.445	153.3898
162.500000	96.370	153.6066
165.000000	96.291	153.8718
167.500000	96.217	154.1293
170.000000	96.147	154.4325
172.500000	96.088	154.7991
175.000000	96.037	155.1886
177.500000	95.998	155.5044
180.000000	95.995	155.9376
182.500000	95.965	156.0057
185.000000	95.945	156.0361
187.500000	95.915	156.0994
190.000000	95.865	156.1230
192.500000	95.822	156.1530
195.000000	95.772	156.2455
197.500000	95.715	156.3184
200.000000	95.663	156.4117
203.000000	95.599	156.5744
206.000000	95.531	156.7295
209.000000	95.476	156.9467
212.000000	95.417	157.1539
214.000000	95.381	157.2922
218.000000	95.304	157.5877
220.000000	95.269	157.7138
224.000000	95.199	158.0237
227.000000	95.153	158.2456
230.000000	95.106	158.4730
233.000000	95.059	158.7172
236.000000	95.016	158.9011
240.000000	94.959	159.1732
243.000000	94.912	159.4316
247.000000	94.857	159.7151
250.000000	94.814	159.9008
254.000000	94.760	160.1979
258.000000	94.701	160.4980
262.000000	94.650	160.8251
265.000000	94.611	161.0388
269.000000	94.561	161.3692
272.000000	94.521	161.5936
276.000000	94.473	161.9310
280.000000	94.427	162.2683
285.000000	94.374	162.7263
290.000000	94.326	163.2000
295.000000	94.287	163.6773
300.000000	94.261	163.9600
304.000000	94.245	164.4439
307.000000	94.241	164.6224
311.000000	94.222	164.8344
315.000000	94.199	165.0130
320.000000	94.164	165.2284
325.000000	94.124	165.4509
330.000000	94.081	165.7396
335.000000	94.045	166.0479
340.000000	93.998	166.3448
345.000000	93.956	166.6467
350.000000	93.924	166.9825
355.000000	93.886	167.3072
360.000000	93.854	167.6800
365.000000	93.825	167.9919
370.000000	93.795	168.3204
375.000000	93.769	168.6355
382.000000	93.733	169.0632
387.000000	93.712	169.3525
395.000000	93.670	169.8286
400.000000	93.644	170.1324
406.000000	93.617	170.4867
412.000000	93.589	170.8329
418.000000	93.559	171.1653
425.000000	93.532	171.6042
431.000000	93.503	171.9498
437.000000	93.481	172.2937
444.000000	93.451	172.7104
450.000000	93.433	173.0337
455.000000	93.414	173.3373
462.000000	93.389	173.7607
468.000000	93.369	174.0779
475.000000	93.346	174.5061
482.000000	93.327	174.8920
487.000000	93.308	175.1779
494.000000	93.292	175.5763
500.000000	93.276	175.9007
508.000000	93.255	176.3353
515.000000	93.237	176.7282
522.000000	93.223	177.1089
530.000000	93.206	177.5703
538.000000	93.190	177.9906
545.000000	93.177	178.3927
552.000000	93.163	178.7744
560.000000	93.150	179.1872
570.000000	93.135	179.7380
580.000000	93.124	-179.7103
590.000000	93.113	-179.2160
600.000000	93.102	-178.6509
608.000000	93.095	-178.2367
615.000000	93.091	-177.8736
622.000000	93.085	-177.4942
630.000000	93.078	-177.0778
640.000000	93.077	-176.5618
650.000000	93.069	-176.0406
660.000000	93.060	-175.5004
670.000000	93.069	-174.9975
680.000000	93.066	-174.5202
690.000000	93.079	-173.9747
700.000000	93.076	-173.4160
710.000000	93.085	-172.9208
720.000000	93.092	-172.4078
730.000000	93.103	-171.8779
740.000000	93.114	-171.3852
750.000000	93.126	-170.8388
762.000000	93.149	-170.2302
775.000000	93.172	-169.5867
788.000000	93.199	-168.9443
800.000000	93.230	-168.3539
812.000000	93.265	-167.8065
825.000000	93.297	-167.1911
838.000000	93.336	-166.6174
850.000000	93.373	-166.0748
862.000000	93.416	-165.6149
875.000000	93.457	-165.0842
885.000000	93.492	-164.7213
900.000000	93.524	-164.1031
912.000000	93.566	-163.6880
925.000000	93.603	-163.1461
938.000000	93.642	-162.5992
950.000000	93.686	-162.0466
962.000000	93.735	-161.5272
975.000000	93.797	-160.9496
988.000000	93.858	-160.4407
1000.000000	93.924	-159.9978
1015.000000	93.997	-159.3884
1030.000000	94.083	-158.7984
1044.000000	94.166	-158.2811
1060.000000	94.281	-157.7135
1075.000000	94.392	-157.2823
1090.000000	94.510	-156.9146
1106.000000	94.637	-156.6037
1120.000000	94.747	-156.3931
1138.000000	94.886	-156.2289
1150.000000	94.977	-156.1441
1172.000000	95.138	-156.0998
1180.000000	95.193	-156.1080
1206.000000	95.366	-156.2107
1220.000000	95.456	-156.3349
1241.000000	95.577	-156.5497
1250.000000	95.627	-156.6504
1265.000000	95.706	-156.8424
1280.000000	95.781	-157.0519
1315.000000	95.931	-157.6098
1320.000000	95.953	-157.7037
1340.000000	96.027	-158.0565
1360.000000	96.092	-158.4054
1380.000000	96.147	-158.8005
1400.000000	96.197	-159.1408
1430.000000	96.264	-159.6915
1450.000000	96.298	-160.0573
1475.000000	96.331	-160.5008
1500.000000	96.365	-160.8987
1525.000000	96.383	-161.3378
1550.000000	96.397	-161.7278
1575.000000	96.409	-162.1148
1600.000000	96.416	-162.5029
1625.000000	96.414	-162.8407
1650.000000	96.410	-163.1985
1675.000000	96.399	-163.5257
1700.000000	96.389	-163.8358
1725.000000	96.368	-164.1358
1750.000000	96.346	-164.4205
1775.000000	96.323	-164.6948
1800.000000	96.290	-164.9362
1825.000000	96.263	-165.1640
1850.000000	96.229	-165.3480
1875.000000	96.193	-165.5589
1900.000000	96.152	-165.7414
1925.000000	96.108	-165.9080
1950.000000	96.067	-166.0590
1975.000000	96.023	-166.1816
2000.000000	95.965	-166.3272
2030.000000	95.905	-166.4248
2060.000000	95.837	-166.5075
2090.000000	95.765	-166.5473
2120.000000	95.692	-166.5446
2140.000000	95.645	-166.5280
2180.000000	95.539	-166.4613
2200.000000	95.491	-166.3764
2240.000000	95.392	-166.2224
2270.000000	95.319	-166.0422
2300.000000	95.247	-165.8392
2330.000000	95.174	-165.6445
2360.000000	95.101	-165.4078
2400.000000	95.003	-165.1010
2430.000000	94.927	-164.8379
2470.000000	94.830	-164.4427
2500.000000	94.756	-164.1003
2540.000000	94.656	-163.6121
2580.000000	94.557	-163.0649
2620.000000	94.460	-162.4737
2650.000000	94.395	-162.0188
2690.000000	94.306	-161.3044
2720.000000	94.238	-160.7811
2760.000000	94.158	-160.0459
2800.000000	94.080	-159.2389
2850.000000	93.990	-158.1822
2900.000000	93.909	-157.0529
2950.000000	93.841	-155.8523
3000.000000	93.789	-154.6730
3040.000000	93.754	-153.6642
3070.000000	93.732	-152.8995
3110.000000	93.720	-151.8835
3150.000000	93.720	-150.9103
3200.000000	93.729	-149.7371
3250.000000	93.742	-148.6633
3300.000000	93.761	-147.6176
3350.000000	93.786	-146.6394
3400.000000	93.807	-145.7132
3450.000000	93.820	-144.7671
3500.000000	93.843	-143.8617
3550.000000	93.855	-142.9807
3600.000000	93.870	-142.0638
3650.000000	93.880	-141.1207
3700.000000	93.900	-140.1550
3750.000000	93.912	-139.2066
3820.000000	93.931	-137.7153
3870.000000	93.955	-136.6248
3950.000000	94.014	-134.6292
4000.000000	94.075	-133.3807
4060.000000	94.173	-131.9561
4120.000000	94.290	-130.5905
4180.000000	94.422	-129.3265
4250.000000	94.593	-127.9559
4310.000000	94.742	-126.8230
4370.000000	94.908	-125.8271
4440.000000	95.100	-124.7184
4500.000000	95.267	-123.9050
4550.000000	95.410	-123.2256
4620.000000	95.616	-122.3394
4680.000000	95.800	-121.6026
4750.000000	96.030	-120.8252
4820.000000	96.273	-120.1551
4870.000000	96.456	-119.6948
4940.000000	96.727	-119.2864
5000.000000	96.971	-119.0550
5080.000000	97.307	-118.9798
5150.000000	97.603	-119.2007
5220.000000	97.905	-119.6671
5300.000000	98.237	-120.5443
5380.000000	98.554	-121.8800
5450.000000	98.798	-123.4667
5520.000000	98.994	-125.4264
5600.000000	99.122	-128.0443
5700.000000	99.097	-131.5471
5800.000000	98.829	-134.6570
5900.000000	98.365	-136.5706
6000.000000	97.796	-136.5977
6080.000000	97.370	-135.1179
6150.000000	97.078	-132.8248
6220.000000	96.919	-129.7306
6300.000000	96.945	-125.7692
6400.000000	97.307	-120.8389
6500.000000	97.993	-117.0314
6600.000000	98.899	-115.1101
6700.000000	99.897	-115.3630
6800.000000	100.841	-117.8761
6900.000000	101.612	-122.2130
7000.000000	102.125	-127.6708
7100.000000	102.360	-133.3426
7200.000000	102.375	-138.5390
7300.000000	102.255	-142.9977
7400.000000	102.054	-146.5978
7500.000000	101.828	-149.3669
7620.000000	101.593	-151.8235
7750.000000	101.430	-153.7842
7880.000000	101.388	-155.4768
8000.000000	101.469	-157.0840
8120.000000	101.662	-159.2250
8250.000000	101.973	-162.5048
8380.000000	102.342	-167.3306
8500.000000	102.624	-173.6640
8620.000000	102.696	177.9613
8750.000000	102.289	167.7350
8850.000000	101.568	160.4550
9000.000000	100.035	152.6447
9120.000000	98.716	149.9189
9250.000000	97.475	149.7013
9380.000000	96.534	150.9611
9500.000000	95.940	152.2974
9620.000000	95.490	153.1576
9750.000000	95.047	153.6829
9880.000000	94.601	154.2381
10000.000000	94.252	155.1377
10150.000000	94.057	157.2211
10300.000000	93.996	158.4288
10440.000000	94.237	158.4982
10600.000000	94.570	156.1368
10750.000000	94.726	151.9998
10900.000000	94.626	147.1732
11060.000000	94.289	142.3609
11200.000000	93.880	138.8730
11380.000000	93.328	135.5442
11500.000000	92.995	133.9707
11720.000000	92.459	131.6979
11800.000000	92.316	131.0411
12060.000000	92.001	129.2338
12200.000000	91.965	128.1670
12410.000000	92.039	126.4990
12500.000000	92.149	125.6286
12650.000000	92.394	123.8582
12800.000000	92.768	121.6216
13150.000000	94.141	113.6604
13200.000000	94.405	112.0170
13400.000000	95.583	103.6888
13600.000000	96.919	91.2409
13800.000000	98.111	73.1258
14000.000000	98.501	49.9072
14300.000000	97.084	15.9186
14500.000000	95.486	-1.4228
14750.000000	93.575	-17.9863
15000.000000	92.063	-31.6664
15250.000000	91.020	-44.5945
15500.000000	90.444	-58.0077
15750.000000	90.384	-73.0125
16000.000000	90.853	-91.2288
16250.000000	91.953	-115.1416
16500.000000	93.342	-150.0518
16750.000000	93.322	160.5851
17000.000000	90.451	112.2917
17250.000000	86.732	75.7567
17500.000000	83.411	45.6635
17750.000000	80.737	22.5402
18000.000000	79.000	-13.3732
18250.000000	77.024	-45.8968
18500.000000	75.461	-81.5243
18750.000000	74.155	-121.0455
19000.000000	72.939	-167.1157
19250.000000	71.753	139.9841
19500.000000	70.498	76.8735
19750.000000	68.705	1.7059
