* Measurement data measured by REW V5.20
* Source: USB-C to 3.5mm Headphone Jack Adapter, USB-C to 3.5mm Headphone Jack Adapter, 0, volume: 0.138
* Format: 256k Log Swept Sine, 1 sweep at -12.0 dBFS with no timing reference
* Dated: Dec 21, 2023 6:50:18 PM
* REW Settings:
*  C-weighting compensation: Off
*  Target level: 75.0 dB
* Note: ; 
* Measurement: (red) R
* Smoothing: None
* Frequency Step: 1/48 octave
* Start Frequency: 20.300 Hz
*
* Freq(Hz)	SPL(dB)	Phase(degrees)
20.299999	103.955338	-132.3288
20.600000	104.004555	-133.1118
20.900000	104.045731	-133.8148
21.200001	104.085411	-134.5103
21.400000	104.112534	-134.9735
21.799999	104.169464	-135.9013
22.000000	104.199158	-136.3652
22.400000	104.259514	-137.2873
22.700001	104.303833	-137.9661
23.000000	104.346024	-138.6276
23.299999	104.385384	-139.2688
23.600000	104.421791	-139.8895
24.000000	104.466293	-140.6924
24.299999	104.497238	-141.2838
24.700001	104.536011	-142.0676
25.000000	104.563637	-142.6543
25.400000	104.599274	-143.4317
25.799999	104.634567	-144.1953
26.200001	104.670425	-144.9386
26.500000	104.697670	-145.4819
26.900000	104.733459	-146.1886
27.200001	104.758942	-146.7060
27.600000	104.789886	-147.3788
28.000000	104.816856	-148.0332
28.500000	104.845192	-148.8310
29.000000	104.868492	-149.6123
29.500000	104.888672	-150.3732
30.000000	104.909843	-151.1101
30.400000	104.929642	-151.6932
30.700001	104.945572	-152.1366
31.100000	104.965439	-152.7400
31.500000	104.980202	-153.3405
32.000000	104.991753	-154.0370
32.500000	105.005157	-154.6459
33.000000	105.030960	-155.2315
33.500000	105.064575	-155.8954
34.000000	105.087601	-156.6492
34.500000	105.089371	-157.3824
35.000000	105.081055	-157.9804
35.500000	105.083107	-158.4598
36.000000	105.101883	-158.9498
36.500000	105.124580	-159.5344
37.000000	105.137283	-160.1676
37.500000	105.140778	-160.7580
38.200001	105.148407	-161.4935
38.700001	105.156929	-162.0232
39.500000	105.156693	-162.8877
40.000000	105.150154	-163.3733
40.599998	105.148895	-163.9114
41.200001	105.154266	-164.4707
41.799999	105.156593	-165.0490
42.500000	105.155510	-165.6858
43.099998	105.157631	-166.2218
43.700001	105.158165	-166.7817
44.400002	105.151947	-167.3953
45.000000	105.149643	-167.8621
45.500000	105.151077	-168.2678
46.200001	105.144913	-168.8970
46.799999	105.131157	-169.4158
47.500000	105.125031	-169.9749
48.200001	105.123619	-170.5721
48.700001	105.110916	-170.9736
49.400002	105.087227	-171.4147
50.000000	105.077194	-171.8293
50.799999	105.055183	-172.5599
51.500000	105.034340	-172.9952
52.200001	105.070122	-173.2028
53.000000	105.129036	-173.7486
53.799999	105.081284	-174.4252
54.500000	105.003876	-174.7007
55.200001	104.977226	-174.9861
56.000000	104.975876	-175.6144
57.000000	104.950317	-176.2997
58.000000	104.927055	-176.7993
59.000000	104.917618	-177.6067
60.000000	104.876007	-178.4501
60.799999	104.844490	-178.6390
61.500000	104.848228	-178.7445
62.200001	104.841118	-179.0771
63.000000	104.806038	-179.4775
64.000000	104.796204	-179.9155
65.000000	104.778885	179.4975
66.000000	104.736305	179.1118
67.000000	104.717369	178.6700
68.000000	104.694794	178.1287
69.000000	104.670013	177.6597
70.000000	104.640373	177.2152
71.000000	104.608719	176.7885
72.000000	104.579002	176.3377
73.000000	104.543869	175.8875
74.000000	104.507225	175.4979
75.000000	104.473961	175.1197
76.199997	104.428711	174.6629
77.500000	104.386810	174.2036
78.800003	104.339020	173.7812
80.000000	104.301300	173.4374
81.199997	104.260620	173.0307
82.500000	104.220604	172.6255
83.800003	104.176849	172.2192
85.000000	104.136734	171.8466
86.199997	104.093109	171.4849
87.500000	104.048096	171.0925
88.500000	104.009605	170.7976
90.000000	103.945518	170.3967
91.199997	103.896301	170.0960
92.500000	103.841965	169.7866
93.800003	103.788712	169.5439
95.000000	103.741432	169.3275
96.199997	103.691887	169.1086
97.500000	103.632584	168.9138
98.800003	103.581795	168.7483
100.000000	103.535553	168.6195
101.500000	103.476318	168.5844
103.000000	103.446182	168.5541
104.400002	103.428864	168.5791
106.000000	103.416832	168.3648
107.500000	103.424316	168.1500
109.000000	103.419228	167.8196
110.599998	103.397499	167.3754
112.000000	103.369362	167.0019
113.800003	103.320053	166.5363
115.000000	103.286491	166.2551
117.199997	103.214348	165.7652
118.000000	103.189392	165.5965
120.599998	103.101913	165.1430
122.000000	103.050186	164.8732
124.099998	102.979088	164.5451
125.000000	102.947258	164.4017
126.500000	102.893211	164.1913
128.000000	102.842102	163.9987
131.500000	102.719223	163.5907
132.000000	102.701538	163.5308
134.000000	102.628166	163.3191
136.000000	102.560692	163.1389
138.000000	102.486389	162.9786
140.000000	102.416786	162.8250
143.000000	102.312157	162.6624
145.000000	102.241180	162.5830
147.500000	102.158478	162.5116
150.000000	102.076355	162.5144
152.500000	102.006500	162.5402
155.000000	101.946487	162.5518
157.500000	101.896896	162.5842
160.000000	101.852707	162.5115
162.500000	101.807091	162.4446
165.000000	101.759872	162.2803
167.500000	101.700523	162.0878
170.000000	101.634552	161.9282
172.500000	101.565735	161.7661
175.000000	101.487694	161.6362
177.500000	101.404114	161.5536
180.000000	101.330437	161.4435
182.500000	101.242218	161.5826
185.000000	101.155869	161.6656
187.500000	101.079277	161.8007
190.000000	101.008408	162.0515
192.500000	100.946976	162.2620
195.000000	100.895271	162.5395
197.500000	100.852493	162.7970
200.000000	100.823097	163.0449
203.000000	100.796623	163.3008
206.000000	100.781670	163.4449
209.000000	100.773132	163.5215
212.000000	100.750671	163.4677
214.000000	100.735886	163.4442
218.000000	100.689217	163.3241
220.000000	100.665237	163.2585
224.000000	100.604904	163.1488
227.000000	100.554810	163.0966
230.000000	100.500351	163.0673
233.000000	100.447891	163.0349
236.000000	100.393021	163.0223
240.000000	100.329277	163.0420
243.000000	100.261963	163.0638
247.000000	100.189262	163.1241
250.000000	100.133972	163.1761
254.000000	100.061790	163.2680
258.000000	99.993439	163.3905
262.000000	99.924896	163.5092
265.000000	99.871979	163.5521
269.000000	99.802307	163.7699
272.000000	99.755035	163.8873
276.000000	99.690086	164.0605
280.000000	99.628464	164.2117
285.000000	99.552277	164.4540
290.000000	99.477989	164.7042
295.000000	99.404060	164.9592
300.000000	99.319321	165.2629
304.000000	99.281487	165.4370
307.000000	99.240387	165.5739
311.000000	99.187485	165.7889
315.000000	99.136002	166.0309
320.000000	99.074448	166.3044
325.000000	99.013321	166.6004
330.000000	98.954788	166.8959
335.000000	98.899643	167.1779
340.000000	98.840973	167.5007
345.000000	98.785965	167.7976
350.000000	98.733864	168.1014
355.000000	98.681358	168.4175
360.000000	98.632591	168.7310
365.000000	98.580086	169.0479
370.000000	98.534439	169.3718
375.000000	98.487000	169.6829
382.000000	98.424377	170.1462
387.000000	98.379951	170.4789
395.000000	98.312195	171.0016
400.000000	98.273422	171.3371
406.000000	98.224480	171.7340
412.000000	98.177628	172.1337
418.000000	98.128471	172.5447
425.000000	98.082832	173.0026
431.000000	98.041389	173.3991
437.000000	98.001450	173.8239
444.000000	97.954422	174.3017
450.000000	97.916161	174.7175
455.000000	97.885910	175.0551
462.000000	97.845192	175.5505
468.000000	97.810501	175.9516
475.000000	97.773994	176.4409
482.000000	97.737183	176.9199
487.000000	97.710739	177.2645
494.000000	97.677803	177.7673
500.000000	97.650757	178.1788
508.000000	97.615776	178.7360
515.000000	97.585083	179.2378
522.000000	97.559044	179.7289
530.000000	97.528572	-179.7125
538.000000	97.502899	-179.1684
545.000000	97.476944	-178.6722
552.000000	97.456497	-178.1955
560.000000	97.433060	-177.6312
570.000000	97.401306	-176.9369
580.000000	97.387321	-176.3109
590.000000	97.355042	-175.5665
600.000000	97.343880	-174.8892
608.000000	97.324463	-174.3513
615.000000	97.311684	-173.8834
622.000000	97.300552	-173.4191
630.000000	97.288086	-172.8765
640.000000	97.274414	-172.2162
650.000000	97.263893	-171.5358
660.000000	97.266609	-170.8376
670.000000	97.246254	-170.2223
680.000000	97.237305	-169.5129
690.000000	97.231163	-168.8610
700.000000	97.231522	-168.1807
710.000000	97.236046	-167.5053
720.000000	97.232040	-166.8196
730.000000	97.239990	-166.1711
740.000000	97.243462	-165.4768
750.000000	97.255409	-164.8060
762.000000	97.272789	-164.0005
775.000000	97.299057	-163.1325
788.000000	97.329193	-162.2841
800.000000	97.365372	-161.5129
812.000000	97.410294	-160.7820
825.000000	97.475952	-160.0072
838.000000	97.553307	-159.3331
850.000000	97.644814	-158.8479
862.000000	97.755768	-158.5832
875.000000	97.916809	-158.8517
885.000000	98.048630	-159.8887
900.000000	97.957809	-164.7598
912.000000	96.487488	-165.9951
925.000000	96.098816	-156.2059
938.000000	96.573952	-152.0135
950.000000	96.908524	-150.4810
962.000000	97.149323	-149.7710
975.000000	97.225403	-149.4341
988.000000	97.281601	-147.8207
1000.000000	97.430939	-146.6931
1015.000000	97.609428	-145.6834
1030.000000	97.766464	-144.7865
1044.000000	97.897751	-144.0265
1060.000000	98.046783	-143.2556
1075.000000	98.183037	-142.5258
1090.000000	98.317947	-141.8536
1106.000000	98.460297	-141.1837
1120.000000	98.579033	-140.6219
1138.000000	98.731133	-139.9881
1150.000000	98.835022	-139.5945
1172.000000	99.022636	-138.9098
1180.000000	99.083893	-138.6622
1206.000000	99.291542	-137.9743
1220.000000	99.398933	-137.6625
1241.000000	99.558044	-137.1949
1250.000000	99.621437	-137.0166
1265.000000	99.731590	-136.7253
1280.000000	99.835999	-136.4584
1315.000000	100.071030	-135.8740
1320.000000	100.105042	-135.8045
1340.000000	100.228340	-135.4946
1360.000000	100.350426	-135.1868
1380.000000	100.474083	-134.9688
1400.000000	100.585953	-134.6621
1430.000000	100.747871	-134.2118
1450.000000	100.865524	-134.0127
1475.000000	100.997574	-133.6728
1500.000000	101.134056	-133.2791
1525.000000	101.259811	-133.0325
1550.000000	101.389183	-132.7127
1575.000000	101.519867	-132.3883
1600.000000	101.655487	-132.0645
1625.000000	101.786278	-131.7382
1650.000000	101.927376	-131.4606
1675.000000	102.064568	-131.1968
1700.000000	102.202934	-130.9327
1725.000000	102.339264	-130.7177
1750.000000	102.479202	-130.5286
1775.000000	102.620667	-130.3206
1800.000000	102.761452	-130.1624
1825.000000	102.903679	-129.9742
1850.000000	103.047653	-129.8688
1875.000000	103.195023	-129.7238
1900.000000	103.345657	-129.6896
1925.000000	103.491928	-129.6362
1950.000000	103.644165	-129.6300
1975.000000	103.791878	-129.6908
2000.000000	103.942894	-129.7641
2030.000000	104.124695	-129.9068
2060.000000	104.303307	-130.0951
2090.000000	104.485298	-130.3496
2120.000000	104.665894	-130.6866
2140.000000	104.784531	-130.9640
2180.000000	105.019714	-131.6138
2200.000000	105.134933	-131.9701
2240.000000	105.356995	-132.8525
2270.000000	105.510468	-133.6292
2300.000000	105.654915	-134.4902
2330.000000	105.778526	-135.4050
2360.000000	105.886589	-136.3765
2400.000000	106.005203	-137.7086
2430.000000	106.073746	-138.7087
2470.000000	106.141846	-140.0336
2500.000000	106.177124	-140.9732
2540.000000	106.208199	-142.2245
2580.000000	106.214203	-143.4119
2620.000000	106.207809	-144.4976
2650.000000	106.192818	-145.2732
2690.000000	106.159721	-146.2352
2720.000000	106.128746	-146.9079
2760.000000	106.078621	-147.7081
2800.000000	106.023941	-148.4260
2850.000000	105.947235	-149.2091
2900.000000	105.868561	-149.9050
2950.000000	105.782791	-150.5357
3000.000000	105.688171	-151.0632
3040.000000	105.603851	-151.4105
3070.000000	105.538368	-151.6032
3110.000000	105.452576	-151.7755
3150.000000	105.366280	-151.8503
3200.000000	105.274635	-151.8204
3250.000000	105.198410	-151.7334
3300.000000	105.135307	-151.6680
3350.000000	105.073837	-151.6028
3400.000000	105.013382	-151.5177
3450.000000	104.948112	-151.4167
3500.000000	104.884399	-151.2517
3550.000000	104.818466	-151.0223
3600.000000	104.766426	-150.6907
3650.000000	104.722603	-150.3288
3700.000000	104.694221	-149.9664
3750.000000	104.675705	-149.6395
3820.000000	104.650497	-149.2245
3870.000000	104.631149	-148.9555
3950.000000	104.599831	-148.4360
4000.000000	104.587341	-148.0356
4060.000000	104.589844	-147.5255
4120.000000	104.614929	-147.0474
4180.000000	104.651642	-146.6773
4250.000000	104.697174	-146.3515
4310.000000	104.735359	-146.1664
4370.000000	104.769821	-146.0160
4440.000000	104.806931	-145.8653
4500.000000	104.838974	-145.7371
4550.000000	104.866997	-145.6330
4620.000000	104.910919	-145.5170
4680.000000	104.953331	-145.4662
4750.000000	105.007889	-145.4462
4820.000000	105.062592	-145.4742
4870.000000	105.104156	-145.5374
4940.000000	105.162827	-145.6883
5000.000000	105.213165	-145.8696
5080.000000	105.283417	-146.2324
5150.000000	105.339600	-146.6377
5220.000000	105.388840	-147.1531
5300.000000	105.432419	-147.8409
5380.000000	105.460236	-148.6246
5450.000000	105.467148	-149.3661
5520.000000	105.459160	-150.1559
5600.000000	105.426079	-151.0676
5700.000000	105.353104	-152.2069
5800.000000	105.245834	-153.2461
5900.000000	105.101654	-154.1750
6000.000000	104.920807	-154.9185
6080.000000	104.733765	-155.2555
6150.000000	104.515816	-155.0153
6220.000000	104.352692	-152.9709
6300.000000	104.827835	-152.3691
6400.000000	104.813087	-154.8602
6500.000000	104.634926	-155.7634
6600.000000	104.494049	-155.9554
6700.000000	104.399765	-155.8903
6800.000000	104.352737	-155.7009
6900.000000	104.353287	-155.5143
7000.000000	104.396881	-155.3598
7100.000000	104.489578	-155.3319
7200.000000	104.633057	-155.4410
7300.000000	104.830009	-155.8670
7400.000000	105.071869	-156.7461
7500.000000	105.344269	-158.1192
7620.000000	105.694221	-160.5645
7750.000000	106.066811	-164.3671
7880.000000	106.369057	-169.5385
8000.000000	106.508530	-175.4476
8120.000000	106.443054	177.8670
8250.000000	106.100777	170.4257
8380.000000	105.501442	163.4883
8500.000000	104.780632	157.9031
8620.000000	103.949738	153.2227
8750.000000	102.963013	149.2275
8850.000000	102.175873	146.9385
9000.000000	101.011795	144.7008
9120.000000	100.112846	143.7275
9250.000000	99.203278	143.2931
9380.000000	98.339516	143.2684
9500.000000	97.584518	143.5193
9620.000000	96.849411	144.0725
9750.000000	96.072701	145.1100
9880.000000	95.335533	146.6792
10000.000000	94.720924	148.5535
10150.000000	94.062080	151.2830
10300.000000	93.532707	154.2771
10440.000000	93.129700	157.0128
10600.000000	92.776062	160.1574
10750.000000	92.542488	162.8783
10900.000000	92.377045	165.4888
11060.000000	92.296036	168.1929
11200.000000	92.276001	170.2978
11380.000000	92.362968	172.8990
11500.000000	92.477951	174.4280
11720.000000	92.830605	176.8606
11800.000000	93.009712	177.6817
12060.000000	93.759819	179.5688
12200.000000	94.288559	-179.8867
12410.000000	95.289169	-179.7996
12500.000000	95.811081	179.8674
12650.000000	96.782265	178.7186
12800.000000	97.949005	176.6391
13150.000000	101.571243	165.5771
13200.000000	102.222725	162.8011
13400.000000	105.106926	145.0846
13600.000000	107.086456	111.4374
13800.000000	105.617653	75.7290
14000.000000	102.916786	56.9230
14300.000000	100.838638	42.4495
14500.000000	100.053551	30.1330
14750.000000	98.958237	15.5807
15000.000000	98.333694	3.2950
15250.000000	98.055374	-11.6344
15500.000000	98.337685	-28.7336
15750.000000	98.931534	-50.9057
16000.000000	99.384636	-80.2888
16250.000000	98.874802	-115.5399
16500.000000	97.163239	-150.1891
16750.000000	94.932556	179.5786
17000.000000	92.761551	152.6168
17250.000000	90.878113	127.0317
17500.000000	89.307968	100.6887
17750.000000	88.058609	72.7603
18000.000000	87.114479	42.0943
18250.000000	86.405807	7.3772
18500.000000	85.934204	-32.7480
18750.000000	85.581200	-79.8331
19000.000000	85.095490	-136.5469
19250.000000	84.013519	155.4731
19500.000000	81.708908	76.5095
19750.000000	77.945221	-11.2726
