* Measurement data measured by REW V5.31.3
* Source: USB-C to 3.5mm Headphone Jack Adapter, no input selected, 0, volume: 0.343
* Format: 256k Log Swept Sine, 1 sweep at -12.0 dBFS with no timing reference
* Dated: Dec 28, 2025 6:47:54 PM
* REW Settings:
*  C-weighting compensation: Off
*  Target level: 75.0 dB
* Note: ; 
* Measurement: R
* Smoothing: None
* Frequency Step: 1/48 octave
* Start Frequency: 20.000 Hz
*
* Freq(Hz)	SPL(dB)	Phase(degrees)
20.000000	107.590	-143.3875
20.299999	107.637	-144.2333
20.600000	107.677	-145.0807
20.900000	107.711	-145.9139
21.200001	107.738	-146.7174
21.400000	107.754	-147.2306
21.799999	107.782	-148.2004
22.000000	107.796	-148.6594
22.400000	107.826	-149.5394
22.700001	107.850	-150.1829
23.000000	107.876	-150.8256
23.299999	107.903	-151.4752
23.600000	107.928	-152.1339
24.000000	107.956	-153.0185
24.299999	107.974	-153.6760
24.700001	107.994	-154.5308
25.000000	108.007	-155.1519
25.400000	108.024	-155.9588
25.799999	108.041	-156.7555
26.200001	108.057	-157.5521
26.500000	108.068	-158.1474
26.900000	108.079	-158.9271
27.200001	108.085	-159.4951
27.600000	108.094	-160.2305
28.000000	108.104	-160.9534
28.500000	108.116	-161.8606
29.000000	108.123	-162.7650
29.500000	108.122	-163.6272
30.000000	108.121	-164.4216
30.400000	108.123	-165.0251
30.700001	108.127	-165.4780
31.100000	108.133	-166.0984
31.500000	108.137	-166.7368
32.000000	108.133	-167.5291
32.500000	108.124	-168.2788
33.000000	108.114	-168.9819
33.500000	108.106	-169.6639
34.000000	108.099	-170.3486
34.500000	108.090	-171.0379
35.000000	108.078	-171.7176
35.500000	108.063	-172.3730
36.000000	108.048	-173.0018
36.500000	108.036	-173.6176
37.000000	108.025	-174.2385
37.500000	108.011	-174.8663
38.200001	107.987	-175.7238
38.700001	107.969	-176.3111
39.500000	107.938	-177.2364
40.000000	107.915	-177.7913
40.599998	107.890	-178.4047
41.200001	107.872	-179.0195
41.799999	107.853	-179.7068
42.500000	107.811	179.4968
43.099998	107.771	178.9379
43.700001	107.745	178.4028
44.400002	107.711	177.6780
45.000000	107.665	177.1202
45.500000	107.634	176.7649
46.200001	107.619	176.2041
46.799999	107.597	175.5299
47.500000	107.533	174.8317
48.200001	107.483	174.3968
48.700001	107.471	174.0198
49.400002	107.435	173.2832
50.000000	107.373	172.7720
50.799999	107.322	172.3900
51.500000	107.318	171.8270
52.200001	107.273	171.0165
53.000000	107.174	170.4056
53.799999	107.113	170.1040
54.500000	107.084	169.6960
55.200001	107.037	169.2525
56.000000	106.992	168.9036
57.000000	106.962	168.1778
58.000000	106.852	167.4666
59.000000	106.796	167.2143
60.000000	106.749	166.3450
60.799999	106.640	165.9125
61.500000	106.596	165.8272
62.200001	106.585	165.4077
63.000000	106.513	164.7616
64.000000	106.418	164.4844
65.000000	106.382	164.0176
66.000000	106.300	163.4535
67.000000	106.226	163.1082
68.000000	106.157	162.7036
69.000000	106.086	162.3351
70.000000	106.014	161.9295
71.000000	105.931	161.5852
72.000000	105.863	161.2967
73.000000	105.798	160.9218
74.000000	105.722	160.5682
75.000000	105.648	160.2681
76.199997	105.560	159.9303
77.500000	105.466	159.6094
78.800003	105.377	159.2860
80.000000	105.288	158.9769
81.199997	105.196	158.7181
82.500000	105.103	158.4868
83.800003	105.015	158.2204
85.000000	104.930	157.9985
86.199997	104.846	157.7886
87.500000	104.755	157.5980
88.500000	104.686	157.4627
90.000000	104.584	157.2869
91.199997	104.504	157.1706
92.500000	104.419	157.0411
93.800003	104.332	156.9518
95.000000	104.255	156.8804
96.199997	104.180	156.8191
97.500000	104.098	156.7417
98.800003	104.016	156.7002
100.000000	103.944	156.6783
101.500000	103.855	156.6257
103.000000	103.764	156.6422
104.400002	103.687	156.6558
106.000000	103.594	156.7198
107.500000	103.517	156.8279
109.000000	103.442	156.9224
110.599998	103.366	157.0630
112.000000	103.302	157.1750
113.800003	103.227	157.3851
115.000000	103.188	157.5453
117.199997	103.145	157.9156
118.000000	103.147	158.1215
120.599998	103.273	158.7778
122.000000	103.498	158.5900
124.099998	103.956	151.3593
125.000000	103.227	147.6707
126.500000	102.274	150.8312
128.000000	102.094	153.3291
131.500000	102.000	156.0089
132.000000	101.987	156.1948
134.000000	101.927	156.9008
136.000000	101.867	157.4507
138.000000	101.810	157.9079
140.000000	101.747	158.3123
143.000000	101.654	158.9097
145.000000	101.593	159.2962
147.500000	101.514	159.7169
150.000000	101.443	160.1477
152.500000	101.371	160.5737
155.000000	101.300	161.0271
157.500000	101.229	161.4685
160.000000	101.161	161.8788
162.500000	101.103	162.3425
165.000000	101.037	162.7904
167.500000	100.967	163.2338
170.000000	100.901	163.7229
172.500000	100.837	164.2226
175.000000	100.763	164.8163
177.500000	100.704	165.4416
180.000000	100.596	166.2780
182.500000	100.592	167.0883
185.000000	100.587	167.5045
187.500000	100.436	168.7091
190.000000	100.530	170.4471
192.500000	100.701	171.2252
195.000000	100.843	171.3016
197.500000	100.924	171.2025
200.000000	100.957	171.0219
203.000000	100.972	170.8770
206.000000	100.964	170.8465
209.000000	100.946	170.8963
212.000000	100.922	170.9954
214.000000	100.913	171.0859
218.000000	100.879	171.3286
220.000000	100.873	171.4494
224.000000	100.846	171.7424
227.000000	100.830	171.9783
230.000000	100.815	172.2063
233.000000	100.803	172.4293
236.000000	100.788	172.6303
240.000000	100.771	173.0685
243.000000	100.763	173.2033
247.000000	100.755	173.4772
250.000000	100.742	173.7131
254.000000	100.734	174.0173
258.000000	100.725	174.2919
262.000000	100.718	174.5802
265.000000	100.713	174.7897
269.000000	100.706	175.0755
272.000000	100.706	175.2760
276.000000	100.706	175.5347
280.000000	100.707	175.7877
285.000000	100.711	176.0678
290.000000	100.710	176.3341
295.000000	100.712	176.5516
300.000000	100.709	176.6983
304.000000	100.706	176.8978
307.000000	100.701	177.0125
311.000000	100.693	177.1738
315.000000	100.687	177.3683
320.000000	100.676	177.6143
325.000000	100.669	177.8144
330.000000	100.669	178.0209
335.000000	100.661	178.2363
340.000000	100.654	178.4341
345.000000	100.646	178.6383
350.000000	100.646	178.8120
355.000000	100.641	179.0213
360.000000	100.636	179.1854
365.000000	100.628	179.3821
370.000000	100.623	179.5546
375.000000	100.616	179.7048
382.000000	100.605	179.9260
387.000000	100.599	-179.9000
395.000000	100.584	-179.6523
400.000000	100.575	-179.4826
406.000000	100.567	-179.3070
412.000000	100.550	-179.1062
418.000000	100.541	-178.9242
425.000000	100.524	-178.6850
431.000000	100.511	-178.5132
437.000000	100.501	-178.3127
444.000000	100.485	-178.0857
450.000000	100.471	-177.8775
455.000000	100.460	-177.7135
462.000000	100.443	-177.5229
468.000000	100.434	-177.3036
475.000000	100.415	-177.0835
482.000000	100.400	-176.8644
487.000000	100.388	-176.7096
494.000000	100.374	-176.4853
500.000000	100.359	-176.3011
508.000000	100.337	-176.0445
515.000000	100.318	-175.8362
522.000000	100.299	-175.5961
530.000000	100.277	-175.3511
538.000000	100.252	-175.0662
545.000000	100.230	-174.8318
552.000000	100.211	-174.5836
560.000000	100.184	-174.2990
570.000000	100.153	-173.9194
580.000000	100.117	-173.5395
590.000000	100.087	-173.1117
600.000000	100.053	-172.6585
608.000000	100.028	-172.3345
615.000000	100.009	-172.0142
622.000000	99.988	-171.7042
630.000000	99.971	-171.3138
640.000000	99.946	-170.8430
650.000000	99.924	-170.3505
660.000000	99.906	-169.9093
670.000000	99.889	-169.4043
680.000000	99.867	-168.9217
690.000000	99.854	-168.4349
700.000000	99.836	-167.9565
710.000000	99.821	-167.4876
720.000000	99.807	-166.9521
730.000000	99.791	-166.4832
740.000000	99.775	-165.9699
750.000000	99.762	-165.4409
762.000000	99.748	-164.8205
775.000000	99.732	-164.1096
788.000000	99.719	-163.3939
800.000000	99.713	-162.7209
812.000000	99.705	-162.0383
825.000000	99.703	-161.2863
838.000000	99.707	-160.4937
850.000000	99.711	-159.7711
862.000000	99.714	-159.0519
875.000000	99.729	-158.2527
885.000000	99.743	-157.6358
900.000000	99.775	-156.7299
912.000000	99.793	-155.9397
925.000000	99.827	-155.1700
938.000000	99.860	-154.3712
950.000000	99.902	-153.6336
962.000000	99.944	-152.9156
975.000000	99.996	-152.1400
988.000000	100.054	-151.4255
1000.000000	100.112	-150.7533
1015.000000	100.190	-149.9620
1030.000000	100.266	-149.1846
1044.000000	100.349	-148.5088
1060.000000	100.443	-147.7921
1075.000000	100.535	-147.1435
1090.000000	100.632	-146.5554
1106.000000	100.734	-145.9818
1120.000000	100.826	-145.5212
1138.000000	100.940	-144.9790
1150.000000	101.016	-144.6650
1172.000000	101.155	-144.1380
1180.000000	101.203	-143.9784
1206.000000	101.354	-143.4697
1220.000000	101.428	-143.2271
1241.000000	101.544	-142.9403
1250.000000	101.586	-142.8107
1265.000000	101.658	-142.6375
1280.000000	101.726	-142.4412
1315.000000	101.872	-142.0619
1320.000000	101.892	-142.0356
1340.000000	101.964	-141.8152
1360.000000	102.034	-141.5916
1380.000000	102.095	-141.3790
1400.000000	102.158	-141.1311
1430.000000	102.244	-140.7848
1450.000000	102.296	-140.5311
1475.000000	102.361	-140.1906
1500.000000	102.424	-139.8432
1525.000000	102.483	-139.4469
1550.000000	102.546	-139.0349
1575.000000	102.609	-138.6066
1600.000000	102.673	-138.1641
1625.000000	102.739	-137.7049
1650.000000	102.810	-137.2397
1675.000000	102.881	-136.7819
1700.000000	102.959	-136.3063
1725.000000	103.033	-135.8524
1750.000000	103.111	-135.3904
1775.000000	103.192	-134.9476
1800.000000	103.280	-134.4948
1825.000000	103.361	-134.0536
1850.000000	103.453	-133.6243
1875.000000	103.544	-133.2006
1900.000000	103.638	-132.7758
1925.000000	103.736	-132.3812
1950.000000	103.836	-131.9953
1975.000000	103.941	-131.6327
2000.000000	104.045	-131.2946
2030.000000	104.174	-130.9201
2060.000000	104.307	-130.5920
2090.000000	104.438	-130.2654
2120.000000	104.573	-129.9990
2140.000000	104.669	-129.8373
2180.000000	104.854	-129.5748
2200.000000	104.948	-129.4791
2240.000000	105.135	-129.3332
2270.000000	105.276	-129.3013
2300.000000	105.414	-129.3012
2330.000000	105.551	-129.3390
2360.000000	105.684	-129.4217
2400.000000	105.861	-129.6169
2430.000000	105.989	-129.7887
2470.000000	106.150	-130.0903
2500.000000	106.268	-130.3413
2540.000000	106.417	-130.7046
2580.000000	106.562	-131.1080
2620.000000	106.700	-131.5767
2650.000000	106.799	-131.9546
2690.000000	106.928	-132.5165
2720.000000	107.016	-132.9745
2760.000000	107.123	-133.6392
2800.000000	107.217	-134.2880
2850.000000	107.323	-135.1283
2900.000000	107.411	-136.0161
2950.000000	107.483	-136.8809
3000.000000	107.540	-137.7104
3040.000000	107.582	-138.3375
3070.000000	107.613	-138.7939
3110.000000	107.652	-139.4600
3150.000000	107.687	-140.1514
3200.000000	107.714	-141.0567
3250.000000	107.725	-141.9553
3300.000000	107.717	-142.8234
3350.000000	107.701	-143.5892
3400.000000	107.676	-144.3179
3450.000000	107.650	-144.9833
3500.000000	107.620	-145.6051
3550.000000	107.588	-146.2211
3600.000000	107.551	-146.7930
3650.000000	107.512	-147.3389
3700.000000	107.467	-147.8490
3750.000000	107.420	-148.3263
3820.000000	107.355	-148.9177
3870.000000	107.308	-149.3033
3950.000000	107.235	-149.8475
4000.000000	107.193	-150.1483
4060.000000	107.147	-150.4844
4120.000000	107.109	-150.8062
4180.000000	107.082	-151.1652
4250.000000	107.054	-151.6729
4310.000000	107.028	-152.1971
4370.000000	106.999	-152.7555
4440.000000	106.952	-153.4876
4500.000000	106.906	-154.1635
4550.000000	106.859	-154.7164
4620.000000	106.785	-155.5410
4680.000000	106.710	-156.2726
4750.000000	106.609	-157.1412
4820.000000	106.493	-158.0082
4870.000000	106.396	-158.6290
4940.000000	106.252	-159.4552
5000.000000	106.110	-160.1180
5080.000000	105.910	-160.9279
5150.000000	105.721	-161.5285
5220.000000	105.522	-162.0210
5300.000000	105.283	-162.4895
5380.000000	105.037	-162.7626
5450.000000	104.824	-162.8805
5520.000000	104.611	-162.9212
5600.000000	104.376	-162.7824
5700.000000	104.097	-162.4364
5800.000000	103.837	-161.9168
5900.000000	103.609	-161.2580
6000.000000	103.410	-160.5322
6080.000000	103.270	-159.8926
6150.000000	103.164	-159.3274
6220.000000	103.073	-158.7686
6300.000000	102.990	-158.1176
6400.000000	102.910	-157.3421
6500.000000	102.863	-156.6841
6600.000000	102.844	-156.0944
6700.000000	102.842	-155.6797
6800.000000	102.862	-155.4273
6900.000000	102.889	-155.3150
7000.000000	102.922	-155.3347
7100.000000	102.969	-155.4207
7200.000000	103.031	-155.5826
7300.000000	103.117	-155.8985
7400.000000	103.234	-156.3391
7500.000000	103.359	-157.1603
7620.000000	103.536	-158.4815
7750.000000	103.719	-160.4680
7880.000000	103.896	-163.1469
8000.000000	104.005	-166.3429
8120.000000	104.018	-170.0680
8250.000000	103.890	-174.3983
8380.000000	103.623	-178.7585
8500.000000	103.246	177.4741
8620.000000	102.762	174.1636
8750.000000	102.147	171.4472
8850.000000	101.645	170.0363
9000.000000	100.914	168.9896
9120.000000	100.370	168.9031
9250.000000	99.869	169.5124
9380.000000	99.487	170.7006
9500.000000	99.293	171.9713
9620.000000	99.218	172.6971
9750.000000	99.200	172.8644
9880.000000	99.186	172.7970
10000.000000	99.228	172.5782
10150.000000	99.353	171.9198
10300.000000	99.580	170.6360
10440.000000	99.861	168.4263
10600.000000	100.225	164.6288
10750.000000	100.526	159.5795
10900.000000	100.727	152.9541
11060.000000	100.705	144.5752
11200.000000	100.434	136.8964
11380.000000	99.744	127.4371
11500.000000	99.132	121.9181
11720.000000	97.873	113.9792
11800.000000	97.421	111.7499
12060.000000	96.043	106.0236
12200.000000	95.406	103.7791
12410.000000	94.612	100.7853
12500.000000	94.313	99.6780
12650.000000	93.876	97.7775
12800.000000	93.505	96.0644
13150.000000	93.060	93.3801
13200.000000	93.078	92.7715
13400.000000	93.303	89.9401
13600.000000	93.600	85.2135
13800.000000	93.948	79.4825
14000.000000	94.363	72.2935
14300.000000	95.055	58.6717
14500.000000	95.430	46.7910
14750.000000	95.556	29.5849
15000.000000	95.225	10.7313
15250.000000	94.462	-7.1188
15500.000000	93.574	-24.2559
15750.000000	92.683	-41.1946
16000.000000	91.812	-58.6948
16250.000000	90.894	-76.4868
16500.000000	90.244	-93.3313
16750.000000	90.327	-112.1679
17000.000000	90.862	-136.7977
17250.000000	91.512	-168.3609
17500.000000	92.003	153.3435
17750.000000	92.078	107.8451
18000.000000	91.271	56.1702
18250.000000	89.222	2.1363
18500.000000	86.343	-48.7883
18750.000000	83.450	-97.1044
19000.000000	80.868	-145.8762
19250.000000	78.384	160.5793
19500.000000	76.043	102.8491
19750.000000	73.699	32.6307
