* Measurement data measured by REW V5.20
* Source: USB-C to 3.5mm Headphone Jack Adapter, USB-C to 3.5mm Headphone Jack Adapter, 0, volume: 0.138
* Format: 256k Log Swept Sine, 1 sweep at -12.0 dBFS with no timing reference
* Dated: Jul 1, 2024 4:41:00 PM
* REW Settings:
*  C-weighting compensation: Off
*  Target level: 75.0 dB
* Note: 
* Measurement: L
* Smoothing: None
* Frequency Step: 1/48 octave
* Start Frequency: 20.300 Hz
*
* Freq(Hz)	SPL(dB)	Phase(degrees)
20.299999	102.703644	175.9503
20.600000	102.693558	175.2246
20.900000	102.676773	174.5556
21.200001	102.656372	173.8789
21.400000	102.641006	173.4259
21.799999	102.606728	172.5364
22.000000	102.588547	172.1091
22.400000	102.552452	171.2999
22.700001	102.527916	170.7285
23.000000	102.506615	170.1718
23.299999	102.488312	169.6110
23.600000	102.471695	169.0307
24.000000	102.449020	168.2172
24.299999	102.429916	167.5861
24.700001	102.401222	166.7431
25.000000	102.378380	166.1304
25.400000	102.348488	165.3585
25.799999	102.321144	164.6417
26.200001	102.296181	163.9657
26.500000	102.277657	163.4723
26.900000	102.250679	162.8178
27.200001	102.227425	162.3241
27.600000	102.192177	161.6623
28.000000	102.153908	161.0009
28.500000	102.106796	160.1788
29.000000	102.064743	159.3565
29.500000	102.026718	158.5293
30.000000	101.987427	157.7104
30.400000	101.952469	157.0783
30.700001	101.924271	156.6247
31.100000	101.885384	156.0473
31.500000	101.847046	155.4917
32.000000	101.801788	154.8063
32.500000	101.759354	154.1151
33.000000	101.717896	153.4199
33.500000	101.675697	152.7332
34.000000	101.632034	152.0658
34.500000	101.587143	151.4187
35.000000	101.541779	150.7829
35.500000	101.496277	150.1467
36.000000	101.450180	149.5060
36.500000	101.402863	148.8693
37.000000	101.354805	148.2522
37.500000	101.307648	147.6638
38.200001	101.245651	146.8733
38.700001	101.203468	146.3103
39.500000	101.133652	145.3945
40.000000	101.087074	144.8263
40.599998	101.030350	144.1633
41.200001	100.975113	143.5155
41.799999	100.920677	142.8742
42.500000	100.855782	142.1442
43.099998	100.799965	141.5445
43.700001	100.745941	140.9531
44.400002	100.683517	140.2454
45.000000	100.627831	139.6311
45.500000	100.580406	139.1331
46.200001	100.515488	138.4681
46.799999	100.461685	137.9160
47.500000	100.398087	137.2794
48.200001	100.332764	136.6541
48.700001	100.286697	136.2142
49.400002	100.224518	135.5998
50.000000	100.172134	135.0749
50.799999	100.100739	134.3891
51.500000	100.036148	133.8060
52.200001	99.971748	133.2351
53.000000	99.901527	132.5843
53.799999	99.831406	131.9391
54.500000	99.768669	131.4067
55.200001	99.708405	130.8760
56.000000	99.637466	130.2300
57.000000	99.549606	129.5160
58.000000	99.476959	128.8002
59.000000	99.356094	128.0593
60.000000	99.249695	127.5876
60.799999	99.213272	126.9715
61.500000	99.165253	126.3003
62.200001	99.101906	125.8021
63.000000	99.039948	125.3532
64.000000	98.956726	124.6866
65.000000	98.869644	124.0439
66.000000	98.791122	123.4031
67.000000	98.706398	122.8110
68.000000	98.626892	122.2129
69.000000	98.546242	121.5948
70.000000	98.466209	121.0264
71.000000	98.385750	120.4458
72.000000	98.298241	119.8812
73.000000	98.220879	119.3692
74.000000	98.150284	118.7692
75.000000	98.069351	118.2228
76.199997	97.985115	117.6648
77.500000	97.879181	116.9882
78.800003	97.789413	116.2894
80.000000	97.691818	115.7449
81.199997	97.608841	115.3475
82.500000	97.512939	114.5567
83.800003	97.419800	113.8992
85.000000	97.334244	113.3721
86.199997	97.249268	112.8639
87.500000	97.162231	112.2463
88.500000	97.096642	111.8395
90.000000	96.986160	111.2357
91.199997	96.902908	110.7353
92.500000	96.812447	110.1688
93.800003	96.731178	109.6429
95.000000	96.648895	109.2288
96.199997	96.577339	108.7642
97.500000	96.484444	108.2414
98.800003	96.411453	107.7991
100.000000	96.332352	107.3172
101.500000	96.236488	106.7685
103.000000	96.146782	106.2606
104.400002	96.059937	105.7720
106.000000	95.963806	105.2317
107.500000	95.875137	104.7265
109.000000	95.790421	104.2343
110.599998	95.693390	103.7228
112.000000	95.615837	103.3035
113.800003	95.515320	102.7373
115.000000	95.446114	102.3703
117.199997	95.324905	101.7383
118.000000	95.281319	101.5111
120.599998	95.142990	100.7236
122.000000	95.073456	100.3627
124.099998	94.964211	99.7850
125.000000	94.914711	99.5680
126.500000	94.840256	99.1736
128.000000	94.765167	98.7816
131.500000	94.596603	97.9182
132.000000	94.571854	97.8059
134.000000	94.480591	97.3259
136.000000	94.382103	96.8063
138.000000	94.292122	96.3890
140.000000	94.199905	95.9313
143.000000	94.073273	95.2897
145.000000	93.974480	94.8766
147.500000	93.880821	94.3296
150.000000	93.769012	93.8872
152.500000	93.671631	93.4013
155.000000	93.560104	92.9000
157.500000	93.467804	92.3974
160.000000	93.338959	92.1881
162.500000	93.305252	90.3128
165.000000	93.193665	91.2157
167.500000	93.106941	90.7902
170.000000	93.008957	90.4409
172.500000	92.916412	90.0822
175.000000	92.834167	89.7003
177.500000	92.738220	89.3894
180.000000	92.637238	88.9831
182.500000	92.569519	88.7698
185.000000	92.484634	88.5066
187.500000	92.397552	88.3331
190.000000	92.315941	88.1407
192.500000	92.230827	88.0940
195.000000	92.162537	88.0213
197.500000	92.093987	88.0175
200.000000	92.066933	88.1035
203.000000	92.046829	88.1923
206.000000	92.050934	87.9776
209.000000	92.055428	87.6791
212.000000	92.027504	87.1105
214.000000	92.026711	86.7524
218.000000	91.975815	86.2220
220.000000	91.965210	85.8947
224.000000	91.912010	85.3064
227.000000	91.863647	84.8792
230.000000	91.808212	84.4273
233.000000	91.765450	84.0377
236.000000	91.714096	83.6885
240.000000	91.698593	83.3215
243.000000	91.622971	82.8019
247.000000	91.543625	82.4309
250.000000	91.502998	82.1922
254.000000	91.443985	81.7955
258.000000	91.392082	81.4528
262.000000	91.339874	81.1121
265.000000	91.302917	80.8807
269.000000	91.252144	80.5546
272.000000	91.222572	80.3223
276.000000	91.172112	80.0325
280.000000	91.130981	79.7642
285.000000	91.078102	79.4263
290.000000	91.032585	79.0947
295.000000	90.988037	78.8025
300.000000	90.943878	78.6592
304.000000	90.906570	78.2591
307.000000	90.883255	78.0911
311.000000	90.847542	77.9049
315.000000	90.829132	77.7418
320.000000	90.797119	77.4483
325.000000	90.770927	77.1807
330.000000	90.725624	76.9447
335.000000	90.699059	76.7277
340.000000	90.674583	76.5206
345.000000	90.647240	76.3313
350.000000	90.618690	76.1328
355.000000	90.596397	75.9828
360.000000	90.575813	75.8368
365.000000	90.552917	75.6828
370.000000	90.530777	75.5337
375.000000	90.512619	75.4002
382.000000	90.482864	75.2590
387.000000	90.469650	75.1424
395.000000	90.434509	75.0355
400.000000	90.418114	74.9804
406.000000	90.398842	75.0120
412.000000	90.391693	75.1195
418.000000	90.412445	75.2918
425.000000	90.462151	75.2021
431.000000	90.494171	74.9574
437.000000	90.506966	74.6545
444.000000	90.503593	74.3470
450.000000	90.494690	74.1820
455.000000	90.486053	74.0675
462.000000	90.472992	73.9258
468.000000	90.464165	73.8562
475.000000	90.450661	73.8301
482.000000	90.452866	73.8116
487.000000	90.449539	73.7963
494.000000	90.462845	73.7433
500.000000	90.464447	73.7172
508.000000	90.473274	73.6379
515.000000	90.473953	73.6001
522.000000	90.478683	73.5725
530.000000	90.480064	73.5496
538.000000	90.486862	73.5180
545.000000	90.488640	73.5243
552.000000	90.482689	73.5612
560.000000	90.490005	73.5826
570.000000	90.495193	73.6097
580.000000	90.505112	73.6671
590.000000	90.507866	73.7508
600.000000	90.515526	73.8078
608.000000	90.520973	73.8655
615.000000	90.526802	73.8794
622.000000	90.525726	73.8962
630.000000	90.527458	73.8946
640.000000	90.499939	73.9996
650.000000	90.462471	74.1886
660.000000	90.434113	74.3924
670.000000	90.433517	75.0016
680.000000	90.443298	75.4507
690.000000	90.460335	75.8324
700.000000	90.473343	76.2453
710.000000	90.497643	76.5960
720.000000	90.516830	76.9667
730.000000	90.533897	77.3102
740.000000	90.553474	77.7245
750.000000	90.578293	78.0805
762.000000	90.600922	78.5918
775.000000	90.630600	79.0981
788.000000	90.659233	79.6602
800.000000	90.691856	80.2192
812.000000	90.723770	80.7545
825.000000	90.766472	81.3538
838.000000	90.803337	81.9856
850.000000	90.846443	82.5667
862.000000	90.894310	83.1764
875.000000	90.941017	83.8419
885.000000	90.984970	84.3466
900.000000	91.025993	85.0550
912.000000	91.107742	85.7874
925.000000	91.174797	86.4723
938.000000	91.245056	87.1438
950.000000	91.312431	87.7711
962.000000	91.391708	88.4054
975.000000	91.470657	89.0703
988.000000	91.553802	89.7160
1000.000000	91.640846	90.2934
1015.000000	91.744202	91.0141
1030.000000	91.861313	91.7054
1044.000000	91.966934	92.3182
1060.000000	92.092880	92.9776
1075.000000	92.214508	93.5876
1090.000000	92.335876	94.1092
1106.000000	92.463455	94.6771
1120.000000	92.580673	95.1113
1138.000000	92.725578	95.6498
1150.000000	92.820381	95.9545
1172.000000	92.989845	96.4734
1180.000000	93.050636	96.6845
1206.000000	93.243912	97.2060
1220.000000	93.343414	97.4801
1241.000000	93.487396	97.8663
1250.000000	93.548508	98.0117
1265.000000	93.640602	98.2288
1280.000000	93.731453	98.4942
1315.000000	93.928490	99.0227
1320.000000	93.958160	99.0978
1340.000000	94.058586	99.4031
1360.000000	94.158333	99.6913
1380.000000	94.254349	100.0266
1400.000000	94.337677	100.3636
1430.000000	94.464401	100.9004
1450.000000	94.543320	101.2763
1475.000000	94.639969	101.7907
1500.000000	94.736801	102.3338
1525.000000	94.830063	102.8676
1550.000000	94.923332	103.4325
1575.000000	95.014053	104.0409
1600.000000	95.103821	104.6590
1625.000000	95.200142	105.2950
1650.000000	95.291809	105.9466
1675.000000	95.384956	106.6275
1700.000000	95.485870	107.2929
1725.000000	95.582520	107.9810
1750.000000	95.684792	108.6755
1775.000000	95.786179	109.3572
1800.000000	95.891945	110.0569
1825.000000	96.000992	110.7372
1850.000000	96.110916	111.4238
1875.000000	96.221184	112.1078
1900.000000	96.334190	112.7584
1925.000000	96.452988	113.4214
1950.000000	96.571747	114.0679
1975.000000	96.693954	114.6954
2000.000000	96.815872	115.3287
2030.000000	96.968506	115.9989
2060.000000	97.125549	116.6821
2090.000000	97.275902	117.3112
2120.000000	97.434174	117.9030
2140.000000	97.539993	118.2787
2180.000000	97.752090	118.9539
2200.000000	97.857109	119.2619
2240.000000	98.071075	119.8338
2270.000000	98.227608	120.1790
2300.000000	98.384933	120.4992
2330.000000	98.536903	120.7509
2360.000000	98.686310	120.9574
2400.000000	98.881958	121.1499
2430.000000	99.023911	121.2146
2470.000000	99.200134	121.2314
2500.000000	99.325684	121.2064
2540.000000	99.476746	121.1045
2580.000000	99.612785	120.9085
2620.000000	99.733276	120.6887
2650.000000	99.810364	120.4894
2690.000000	99.902641	120.2255
2720.000000	99.958015	120.0071
2760.000000	100.015411	119.7059
2800.000000	100.052887	119.3968
2850.000000	100.076683	119.0587
2900.000000	100.069000	118.7865
2950.000000	100.041679	118.5959
3000.000000	99.993546	118.5172
3040.000000	99.944580	118.5565
3070.000000	99.900787	118.6397
3110.000000	99.839470	118.8540
3150.000000	99.779068	119.1069
3200.000000	99.699768	119.5248
3250.000000	99.606827	120.0376
3300.000000	99.516266	120.7015
3350.000000	99.424713	121.5457
3400.000000	99.342461	122.5551
3450.000000	99.295921	123.6945
3500.000000	99.272415	124.8049
3550.000000	99.260902	125.8543
3600.000000	99.260307	126.8276
3650.000000	99.254875	127.7906
3700.000000	99.247360	128.7406
3750.000000	99.244827	129.7055
3820.000000	99.245033	131.0795
3870.000000	99.253952	132.0675
3950.000000	99.282623	133.6175
4000.000000	99.308273	134.4759
4060.000000	99.328316	135.5339
4120.000000	99.349716	136.5611
4180.000000	99.364182	137.6554
4250.000000	99.398422	138.9936
4310.000000	99.452003	140.1024
4370.000000	99.522667	141.1069
4440.000000	99.611465	142.0791
4500.000000	99.684280	142.7617
4550.000000	99.741592	143.2148
4620.000000	99.809959	143.7143
4680.000000	99.855240	144.0381
4750.000000	99.888321	144.2688
4820.000000	99.895767	144.4307
4870.000000	99.883720	144.4777
4940.000000	99.836182	144.5084
5000.000000	99.771278	144.5187
5080.000000	99.644089	144.6203
5150.000000	99.499825	144.8212
5220.000000	99.327927	145.1147
5300.000000	99.101883	145.6833
5380.000000	98.857010	146.4983
5450.000000	98.637894	147.4248
5520.000000	98.410873	148.5356
5600.000000	98.156296	150.0259
5700.000000	97.856125	152.1430
5800.000000	97.576866	154.5930
5900.000000	97.326767	157.2295
6000.000000	97.107002	159.9537
6080.000000	96.964310	162.2153
6150.000000	96.852898	164.2525
6220.000000	96.756073	166.2424
6300.000000	96.665741	168.5086
6400.000000	96.575981	171.2689
6500.000000	96.508087	173.8946
6600.000000	96.459259	176.4099
6700.000000	96.427895	178.7158
6800.000000	96.389320	-179.1039
6900.000000	96.346924	-176.9897
7000.000000	96.306206	-174.8686
7100.000000	96.275742	-172.7720
7200.000000	96.265244	-170.6484
7300.000000	96.304474	-168.4873
7400.000000	96.404457	-166.6169
7500.000000	96.547424	-165.2233
7620.000000	96.745155	-164.1720
7750.000000	96.959694	-164.1187
7880.000000	97.090759	-165.0964
8000.000000	97.088547	-166.6832
8120.000000	96.945503	-168.5703
8250.000000	96.647644	-170.4004
8380.000000	96.242805	-171.7786
8500.000000	95.814636	-172.6758
8620.000000	95.338623	-173.1810
8750.000000	94.799904	-173.0987
8850.000000	94.379013	-172.6772
9000.000000	93.780464	-171.4443
9120.000000	93.348518	-170.0298
9250.000000	92.920486	-168.3351
9380.000000	92.502487	-166.3584
9500.000000	92.144653	-164.7125
9620.000000	91.782173	-162.7541
9750.000000	91.397888	-160.3167
9880.000000	90.997559	-157.5215
10000.000000	90.674088	-154.2752
10150.000000	90.289871	-149.7850
10300.000000	90.024117	-144.6238
10440.000000	89.880806	-139.5290
10600.000000	89.840523	-133.4059
10750.000000	89.916122	-127.2011
10900.000000	90.247086	-120.4630
11060.000000	90.962547	-114.4839
11200.000000	91.753166	-111.0656
11380.000000	92.871841	-109.5933
11500.000000	93.563667	-110.3875
11720.000000	94.509239	-115.5236
11800.000000	94.677597	-118.3091
12060.000000	94.410011	-127.2098
12200.000000	93.892578	-130.6622
12410.000000	92.954361	-133.1184
12500.000000	92.566559	-133.2741
12650.000000	91.996483	-132.8149
12800.000000	91.538544	-131.7168
13150.000000	91.038742	-128.4047
13200.000000	91.044289	-127.9550
13400.000000	91.264679	-126.9105
13600.000000	91.840393	-127.8211
13800.000000	92.549294	-131.8460
14000.000000	93.170807	-138.8405
14300.000000	93.726120	-151.8942
14500.000000	93.950150	-161.7181
14750.000000	94.037926	-174.8552
15000.000000	94.048904	172.1845
15250.000000	93.752411	158.5699
15500.000000	93.596313	144.8345
15750.000000	93.422829	129.1962
16000.000000	92.901398	110.6627
16250.000000	91.554565	91.4846
16500.000000	89.380585	77.1434
16750.000000	87.877228	72.2243
17000.000000	88.093147	64.4696
17250.000000	88.639603	46.5219
17500.000000	88.800171	21.6893
17750.000000	88.372208	-8.8185
18000.000000	87.313522	-42.8393
18250.000000	85.771027	-79.8792
18500.000000	83.991409	-120.2626
18750.000000	82.304840	-165.7365
19000.000000	80.561562	140.1454
19250.000000	78.845551	74.9923
19500.000000	77.088661	-2.2690
19750.000000	75.113106	-92.1320
