* Measurement data measured by REW V5.31.3
* Source: USB-C to 3.5mm Headphone Jack Adapter, USB-C to 3.5mm Headphone Jack Adapter, 0, volume: 0.138
* Format: 256k Log Swept Sine, 1 sweep at -12.0 dBFS with no timing reference
* Dated: Oct 30, 2024 7:52:30 PM
* REW Settings:
*  C-weighting compensation: Off
*  Target level: 75.0 dB
* Note: 
* Measurement: L
* Smoothing: None
* Frequency Step: 1/48 octave
* Start Frequency: 20.000 Hz
*
* Freq(Hz)	SPL(dB)	Phase(degrees)
20.000000	103.890	-147.8735
20.299999	103.915	-148.5952
20.600000	103.940	-149.3113
20.900000	103.966	-150.0316
21.200001	103.990	-150.7577
21.400000	104.004	-151.2414
21.799999	104.026	-152.1896
22.000000	104.035	-152.6465
22.400000	104.051	-153.5174
22.700001	104.063	-154.1354
23.000000	104.077	-154.7342
23.299999	104.093	-155.3263
23.600000	104.109	-155.9212
24.000000	104.129	-156.7218
24.299999	104.141	-157.3199
24.700001	104.152	-158.0976
25.000000	104.158	-158.6587
25.400000	104.166	-159.3778
25.799999	104.174	-160.0760
26.200001	104.181	-160.7655
26.500000	104.185	-161.2791
26.900000	104.189	-161.9549
27.200001	104.190	-162.4518
27.600000	104.189	-163.0986
28.000000	104.187	-163.7285
28.500000	104.184	-164.4933
29.000000	104.179	-165.2312
29.500000	104.175	-165.9454
30.000000	104.173	-166.6509
30.400000	104.172	-167.2182
30.700001	104.170	-167.6456
31.100000	104.167	-168.2126
31.500000	104.162	-168.7694
32.000000	104.155	-169.4472
32.500000	104.148	-170.1080
33.000000	104.139	-170.7546
33.500000	104.130	-171.3852
34.000000	104.121	-171.9997
34.500000	104.110	-172.6010
35.000000	104.097	-173.1862
35.500000	104.084	-173.7481
36.000000	104.070	-174.2884
36.500000	104.058	-174.8216
37.000000	104.045	-175.3586
37.500000	104.029	-175.8913
38.200001	104.003	-176.6010
38.700001	103.986	-177.0862
39.500000	103.959	-177.8675
40.000000	103.939	-178.3533
40.599998	103.914	-178.9060
41.200001	103.892	-179.4347
41.799999	103.873	-179.9770
42.500000	103.846	179.3656
43.099998	103.816	178.8250
43.700001	103.785	178.3323
44.400002	103.753	177.7984
45.000000	103.729	177.3488
45.500000	103.711	176.9653
46.200001	103.684	176.4085
46.799999	103.655	175.9411
47.500000	103.622	175.4508
48.200001	103.597	174.9667
48.700001	103.578	174.5806
49.400002	103.539	174.0493
50.000000	103.502	173.6855
50.799999	103.471	173.2215
51.500000	103.439	172.7049
52.200001	103.385	172.2544
53.000000	103.336	171.9490
53.799999	103.320	171.5307
54.500000	103.290	171.0075
55.200001	103.241	170.5785
56.000000	103.201	170.1977
57.000000	103.161	169.5703
58.000000	103.098	169.0073
59.000000	103.052	168.5547
60.000000	103.006	168.0359
60.799999	102.962	167.6585
61.500000	102.923	167.3554
62.200001	102.886	167.0718
63.000000	102.847	166.7533
64.000000	102.797	166.2886
65.000000	102.736	165.8619
66.000000	102.685	165.4583
67.000000	102.629	165.0193
68.000000	102.574	164.6472
69.000000	102.524	164.2699
70.000000	102.472	163.9159
71.000000	102.421	163.5565
72.000000	102.365	163.2187
73.000000	102.311	162.9126
74.000000	102.259	162.5896
75.000000	102.206	162.2672
76.199997	102.142	161.9061
77.500000	102.078	161.5168
78.800003	102.010	161.1331
80.000000	101.949	160.8311
81.199997	101.889	160.5061
82.500000	101.818	160.1783
83.800003	101.753	159.8652
85.000000	101.690	159.5767
86.199997	101.629	159.3081
87.500000	101.565	159.0352
88.500000	101.515	158.8252
90.000000	101.442	158.5377
91.199997	101.380	158.3197
92.500000	101.319	158.0579
93.800003	101.250	157.8430
95.000000	101.193	157.6268
96.199997	101.137	157.4538
97.500000	101.067	157.2045
98.800003	101.017	157.0736
100.000000	100.942	156.7734
101.500000	100.890	156.7451
103.000000	100.792	156.4276
104.400002	100.758	156.2949
106.000000	100.644	156.2049
107.500000	100.612	155.8718
109.000000	100.515	155.9855
110.599998	100.456	155.4487
112.000000	100.365	155.7759
113.800003	100.312	155.4140
115.000000	100.271	155.5679
117.199997	100.141	155.2415
118.000000	100.135	155.4286
120.599998	100.010	155.2255
122.000000	100.007	154.9420
124.099998	99.882	155.1757
125.000000	99.922	155.0438
126.500000	99.809	154.2489
128.000000	99.711	154.9099
131.500000	99.567	154.4828
132.000000	99.565	154.6472
134.000000	99.534	154.1768
136.000000	99.402	154.5287
138.000000	99.404	154.3501
140.000000	99.261	154.1558
143.000000	99.203	154.2389
145.000000	99.067	154.0198
147.500000	99.022	154.5053
150.000000	98.899	154.1678
152.500000	98.813	154.8925
155.000000	98.800	154.5781
157.500000	98.666	154.6552
160.000000	98.631	155.0634
162.500000	98.592	154.8845
165.000000	98.507	154.8557
167.500000	98.451	155.0388
170.000000	98.400	155.0285
172.500000	98.329	154.9424
175.000000	98.257	154.8824
177.500000	98.185	154.8757
180.000000	98.111	154.8643
182.500000	98.044	154.9288
185.000000	97.975	155.0074
187.500000	97.903	155.1130
190.000000	97.835	155.2122
192.500000	97.769	155.2775
195.000000	97.706	155.3688
197.500000	97.639	155.4894
200.000000	97.575	155.5753
203.000000	97.505	155.6984
206.000000	97.434	155.8472
209.000000	97.362	156.0079
212.000000	97.293	156.1758
214.000000	97.247	156.3065
218.000000	97.153	156.5169
220.000000	97.112	156.6067
224.000000	97.027	156.8849
227.000000	96.961	157.0847
230.000000	96.897	157.2484
233.000000	96.840	157.4703
236.000000	96.779	157.6586
240.000000	96.715	157.8917
243.000000	96.653	158.1214
247.000000	96.576	158.4204
250.000000	96.525	158.6099
254.000000	96.456	158.8848
258.000000	96.390	159.1543
262.000000	96.322	159.4326
265.000000	96.270	159.6342
269.000000	96.209	159.9040
272.000000	96.160	160.1299
276.000000	96.098	160.4221
280.000000	96.040	160.7157
285.000000	95.965	161.0906
290.000000	95.896	161.4567
295.000000	95.826	161.8414
300.000000	95.762	162.1830
304.000000	95.710	162.5031
307.000000	95.670	162.7343
311.000000	95.620	163.0395
315.000000	95.573	163.3380
320.000000	95.511	163.7206
325.000000	95.454	164.0890
330.000000	95.398	164.4771
335.000000	95.344	164.8578
340.000000	95.288	165.2339
345.000000	95.238	165.6152
350.000000	95.187	165.9954
355.000000	95.139	166.3828
360.000000	95.086	166.7691
365.000000	95.041	167.1338
370.000000	94.997	167.5385
375.000000	94.953	167.9052
382.000000	94.891	168.4708
387.000000	94.846	168.8459
395.000000	94.784	169.4568
400.000000	94.746	169.8328
406.000000	94.699	170.2854
412.000000	94.654	170.7520
418.000000	94.613	171.2189
425.000000	94.563	171.7615
431.000000	94.522	172.2055
437.000000	94.484	172.6528
444.000000	94.441	173.1971
450.000000	94.407	173.6649
455.000000	94.377	174.0439
462.000000	94.334	174.5601
468.000000	94.303	175.0294
475.000000	94.264	175.5450
482.000000	94.231	176.0734
487.000000	94.204	176.4590
494.000000	94.170	176.9872
500.000000	94.142	177.4398
508.000000	94.108	178.0581
515.000000	94.078	178.5654
522.000000	94.051	179.0897
530.000000	94.016	179.6921
538.000000	93.987	-179.7083
545.000000	93.961	-179.2001
552.000000	93.939	-178.6757
560.000000	93.912	-178.0616
570.000000	93.879	-177.3344
580.000000	93.850	-176.5907
590.000000	93.822	-175.8266
600.000000	93.790	-175.1102
608.000000	93.779	-174.4882
615.000000	93.762	-173.9950
622.000000	93.746	-173.4370
630.000000	93.732	-172.8518
640.000000	93.715	-172.1169
650.000000	93.696	-171.3707
660.000000	93.679	-170.5691
670.000000	93.669	-169.8664
680.000000	93.659	-169.1228
690.000000	93.647	-168.3849
700.000000	93.643	-167.5930
710.000000	93.640	-166.8670
720.000000	93.635	-166.0888
730.000000	93.631	-165.3555
740.000000	93.632	-164.6065
750.000000	93.637	-163.8396
762.000000	93.643	-162.9282
775.000000	93.655	-161.9320
788.000000	93.668	-160.9292
800.000000	93.680	-160.0275
812.000000	93.702	-159.1092
825.000000	93.726	-158.1317
838.000000	93.757	-157.1430
850.000000	93.786	-156.2079
862.000000	93.821	-155.3278
875.000000	93.865	-154.3229
885.000000	93.900	-153.6071
900.000000	93.953	-152.4641
912.000000	94.010	-151.6113
925.000000	94.071	-150.6743
938.000000	94.138	-149.7497
950.000000	94.202	-148.9144
962.000000	94.269	-148.0916
975.000000	94.350	-147.2382
988.000000	94.431	-146.3946
1000.000000	94.508	-145.6413
1015.000000	94.613	-144.7304
1030.000000	94.722	-143.8892
1044.000000	94.823	-143.1041
1060.000000	94.945	-142.2908
1075.000000	95.062	-141.5571
1090.000000	95.179	-140.8712
1106.000000	95.308	-140.1798
1120.000000	95.418	-139.6290
1138.000000	95.559	-138.9820
1150.000000	95.657	-138.5876
1172.000000	95.825	-137.9233
1180.000000	95.884	-137.6734
1206.000000	96.078	-136.9994
1220.000000	96.178	-136.6715
1241.000000	96.323	-136.2197
1250.000000	96.384	-136.0367
1265.000000	96.483	-135.7538
1280.000000	96.581	-135.4661
1315.000000	96.790	-134.8635
1320.000000	96.816	-134.7886
1340.000000	96.932	-134.4396
1360.000000	97.042	-134.1080
1380.000000	97.153	-133.7649
1400.000000	97.260	-133.4287
1430.000000	97.423	-132.9765
1450.000000	97.529	-132.6636
1475.000000	97.659	-132.3213
1500.000000	97.789	-132.0039
1525.000000	97.912	-131.6652
1550.000000	98.032	-131.3645
1575.000000	98.153	-131.0416
1600.000000	98.269	-130.7339
1625.000000	98.384	-130.4249
1650.000000	98.501	-130.1133
1675.000000	98.614	-129.8089
1700.000000	98.727	-129.4886
1725.000000	98.843	-129.1531
1750.000000	98.961	-128.8114
1775.000000	99.088	-128.4388
1800.000000	99.224	-128.0930
1825.000000	99.373	-127.8475
1850.000000	99.524	-127.6900
1875.000000	99.665	-127.6324
1900.000000	99.798	-127.6125
1925.000000	99.924	-127.6123
1950.000000	100.046	-127.6261
1975.000000	100.167	-127.6346
2000.000000	100.285	-127.6567
2030.000000	100.424	-127.7313
2060.000000	100.562	-127.8483
2090.000000	100.693	-127.9750
2120.000000	100.819	-128.1629
2140.000000	100.899	-128.2930
2180.000000	101.053	-128.5989
2200.000000	101.126	-128.7722
2240.000000	101.261	-129.1464
2270.000000	101.350	-129.4514
2300.000000	101.430	-129.7511
2330.000000	101.499	-130.0749
2360.000000	101.555	-130.3584
2400.000000	101.611	-130.6868
2430.000000	101.637	-130.8359
2470.000000	101.652	-130.8560
2500.000000	101.661	-130.6407
2540.000000	101.693	-129.9599
2580.000000	101.806	-128.9233
2620.000000	102.035	-128.0186
2650.000000	102.265	-127.8080
2690.000000	102.563	-128.2863
2720.000000	102.737	-129.0050
2760.000000	102.900	-130.1156
2800.000000	103.000	-131.1621
2850.000000	103.074	-132.2424
2900.000000	103.127	-133.0741
2950.000000	103.175	-133.7611
3000.000000	103.220	-134.3821
3040.000000	103.245	-134.8416
3070.000000	103.261	-135.1505
3110.000000	103.278	-135.5374
3150.000000	103.290	-135.8526
3200.000000	103.302	-136.1752
3250.000000	103.311	-136.4133
3300.000000	103.320	-136.5504
3350.000000	103.338	-136.5832
3400.000000	103.368	-136.5348
3450.000000	103.414	-136.5017
3500.000000	103.464	-136.4971
3550.000000	103.512	-136.4676
3600.000000	103.568	-136.3515
3650.000000	103.641	-136.2106
3700.000000	103.740	-136.0749
3750.000000	103.858	-136.0592
3820.000000	104.039	-136.2784
3870.000000	104.167	-136.6026
3950.000000	104.358	-137.3506
4000.000000	104.467	-137.9216
4060.000000	104.582	-138.6516
4120.000000	104.690	-139.4263
4180.000000	104.793	-140.2356
4250.000000	104.910	-141.2611
4310.000000	105.005	-142.2264
4370.000000	105.093	-143.2947
4440.000000	105.183	-144.6309
4500.000000	105.249	-145.8822
4550.000000	105.294	-146.9830
4620.000000	105.339	-148.6083
4680.000000	105.358	-150.0770
4750.000000	105.356	-151.8919
4820.000000	105.323	-153.7613
4870.000000	105.279	-155.1167
4940.000000	105.185	-157.0181
5000.000000	105.077	-158.6173
5080.000000	104.893	-160.6416
5150.000000	104.698	-162.2946
5220.000000	104.478	-163.7721
5300.000000	104.202	-165.2856
5380.000000	103.903	-166.5676
5450.000000	103.626	-167.4839
5520.000000	103.340	-168.1948
5600.000000	103.011	-168.7661
5700.000000	102.601	-169.1085
5800.000000	102.211	-169.0872
5900.000000	101.838	-168.7570
6000.000000	101.500	-168.1644
6080.000000	101.252	-167.5164
6150.000000	101.049	-166.8523
6220.000000	100.870	-166.0794
6300.000000	100.686	-165.1034
6400.000000	100.497	-163.7720
6500.000000	100.358	-162.3154
6600.000000	100.276	-160.8161
6700.000000	100.248	-159.3116
6800.000000	100.277	-157.9045
6900.000000	100.364	-156.5933
7000.000000	100.506	-155.4261
7100.000000	100.710	-154.4579
7200.000000	100.985	-153.7673
7300.000000	101.327	-153.4691
7400.000000	101.737	-153.6860
7500.000000	102.213	-154.6117
7620.000000	102.852	-156.9154
7750.000000	103.563	-161.4185
7880.000000	104.153	-168.3608
8000.000000	104.417	-176.6875
8120.000000	104.283	174.0676
8250.000000	103.677	164.5671
8380.000000	102.739	156.7477
8500.000000	101.710	151.2166
8620.000000	100.608	147.1811
8750.000000	99.396	144.4352
8850.000000	98.487	143.2755
9000.000000	97.211	142.8896
9120.000000	96.282	143.4204
9250.000000	95.363	144.5891
9380.000000	94.552	146.2048
9500.000000	93.884	147.9615
9620.000000	93.285	149.9548
9750.000000	92.719	152.2248
9880.000000	92.218	154.5980
10000.000000	91.830	156.8074
10150.000000	91.415	159.6646
10300.000000	91.077	162.4622
10440.000000	90.848	165.1229
10600.000000	90.678	167.9509
10750.000000	90.591	170.4877
10900.000000	90.595	172.9036
11060.000000	90.688	175.2740
11200.000000	90.853	177.1976
11380.000000	91.191	179.2594
11500.000000	91.491	-179.5560
11720.000000	92.217	-178.1775
11800.000000	92.548	-177.9357
12060.000000	93.886	-178.4211
12200.000000	94.795	-179.8352
12410.000000	96.458	175.9395
12500.000000	97.286	172.9455
12650.000000	98.784	165.6701
12800.000000	100.345	154.4975
13150.000000	102.043	111.2198
13200.000000	101.852	104.5556
13400.000000	100.356	82.3936
13600.000000	98.560	67.5327
13800.000000	97.025	57.2274
14000.000000	95.840	49.0434
14300.000000	94.711	38.3741
14500.000000	94.373	31.0817
14750.000000	94.346	20.7112
15000.000000	94.725	8.6141
15250.000000	95.613	-6.6095
15500.000000	97.050	-27.3148
15750.000000	98.579	-59.1921
16000.000000	98.354	-102.0297
16250.000000	95.950	-139.9962
16500.000000	93.247	-168.9133
16750.000000	90.941	165.9951
17000.000000	89.071	141.5656
17250.000000	87.562	115.7149
17500.000000	86.326	87.1548
17750.000000	85.223	54.8367
18000.000000	84.126	17.5729
18250.000000	82.764	-24.9862
18500.000000	80.762	-72.6404
18750.000000	78.547	-124.6929
19000.000000	75.628	178.9106
19250.000000	72.006	118.0288
19500.000000	67.447	53.9733
19750.000000	62.842	-0.0034
