* Measurement data measured by REW V5.31.3
* Source: USB-C to 3.5mm Headphone Jack Adapter, USB-C to 3.5mm Headphone Jack Adapter, 0, volume: 0.138
* Format: 256k Log Swept Sine, 1 sweep at -12.0 dBFS with no timing reference
* Dated: Oct 30, 2024 8:04:28 PM
* REW Settings:
*  C-weighting compensation: Off
*  Target level: 75.0 dB
* Note: 
* Measurement: L
* Smoothing: None
* Frequency Step: 1/48 octave
* Start Frequency: 20.000 Hz
*
* Freq(Hz)	SPL(dB)	Phase(degrees)
20.000000	100.509	-127.2477
20.299999	100.572	-127.9836
20.600000	100.630	-128.7000
20.900000	100.685	-129.3896
21.200001	100.739	-130.0541
21.400000	100.775	-130.4865
21.799999	100.846	-131.3344
22.000000	100.880	-131.7515
22.400000	100.948	-132.5696
22.700001	100.998	-133.1664
23.000000	101.048	-133.7498
23.299999	101.099	-134.3261
23.600000	101.149	-134.9037
24.000000	101.215	-135.6864
24.299999	101.261	-136.2791
24.700001	101.315	-137.0563
25.000000	101.351	-137.6120
25.400000	101.397	-138.3054
25.799999	101.445	-138.9580
26.200001	101.497	-139.6020
26.500000	101.536	-140.0942
26.900000	101.585	-140.7611
27.200001	101.618	-141.2582
27.600000	101.659	-141.9002
28.000000	101.699	-142.5172
28.500000	101.751	-143.2802
29.000000	101.799	-144.0586
29.500000	101.839	-144.8279
30.000000	101.873	-145.5422
30.400000	101.903	-146.0755
30.700001	101.927	-146.4714
31.100000	101.961	-147.0152
31.500000	101.993	-147.5783
32.000000	102.025	-148.2713
32.500000	102.053	-148.9113
33.000000	102.086	-149.5168
33.500000	102.124	-150.1430
34.000000	102.157	-150.8034
34.500000	102.182	-151.4529
35.000000	102.203	-152.0515
35.500000	102.227	-152.6144
36.000000	102.254	-153.1830
36.500000	102.278	-153.7642
37.000000	102.297	-154.3286
37.500000	102.315	-154.8590
38.200001	102.345	-155.5843
38.700001	102.366	-156.1198
39.500000	102.390	-156.9759
40.000000	102.401	-157.4794
40.599998	102.415	-158.0524
41.200001	102.431	-158.6105
41.799999	102.448	-159.1640
42.500000	102.468	-159.8126
43.099998	102.484	-160.3799
43.700001	102.495	-160.9466
44.400002	102.504	-161.5681
45.000000	102.514	-162.0660
45.500000	102.525	-162.4848
46.200001	102.538	-163.0919
46.799999	102.545	-163.5959
47.500000	102.554	-164.1487
48.200001	102.565	-164.7182
48.700001	102.570	-165.1386
49.400002	102.572	-165.7084
50.000000	102.571	-166.1885
50.799999	102.559	-166.7895
51.500000	102.549	-167.1558
52.200001	102.573	-167.4882
53.000000	102.614	-168.2022
53.799999	102.596	-169.0533
54.500000	102.557	-169.4922
55.200001	102.550	-169.7743
56.000000	102.562	-170.2343
57.000000	102.566	-170.8488
58.000000	102.581	-171.5202
59.000000	102.565	-172.2781
60.000000	102.541	-172.8135
60.799999	102.537	-173.2302
61.500000	102.532	-173.6301
62.200001	102.525	-174.0151
63.000000	102.518	-174.4596
64.000000	102.504	-175.0228
65.000000	102.491	-175.5305
66.000000	102.481	-176.0638
67.000000	102.465	-176.5886
68.000000	102.449	-177.0880
69.000000	102.432	-177.5698
70.000000	102.419	-178.0403
71.000000	102.400	-178.5330
72.000000	102.380	-178.9807
73.000000	102.363	-179.4389
74.000000	102.341	-179.8834
75.000000	102.321	179.6790
76.199997	102.292	179.1649
77.500000	102.266	178.6416
78.800003	102.237	178.1026
80.000000	102.210	177.6335
81.199997	102.183	177.1716
82.500000	102.153	176.6826
83.800003	102.123	176.2034
85.000000	102.093	175.7771
86.199997	102.064	175.3677
87.500000	102.034	174.9217
88.500000	102.009	174.5768
90.000000	101.969	174.0844
91.199997	101.938	173.7057
92.500000	101.904	173.3030
93.800003	101.869	172.9103
95.000000	101.836	172.5540
96.199997	101.805	172.2136
97.500000	101.770	171.8333
98.800003	101.734	171.4728
100.000000	101.701	171.1519
101.500000	101.659	170.7500
103.000000	101.615	170.3766
104.400002	101.575	170.0227
106.000000	101.528	169.6461
107.500000	101.485	169.2855
109.000000	101.442	168.9410
110.599998	101.393	168.5764
112.000000	101.353	168.2730
113.800003	101.298	167.8875
115.000000	101.261	167.6475
117.199997	101.193	167.2218
118.000000	101.167	167.0695
120.599998	101.089	166.6018
122.000000	101.039	166.3677
124.099998	100.971	166.0446
125.000000	100.943	165.9035
126.500000	100.894	165.6841
128.000000	100.847	165.4576
131.500000	100.727	165.0061
132.000000	100.709	164.9546
134.000000	100.633	164.7867
136.000000	100.560	164.7577
138.000000	100.503	164.8632
140.000000	100.496	164.9957
143.000000	100.516	164.6207
145.000000	100.495	164.1609
147.500000	100.440	163.6313
150.000000	100.372	163.1966
152.500000	100.301	162.8311
155.000000	100.229	162.5157
157.500000	100.157	162.2291
160.000000	100.086	161.9787
162.500000	100.017	161.7430
165.000000	99.944	161.5257
167.500000	99.878	161.3030
170.000000	99.809	161.1193
172.500000	99.742	160.9407
175.000000	99.676	160.7810
177.500000	99.608	160.6265
180.000000	99.542	160.4821
182.500000	99.478	160.3558
185.000000	99.412	160.2226
187.500000	99.347	160.1200
190.000000	99.284	160.0106
192.500000	99.223	159.9412
195.000000	99.160	159.8450
197.500000	99.098	159.7688
200.000000	99.037	159.6823
203.000000	98.965	159.6152
206.000000	98.892	159.5450
209.000000	98.817	159.4996
212.000000	98.748	159.4456
214.000000	98.702	159.4035
218.000000	98.608	159.3841
220.000000	98.562	159.3626
224.000000	98.471	159.3370
227.000000	98.404	159.3433
230.000000	98.338	159.3448
233.000000	98.272	159.3567
236.000000	98.204	159.3596
240.000000	98.129	159.4064
243.000000	98.058	159.4330
247.000000	97.972	159.4968
250.000000	97.910	159.5570
254.000000	97.827	159.6338
258.000000	97.749	159.7232
262.000000	97.670	159.8316
265.000000	97.612	159.9018
269.000000	97.537	160.0316
272.000000	97.481	160.1308
276.000000	97.409	160.2539
280.000000	97.340	160.4031
285.000000	97.255	160.5690
290.000000	97.170	160.7512
295.000000	97.088	160.9146
300.000000	97.004	161.1165
304.000000	96.939	161.2526
307.000000	96.890	161.3596
311.000000	96.827	161.5089
315.000000	96.761	161.6863
320.000000	96.683	161.8923
325.000000	96.607	162.1200
330.000000	96.526	162.3770
335.000000	96.455	162.6079
340.000000	96.380	162.8617
345.000000	96.307	163.1245
350.000000	96.237	163.3904
355.000000	96.167	163.6677
360.000000	96.100	163.9607
365.000000	96.032	164.2399
370.000000	95.967	164.5359
375.000000	95.902	164.8435
382.000000	95.813	165.2509
387.000000	95.752	165.5876
395.000000	95.658	166.0825
400.000000	95.598	166.3999
406.000000	95.530	166.7946
412.000000	95.464	167.1788
418.000000	95.398	167.5982
425.000000	95.327	168.0713
431.000000	95.260	168.4877
437.000000	95.204	168.9062
444.000000	95.134	169.4149
450.000000	95.075	169.8365
455.000000	95.033	170.1792
462.000000	94.968	170.7032
468.000000	94.914	171.1456
475.000000	94.856	171.6546
482.000000	94.797	172.1691
487.000000	94.756	172.5550
494.000000	94.702	173.0903
500.000000	94.657	173.5356
508.000000	94.600	174.1494
515.000000	94.550	174.7017
522.000000	94.503	175.2424
530.000000	94.449	175.8715
538.000000	94.399	176.4859
545.000000	94.356	177.0481
552.000000	94.316	177.6005
560.000000	94.272	178.2421
570.000000	94.219	179.0572
580.000000	94.172	179.8573
590.000000	94.124	-179.3315
600.000000	94.083	-178.5161
608.000000	94.049	-177.8724
615.000000	94.024	-177.2893
622.000000	93.997	-176.6993
630.000000	93.972	-176.0587
640.000000	93.944	-175.2426
650.000000	93.916	-174.4121
660.000000	93.894	-173.5484
670.000000	93.873	-172.7574
680.000000	93.856	-171.9091
690.000000	93.836	-171.1055
700.000000	93.827	-170.2670
710.000000	93.816	-169.4360
720.000000	93.812	-168.5936
730.000000	93.812	-167.8066
740.000000	93.810	-166.9636
750.000000	93.812	-166.1557
762.000000	93.819	-165.1694
775.000000	93.833	-164.1181
788.000000	93.849	-163.0775
800.000000	93.875	-162.1468
812.000000	93.898	-161.2159
825.000000	93.929	-160.1859
838.000000	93.969	-159.1972
850.000000	94.006	-158.3144
862.000000	94.047	-157.4369
875.000000	94.094	-156.4919
885.000000	94.133	-155.7966
900.000000	94.196	-154.7551
912.000000	94.250	-154.0275
925.000000	94.309	-153.1847
938.000000	94.367	-152.4216
950.000000	94.421	-151.7012
962.000000	94.475	-151.0088
975.000000	94.530	-150.2776
988.000000	94.587	-149.5175
1000.000000	94.637	-148.8528
1015.000000	94.704	-147.9774
1030.000000	94.773	-147.1042
1044.000000	94.843	-146.3003
1060.000000	94.926	-145.3941
1075.000000	95.006	-144.5862
1090.000000	95.087	-143.7557
1106.000000	95.180	-142.8968
1120.000000	95.259	-142.1440
1138.000000	95.368	-141.1856
1150.000000	95.447	-140.5876
1172.000000	95.595	-139.5044
1180.000000	95.652	-139.1160
1206.000000	95.837	-137.9569
1220.000000	95.939	-137.3846
1241.000000	96.088	-136.5682
1250.000000	96.153	-136.2124
1265.000000	96.257	-135.6780
1280.000000	96.361	-135.1392
1315.000000	96.593	-133.8704
1320.000000	96.630	-133.7084
1340.000000	96.763	-132.9743
1360.000000	96.894	-132.2020
1380.000000	97.034	-131.3193
1400.000000	97.205	-130.3448
1430.000000	97.551	-129.1418
1450.000000	97.802	-128.8361
1475.000000	98.062	-128.8797
1500.000000	98.264	-128.9540
1525.000000	98.427	-128.9200
1550.000000	98.572	-128.7561
1575.000000	98.714	-128.4518
1600.000000	98.855	-128.0260
1625.000000	99.004	-127.4282
1650.000000	99.186	-126.6204
1675.000000	99.432	-125.7844
1700.000000	99.744	-125.2135
1725.000000	100.080	-125.2419
1750.000000	100.381	-125.7178
1775.000000	100.627	-126.4052
1800.000000	100.836	-127.1153
1825.000000	101.019	-127.7874
1850.000000	101.183	-128.4146
1875.000000	101.338	-129.0193
1900.000000	101.481	-129.6147
1925.000000	101.615	-130.1587
1950.000000	101.739	-130.6567
1975.000000	101.860	-131.0786
2000.000000	101.987	-131.4019
2030.000000	102.163	-131.7221
2060.000000	102.378	-132.1586
2090.000000	102.607	-132.9336
2120.000000	102.808	-133.9825
2140.000000	102.925	-134.7303
2180.000000	103.130	-136.1858
2200.000000	103.233	-136.8953
2240.000000	103.448	-138.4393
2270.000000	103.616	-139.8564
2300.000000	103.763	-141.6041
2330.000000	103.852	-143.6334
2360.000000	103.873	-145.7008
2400.000000	103.806	-148.2148
2430.000000	103.712	-149.8368
2470.000000	103.549	-151.6020
2500.000000	103.413	-152.6200
2540.000000	103.230	-153.5996
2580.000000	103.076	-154.2218
2620.000000	102.960	-154.6862
2650.000000	102.891	-155.0748
2690.000000	102.797	-155.6941
2720.000000	102.715	-156.1484
2760.000000	102.591	-156.6610
2800.000000	102.461	-157.0306
2850.000000	102.296	-157.2660
2900.000000	102.147	-157.2638
2950.000000	102.016	-157.1071
3000.000000	101.910	-156.8132
3040.000000	101.846	-156.5515
3070.000000	101.806	-156.3513
3110.000000	101.764	-156.0981
3150.000000	101.728	-155.8520
3200.000000	101.698	-155.5544
3250.000000	101.673	-155.2772
3300.000000	101.661	-155.0130
3350.000000	101.659	-154.7540
3400.000000	101.665	-154.5147
3450.000000	101.686	-154.3080
3500.000000	101.716	-154.1560
3550.000000	101.758	-154.0705
3600.000000	101.807	-154.0704
3650.000000	101.859	-154.1722
3700.000000	101.917	-154.3695
3750.000000	101.971	-154.6713
3820.000000	102.045	-155.2603
3870.000000	102.090	-155.7954
3950.000000	102.144	-156.8348
4000.000000	102.167	-157.5787
4060.000000	102.175	-158.5718
4120.000000	102.165	-159.6410
4180.000000	102.131	-160.8065
4250.000000	102.057	-162.2200
4310.000000	101.963	-163.4473
4370.000000	101.839	-164.6214
4440.000000	101.660	-165.8960
4500.000000	101.484	-166.8665
4550.000000	101.326	-167.5757
4620.000000	101.088	-168.4115
4680.000000	100.880	-168.9652
4750.000000	100.635	-169.5093
4820.000000	100.389	-169.9179
4870.000000	100.214	-170.1558
4940.000000	99.964	-170.4119
5000.000000	99.746	-170.5842
5080.000000	99.451	-170.7216
5150.000000	99.185	-170.7261
5220.000000	98.913	-170.6480
5300.000000	98.592	-170.3907
5380.000000	98.268	-169.9483
5450.000000	97.985	-169.4157
5520.000000	97.705	-168.6941
5600.000000	97.387	-167.6631
5700.000000	97.013	-166.0749
5800.000000	96.674	-164.1497
5900.000000	96.369	-161.9297
6000.000000	96.115	-159.4890
6080.000000	95.956	-157.3671
6150.000000	95.840	-155.4094
6220.000000	95.761	-153.4048
6300.000000	95.707	-151.0480
6400.000000	95.699	-148.0825
6500.000000	95.762	-145.1252
6600.000000	95.896	-142.2076
6700.000000	96.104	-139.3971
6800.000000	96.384	-136.7331
6900.000000	96.750	-134.2801
7000.000000	97.189	-132.0187
7100.000000	97.752	-130.1424
7200.000000	98.396	-128.8912
7300.000000	99.131	-128.2944
7400.000000	99.960	-128.4720
7500.000000	100.884	-129.7663
7620.000000	102.110	-133.2912
7750.000000	103.470	-140.6673
7880.000000	104.537	-152.7571
8000.000000	104.804	-167.0744
8120.000000	104.181	179.1177
8250.000000	102.872	168.0650
8380.000000	101.397	161.3459
8500.000000	100.095	157.7974
8620.000000	98.902	156.0080
8750.000000	97.751	155.5115
8850.000000	96.970	155.8776
9000.000000	95.983	157.2902
9120.000000	95.345	158.8879
9250.000000	94.798	160.8533
9380.000000	94.384	162.9631
9500.000000	94.132	164.8883
9620.000000	93.987	166.6329
9750.000000	93.952	168.2929
9880.000000	94.047	169.4922
10000.000000	94.244	170.0845
10150.000000	94.653	169.9037
10300.000000	95.186	168.1681
10440.000000	95.774	164.8226
10600.000000	96.444	158.2036
10750.000000	96.880	149.0153
10900.000000	96.859	137.6670
11060.000000	96.216	125.3154
11200.000000	95.216	116.0807
11380.000000	93.664	107.3906
11500.000000	92.604	103.4781
11720.000000	90.842	98.9237
11800.000000	90.255	97.8989
12060.000000	88.659	95.8210
12200.000000	87.971	95.2284
12410.000000	87.170	94.4395
12500.000000	86.936	94.0854
12650.000000	86.606	93.6041
12800.000000	86.402	92.7029
13150.000000	86.530	89.0858
13200.000000	86.610	88.2981
13400.000000	87.124	83.9983
13600.000000	87.920	77.7862
13800.000000	88.921	68.2755
14000.000000	89.967	54.3636
14300.000000	90.871	25.6070
14500.000000	90.586	4.1779
14750.000000	89.563	-19.5692
15000.000000	88.732	-40.0365
15250.000000	88.551	-61.0471
15500.000000	89.224	-91.6364
15750.000000	88.471	-142.2590
16000.000000	83.337	170.5754
16250.000000	77.338	142.7034
16500.000000	72.158	123.0106
16750.000000	67.311	104.8289
17000.000000	62.686	88.5330
17250.000000	58.658	70.8941
17500.000000	52.392	49.5789
17750.000000	44.505	15.0715
18000.000000	35.305	-64.1276
18250.000000	40.376	-150.0950
18500.000000	47.316	157.8975
18750.000000	48.405	123.6833
19000.000000	49.827	80.4827
19250.000000	51.071	24.5803
19500.000000	50.993	-42.7375
19750.000000	50.448	-116.6846
