* Measurement data measured by REW V5.31.3
* Source: USB-C to 3.5mm Headphone Jack Adapter, USB-C to 3.5mm Headphone Jack Adapter, 0, volume: 0.138
* Format: 256k Log Swept Sine, 1 sweep at -12.0 dBFS with no timing reference
* Dated: May 20, 2025 2:03:17 PM
* REW Settings:
*  C-weighting compensation: Off
*  Target level: 75.0 dB
* Note: ; 
* Measurement: L
* Smoothing: None
* Frequency Step: 1/48 octave
* Start Frequency: 20.300 Hz
*
* Freq(Hz)	SPL(dB)	Phase(degrees)
20.299999	103.463	-125.1361
20.600000	103.536	-125.8270
20.900000	103.603	-126.4315
21.200001	103.668	-127.0333
21.400000	103.710	-127.4423
21.799999	103.791	-128.2779
22.000000	103.828	-128.6969
22.400000	103.895	-129.5125
22.700001	103.941	-130.0853
23.000000	103.986	-130.6222
23.299999	104.031	-131.1342
23.600000	104.076	-131.6399
24.000000	104.136	-132.3324
24.299999	104.177	-132.8704
24.700001	104.224	-133.5978
25.000000	104.254	-134.1329
25.400000	104.292	-134.8166
25.799999	104.333	-135.4704
26.200001	104.377	-136.1147
26.500000	104.412	-136.6006
26.900000	104.458	-137.2475
27.200001	104.491	-137.7219
27.600000	104.533	-138.3259
28.000000	104.574	-138.8952
28.500000	104.625	-139.5775
29.000000	104.672	-140.2532
29.500000	104.714	-140.9223
30.000000	104.752	-141.5690
30.400000	104.782	-142.0695
30.700001	104.805	-142.4406
31.100000	104.836	-142.9350
31.500000	104.865	-143.4272
32.000000	104.899	-144.0235
32.500000	104.930	-144.5858
33.000000	104.962	-145.1242
33.500000	104.994	-145.6607
34.000000	105.026	-146.2044
34.500000	105.054	-146.7441
35.000000	105.079	-147.2649
35.500000	105.104	-147.7631
36.000000	105.128	-148.2440
36.500000	105.152	-148.7124
37.000000	105.175	-149.1703
37.500000	105.198	-149.6206
38.200001	105.229	-150.2433
38.700001	105.250	-150.6808
39.500000	105.281	-151.3570
40.000000	105.299	-151.7634
40.599998	105.320	-152.2372
41.200001	105.341	-152.6974
41.799999	105.360	-153.1445
42.500000	105.382	-153.6514
43.099998	105.400	-154.0753
43.700001	105.417	-154.4906
44.400002	105.437	-154.9687
45.000000	105.453	-155.3775
45.500000	105.466	-155.7156
46.200001	105.482	-156.1740
46.799999	105.495	-156.5465
47.500000	105.510	-156.9661
48.200001	105.526	-157.3830
48.700001	105.536	-157.6770
49.400002	105.549	-158.0748
50.000000	105.560	-158.4057
50.799999	105.575	-158.8460
51.500000	105.586	-159.2283
52.200001	105.597	-159.5988
53.000000	105.610	-160.0100
53.799999	105.621	-160.4121
54.500000	105.629	-160.7496
55.200001	105.638	-161.0748
56.000000	105.650	-161.4495
57.000000	105.664	-161.9210
58.000000	105.674	-162.3521
59.000000	105.683	-162.7720
60.000000	105.692	-163.2046
60.799999	105.701	-163.5414
61.500000	105.709	-163.8288
62.200001	105.713	-164.1019
63.000000	105.718	-164.3920
64.000000	105.726	-164.7626
65.000000	105.733	-165.1475
66.000000	105.739	-165.4916
67.000000	105.746	-165.8289
68.000000	105.751	-166.1834
69.000000	105.755	-166.5172
70.000000	105.761	-166.8348
71.000000	105.764	-167.1498
72.000000	105.765	-167.4619
73.000000	105.770	-167.7833
74.000000	105.773	-168.0955
75.000000	105.778	-168.3702
76.199997	105.781	-168.7072
77.500000	105.781	-169.0677
78.800003	105.784	-169.4330
80.000000	105.787	-169.7460
81.199997	105.789	-170.0672
82.500000	105.789	-170.3930
83.800003	105.790	-170.7103
85.000000	105.789	-170.9962
86.199997	105.790	-171.2744
87.500000	105.789	-171.5809
88.500000	105.789	-171.7980
90.000000	105.791	-172.1289
91.199997	105.788	-172.3845
92.500000	105.786	-172.6604
93.800003	105.785	-172.9390
95.000000	105.783	-173.1756
96.199997	105.780	-173.4059
97.500000	105.778	-173.6712
98.800003	105.776	-173.9198
100.000000	105.774	-174.1361
101.500000	105.768	-174.4141
103.000000	105.766	-174.6917
104.400002	105.764	-174.9463
106.000000	105.759	-175.2180
107.500000	105.753	-175.4707
109.000000	105.751	-175.7274
110.599998	105.743	-175.9866
112.000000	105.738	-176.2162
113.800003	105.736	-176.4930
115.000000	105.729	-176.6787
117.199997	105.721	-177.0099
118.000000	105.716	-177.1163
120.599998	105.704	-177.5057
122.000000	105.702	-177.6937
124.099998	105.694	-177.9741
125.000000	105.689	-178.1006
126.500000	105.682	-178.2892
128.000000	105.673	-178.5065
131.500000	105.656	-178.9410
132.000000	105.654	-178.9988
134.000000	105.646	-179.2491
136.000000	105.636	-179.4883
138.000000	105.625	-179.7237
140.000000	105.613	-179.9596
143.000000	105.599	179.7032
145.000000	105.587	179.4769
147.500000	105.572	179.2129
150.000000	105.558	178.9512
152.500000	105.543	178.6910
155.000000	105.528	178.4525
157.500000	105.514	178.1957
160.000000	105.500	177.9506
162.500000	105.484	177.7148
165.000000	105.467	177.4930
167.500000	105.450	177.2659
170.000000	105.434	177.0479
172.500000	105.416	176.8246
175.000000	105.398	176.6120
177.500000	105.382	176.4081
180.000000	105.364	176.2006
182.500000	105.344	176.0104
185.000000	105.326	175.8150
187.500000	105.308	175.6308
190.000000	105.288	175.4453
192.500000	105.268	175.2638
195.000000	105.246	175.1008
197.500000	105.225	174.9339
200.000000	105.203	174.7803
203.000000	105.176	174.6061
206.000000	105.150	174.4458
209.000000	105.124	174.2858
212.000000	105.097	174.1434
214.000000	105.077	174.0642
218.000000	105.041	173.9556
220.000000	105.024	173.9300
224.000000	105.004	173.9098
227.000000	105.002	173.8812
230.000000	105.010	173.8066
233.000000	105.018	173.6263
236.000000	105.019	173.3773
240.000000	105.007	173.0157
243.000000	104.988	172.7547
247.000000	104.957	172.4316
250.000000	104.930	172.2194
254.000000	104.892	171.9752
258.000000	104.855	171.7545
262.000000	104.819	171.5540
265.000000	104.791	171.4058
269.000000	104.754	171.2276
272.000000	104.726	171.1171
276.000000	104.690	170.9533
280.000000	104.654	170.8105
285.000000	104.607	170.6411
290.000000	104.564	170.4895
295.000000	104.520	170.3517
300.000000	104.477	170.2233
304.000000	104.443	170.1342
307.000000	104.419	170.0690
311.000000	104.388	169.9736
315.000000	104.357	169.8839
320.000000	104.317	169.7696
325.000000	104.276	169.6536
330.000000	104.234	169.5451
335.000000	104.192	169.4559
340.000000	104.151	169.3735
345.000000	104.109	169.3067
350.000000	104.069	169.2499
355.000000	104.030	169.1951
360.000000	103.991	169.1449
365.000000	103.952	169.1065
370.000000	103.915	169.0662
375.000000	103.880	169.0386
382.000000	103.830	169.0018
387.000000	103.797	168.9726
395.000000	103.745	168.9016
400.000000	103.712	168.8504
406.000000	103.670	168.7846
412.000000	103.626	168.7317
418.000000	103.580	168.7020
425.000000	103.528	168.6718
431.000000	103.485	168.6624
437.000000	103.444	168.6375
444.000000	103.396	168.6099
450.000000	103.353	168.5763
455.000000	103.315	168.5518
462.000000	103.259	168.5174
468.000000	103.210	168.5244
475.000000	103.152	168.5518
482.000000	103.095	168.5979
487.000000	103.056	168.6324
494.000000	103.000	168.7105
500.000000	102.954	168.7770
508.000000	102.893	168.8810
515.000000	102.841	168.9880
522.000000	102.789	169.0950
530.000000	102.730	169.2313
538.000000	102.675	169.3718
545.000000	102.626	169.5055
552.000000	102.578	169.6553
560.000000	102.524	169.8317
570.000000	102.459	170.0702
580.000000	102.398	170.3070
590.000000	102.335	170.5505
600.000000	102.275	170.8068
608.000000	102.227	171.0182
615.000000	102.185	171.2155
622.000000	102.144	171.4203
630.000000	102.098	171.6639
640.000000	102.043	171.9717
650.000000	101.988	172.3091
660.000000	101.937	172.6631
670.000000	101.887	173.0181
680.000000	101.838	173.3937
690.000000	101.790	173.7694
700.000000	101.748	174.1591
710.000000	101.705	174.5710
720.000000	101.665	174.9797
730.000000	101.628	175.4047
740.000000	101.591	175.8476
750.000000	101.559	176.2854
762.000000	101.522	176.8409
775.000000	101.487	177.4400
788.000000	101.455	178.0732
800.000000	101.433	178.6563
812.000000	101.413	179.2547
825.000000	101.397	179.9103
838.000000	101.384	-179.4223
850.000000	101.378	-178.8069
862.000000	101.378	-178.1827
875.000000	101.383	-177.5051
885.000000	101.389	-176.9857
900.000000	101.408	-176.2127
912.000000	101.430	-175.5919
925.000000	101.456	-174.9295
938.000000	101.490	-174.2863
950.000000	101.527	-173.6950
962.000000	101.567	-173.1152
975.000000	101.618	-172.5051
988.000000	101.674	-171.9172
1000.000000	101.730	-171.4069
1015.000000	101.808	-170.7988
1030.000000	101.889	-170.2261
1044.000000	101.970	-169.7291
1060.000000	102.069	-169.2325
1075.000000	102.165	-168.8070
1090.000000	102.263	-168.4216
1106.000000	102.370	-168.0804
1120.000000	102.465	-167.8212
1138.000000	102.587	-167.5574
1150.000000	102.669	-167.4220
1172.000000	102.819	-167.2352
1180.000000	102.872	-167.1893
1206.000000	103.042	-167.1389
1220.000000	103.130	-167.1541
1241.000000	103.260	-167.2292
1250.000000	103.312	-167.2763
1265.000000	103.399	-167.3789
1280.000000	103.482	-167.5001
1315.000000	103.667	-167.8425
1320.000000	103.691	-167.8998
1340.000000	103.790	-168.1421
1360.000000	103.882	-168.4047
1380.000000	103.974	-168.6931
1400.000000	104.060	-168.9925
1430.000000	104.186	-169.4854
1450.000000	104.266	-169.8310
1475.000000	104.363	-170.2890
1500.000000	104.456	-170.7813
1525.000000	104.545	-171.3038
1550.000000	104.629	-171.8561
1575.000000	104.708	-172.4270
1600.000000	104.783	-173.0121
1625.000000	104.858	-173.6053
1650.000000	104.934	-174.2464
1675.000000	105.010	-174.9580
1700.000000	105.080	-175.7432
1725.000000	105.141	-176.5980
1750.000000	105.192	-177.5158
1775.000000	105.230	-178.4759
1800.000000	105.255	-179.4590
1825.000000	105.269	179.5273
1850.000000	105.269	178.4921
1875.000000	105.256	177.4374
1900.000000	105.227	176.3984
1925.000000	105.183	175.3619
1950.000000	105.127	174.3557
1975.000000	105.055	173.3739
2000.000000	104.971	172.4414
2030.000000	104.853	171.3985
2060.000000	104.719	170.4484
2090.000000	104.572	169.6053
2120.000000	104.414	168.8745
2140.000000	104.304	168.4620
2180.000000	104.073	167.7988
2200.000000	103.955	167.5549
2240.000000	103.721	167.2390
2270.000000	103.547	167.1610
2300.000000	103.377	167.1755
2330.000000	103.217	167.3204
2360.000000	103.063	167.5593
2400.000000	102.876	167.9960
2430.000000	102.750	168.4138
2470.000000	102.603	169.0425
2500.000000	102.506	169.5431
2540.000000	102.399	170.2379
2580.000000	102.314	170.9280
2620.000000	102.243	171.5797
2650.000000	102.199	172.0531
2690.000000	102.150	172.6179
2720.000000	102.120	173.0175
2760.000000	102.083	173.5015
2800.000000	102.048	173.9593
2850.000000	102.008	174.4812
2900.000000	101.969	174.9915
2950.000000	101.938	175.4783
3000.000000	101.909	175.9824
3040.000000	101.894	176.3649
3070.000000	101.885	176.6447
3110.000000	101.881	177.0136
3150.000000	101.879	177.3518
3200.000000	101.889	177.7291
3250.000000	101.909	178.0406
3300.000000	101.933	178.2538
3350.000000	101.964	178.3952
3400.000000	101.998	178.3976
3450.000000	102.030	178.2933
3500.000000	102.057	178.0707
3550.000000	102.076	177.7274
3600.000000	102.081	177.2568
3650.000000	102.072	176.6953
3700.000000	102.041	176.0494
3750.000000	101.987	175.3575
3820.000000	101.871	174.3380
3870.000000	101.754	173.6254
3950.000000	101.517	172.6110
4000.000000	101.337	172.0956
4060.000000	101.096	171.6480
4120.000000	100.836	171.4192
4180.000000	100.562	171.4166
4250.000000	100.237	171.6899
4310.000000	99.961	172.1886
4370.000000	99.692	172.8598
4440.000000	99.394	173.8571
4500.000000	99.157	174.8400
4550.000000	98.968	175.7474
4620.000000	98.722	177.1127
4680.000000	98.531	178.3431
4750.000000	98.326	179.7892
4820.000000	98.130	-178.7796
4870.000000	97.990	-177.7824
4940.000000	97.779	-176.3910
5000.000000	97.581	-175.1002
5080.000000	97.280	-173.0842
5150.000000	97.013	-170.7318
5220.000000	96.789	-167.7542
5300.000000	96.667	-163.8541
5380.000000	96.709	-160.0068
5450.000000	96.844	-157.1170
5520.000000	97.020	-154.7738
5600.000000	97.225	-152.6753
5700.000000	97.452	-150.6765
5800.000000	97.636	-149.0404
5900.000000	97.772	-147.5121
6000.000000	97.880	-146.0086
6080.000000	97.953	-144.7023
6150.000000	98.019	-143.5111
6220.000000	98.086	-142.2353
6300.000000	98.176	-140.7231
6400.000000	98.316	-138.7454
6500.000000	98.489	-136.6759
6600.000000	98.710	-134.6188
6700.000000	98.984	-132.6514
6800.000000	99.326	-130.8382
6900.000000	99.723	-129.2813
7000.000000	100.179	-128.1150
7100.000000	100.690	-127.4408
7200.000000	101.249	-127.3923
7300.000000	101.832	-128.1736
7400.000000	102.403	-129.9075
7500.000000	102.905	-132.5332
7620.000000	103.368	-136.6469
7750.000000	103.656	-141.6821
7880.000000	103.728	-146.7126
8000.000000	103.654	-150.9241
8120.000000	103.512	-154.6596
8250.000000	103.329	-158.3491
8380.000000	103.127	-162.0016
8500.000000	102.887	-165.5332
8620.000000	102.557	-169.1782
8750.000000	102.062	-172.6992
8850.000000	101.607	-174.8158
9000.000000	100.890	-176.8096
9120.000000	100.350	-177.4696
9250.000000	99.868	-177.3529
9380.000000	99.506	-176.8751
9500.000000	99.285	-176.2978
9620.000000	99.151	-175.6906
9750.000000	99.175	-174.6957
9880.000000	99.484	-174.5595
10000.000000	99.877	-176.3524
10150.000000	100.129	-179.4889
10300.000000	100.810	177.8799
10440.000000	101.861	170.6722
10600.000000	102.592	154.2073
10750.000000	101.909	135.1543
10900.000000	100.027	120.0616
11060.000000	97.604	110.8333
11200.000000	95.583	107.0419
11380.000000	93.288	105.6375
11500.000000	91.971	105.9732
11720.000000	89.938	108.1156
11800.000000	89.278	109.2280
12060.000000	87.581	113.2504
12200.000000	86.823	115.4520
12410.000000	86.006	118.6074
12500.000000	85.707	120.0566
12650.000000	85.342	121.7918
12800.000000	85.127	123.6931
13150.000000	85.145	126.1285
13200.000000	85.240	126.1413
13400.000000	85.677	125.6254
13600.000000	86.426	123.5176
13800.000000	87.485	118.4818
14000.000000	88.801	109.5674
14300.000000	90.702	85.9196
14500.000000	91.150	63.7952
14750.000000	90.479	36.8362
15000.000000	89.493	14.9818
15250.000000	89.191	-5.1602
15500.000000	89.859	-31.0349
15750.000000	90.453	-73.1290
16000.000000	87.723	-124.0928
16250.000000	83.032	-160.5926
16500.000000	78.527	171.6575
16750.000000	74.003	149.1825
17000.000000	69.841	135.8259
17250.000000	66.778	121.9865
17500.000000	65.470	107.4806
17750.000000	64.737	80.0604
18000.000000	61.595	27.0166
18250.000000	57.889	-69.4644
18500.000000	61.136	163.3528
18750.000000	64.721	86.0276
19000.000000	66.383	23.2567
19250.000000	67.772	-42.7920
19500.000000	68.726	-120.3062
19750.000000	68.087	144.5516
