* Measurement data measured by REW V5.40 beta 124
* Source: USB-C to 3.5mm Headphone Jack Adapter, , 0, volume: 0.310
* Format: 256k Log Swept Sine, 1 sweep at -12.0 dBFS with no timing reference
* Dated: May 31, 2026, 12:10:35 PM
* REW Settings:
*  C-weighting compensation: Off
*  Target level: 75.0 dB
* Note: ; 
* Measurement: L
* Smoothing: None
* Frequency Step: 1/48 octave
* Start Frequency: 20.000 Hz
*
* Freq(Hz)	SPL(dB)	Phase(degrees)
20.000000	106.321	-157.1659
20.299999	106.318	-157.7945
20.600000	106.321	-158.3684
20.900000	106.331	-158.9148
21.200001	106.348	-159.4622
21.400000	106.361	-159.8389
21.799999	106.388	-160.6274
22.000000	106.400	-161.0350
22.400000	106.417	-161.8542
22.700001	106.424	-162.4477
23.000000	106.429	-163.0104
23.299999	106.433	-163.5430
23.600000	106.440	-164.0578
24.000000	106.451	-164.7483
24.299999	106.459	-165.2847
24.700001	106.464	-166.0223
25.000000	106.460	-166.5716
25.400000	106.448	-167.2635
25.799999	106.432	-167.8851
26.200001	106.418	-168.4464
26.500000	106.413	-168.8487
26.900000	106.410	-169.3885
27.200001	106.409	-169.8055
27.600000	106.408	-170.3761
28.000000	106.406	-170.9539
28.500000	106.402	-171.6741
29.000000	106.395	-172.3864
29.500000	106.387	-173.0826
30.000000	106.379	-173.7533
30.400000	106.373	-174.2754
30.700001	106.368	-174.6643
31.100000	106.362	-175.1814
31.500000	106.352	-175.6880
32.000000	106.338	-176.2822
32.500000	106.326	-176.8275
33.000000	106.318	-177.3617
33.500000	106.312	-177.9228
34.000000	106.300	-178.4957
34.500000	106.283	-179.0344
35.000000	106.267	-179.5306
35.500000	106.257	179.9677
36.000000	106.246	179.4220
36.500000	106.228	178.8591
37.000000	106.202	178.3372
37.500000	106.179	177.8668
38.200001	106.156	177.2066
38.700001	106.138	176.7085
39.500000	106.103	175.9674
40.000000	106.086	175.5440
40.599998	106.071	174.9950
41.200001	106.047	174.4111
41.799999	106.011	173.9102
42.500000	105.981	173.4603
43.099998	105.974	173.0257
43.700001	105.961	172.4702
44.400002	105.921	171.8459
45.000000	105.883	171.4398
45.500000	105.863	171.1265
46.200001	105.841	170.6040
46.799999	105.812	170.1147
47.500000	105.771	169.6170
48.200001	105.740	169.1711
48.700001	105.723	168.8237
49.400002	105.695	168.2953
50.000000	105.666	167.8590
50.799999	105.629	167.3306
51.500000	105.601	166.8652
52.200001	105.570	166.3891
53.000000	105.532	165.8998
53.799999	105.503	165.4002
54.500000	105.468	164.8832
55.200001	105.413	164.4453
56.000000	105.362	164.1364
57.000000	105.330	163.5978
58.000000	105.264	162.9918
59.000000	105.215	162.5532
60.000000	105.170	161.9400
60.799999	105.121	161.5258
61.500000	105.090	161.1915
62.200001	105.058	160.7998
63.000000	105.013	160.3946
64.000000	104.966	159.9418
65.000000	104.914	159.4531
66.000000	104.863	159.0247
67.000000	104.812	158.5550
68.000000	104.754	158.1335
69.000000	104.706	157.7008
70.000000	104.650	157.2484
71.000000	104.597	156.8469
72.000000	104.546	156.4321
73.000000	104.495	156.0351
74.000000	104.441	155.6334
75.000000	104.389	155.2717
76.199997	104.321	154.7698
77.500000	104.244	154.4075
78.800003	104.189	153.8834
80.000000	104.115	153.4556
81.199997	104.056	153.0660
82.500000	103.990	152.6589
83.800003	103.929	152.2457
85.000000	103.864	151.8380
86.199997	103.794	151.5108
87.500000	103.726	151.1174
88.500000	103.666	150.8167
90.000000	103.584	150.3822
91.199997	103.515	150.0627
92.500000	103.453	149.7090
93.800003	103.381	149.3677
95.000000	103.325	149.0841
96.199997	103.264	148.7539
97.500000	103.189	148.4315
98.800003	103.120	148.1667
100.000000	103.052	147.8746
101.500000	102.983	147.6317
103.000000	102.903	147.1816
104.400002	102.829	146.9429
106.000000	102.736	146.5766
107.500000	102.667	146.3328
109.000000	102.578	146.0465
110.599998	102.503	145.7562
112.000000	102.439	145.5629
113.800003	102.338	145.1581
115.000000	102.284	144.9630
117.199997	102.160	144.6789
118.000000	102.135	144.5877
120.599998	101.967	144.0423
122.000000	101.939	143.9633
124.099998	101.830	143.6533
125.000000	101.785	143.4748
126.500000	101.712	143.3699
128.000000	101.638	143.0907
131.500000	101.465	142.5768
132.000000	101.431	142.6445
134.000000	101.353	142.3072
136.000000	101.257	142.3719
138.000000	101.145	141.9780
140.000000	101.036	141.7383
143.000000	100.913	141.6453
145.000000	100.805	141.4810
147.500000	100.678	141.3327
150.000000	100.563	141.0888
152.500000	100.432	141.1697
155.000000	100.329	140.9564
157.500000	100.202	140.7169
160.000000	100.080	140.6353
162.500000	99.962	140.6100
165.000000	99.843	140.5974
167.500000	99.709	140.6344
170.000000	99.604	140.6982
172.500000	99.484	140.6163
175.000000	99.363	140.6547
177.500000	99.276	141.2115
180.000000	99.218	141.5238
182.500000	99.175	141.7879
185.000000	99.130	141.6784
187.500000	99.083	141.5233
190.000000	99.004	141.3416
192.500000	98.913	141.1722
195.000000	98.821	141.0612
197.500000	98.735	140.9053
200.000000	98.632	140.8403
203.000000	98.514	140.7885
206.000000	98.401	140.7961
209.000000	98.284	140.8178
212.000000	98.162	140.8798
214.000000	98.086	140.8992
218.000000	97.938	141.0801
220.000000	97.869	141.0981
224.000000	97.716	141.2359
227.000000	97.602	141.4081
230.000000	97.500	141.5392
233.000000	97.395	141.6705
236.000000	97.298	141.8410
240.000000	97.148	142.1165
243.000000	97.059	142.2448
247.000000	96.925	142.5087
250.000000	96.826	142.7036
254.000000	96.702	142.9962
258.000000	96.569	143.2946
262.000000	96.443	143.5724
265.000000	96.350	143.8347
269.000000	96.228	144.1631
272.000000	96.144	144.4359
276.000000	96.019	144.8506
280.000000	95.898	145.2138
285.000000	95.752	145.7238
290.000000	95.617	146.2570
295.000000	95.482	146.7926
300.000000	95.359	147.3961
304.000000	95.253	147.9987
307.000000	95.171	148.2325
311.000000	95.071	148.7698
315.000000	94.977	149.2962
320.000000	94.851	149.9006
325.000000	94.746	150.6134
330.000000	94.643	151.3605
335.000000	94.530	152.0747
340.000000	94.435	152.7689
345.000000	94.349	153.4917
350.000000	94.252	154.2062
355.000000	94.170	154.9063
360.000000	94.088	155.7012
365.000000	94.017	156.4783
370.000000	93.940	157.2310
375.000000	93.876	157.9907
382.000000	93.792	159.0618
387.000000	93.730	159.8920
395.000000	93.659	161.1446
400.000000	93.610	161.9292
406.000000	93.571	162.7984
412.000000	93.527	163.7847
418.000000	93.495	164.6449
425.000000	93.466	165.5431
431.000000	93.454	166.5338
437.000000	93.426	167.3479
444.000000	93.403	168.3178
450.000000	93.409	168.9911
455.000000	93.394	169.7754
462.000000	93.392	170.5143
468.000000	93.392	171.3164
475.000000	93.411	172.1013
482.000000	93.415	172.8730
487.000000	93.432	173.4137
494.000000	93.441	174.1341
500.000000	93.442	174.6733
508.000000	93.462	175.4870
515.000000	93.492	176.1193
522.000000	93.504	176.6830
530.000000	93.529	177.3596
538.000000	93.554	177.9850
545.000000	93.578	178.4839
552.000000	93.592	179.0104
560.000000	93.621	179.5706
570.000000	93.643	-179.8405
580.000000	93.672	-179.1735
590.000000	93.700	-178.6639
600.000000	93.712	-178.1324
608.000000	93.731	-177.6738
615.000000	93.740	-177.3889
622.000000	93.755	-177.0228
630.000000	93.757	-176.5853
640.000000	93.762	-176.1834
650.000000	93.767	-175.7272
660.000000	93.780	-175.3074
670.000000	93.770	-174.8654
680.000000	93.765	-174.3745
690.000000	93.756	-173.9494
700.000000	93.746	-173.4013
710.000000	93.735	-172.8484
720.000000	93.727	-172.3279
730.000000	93.722	-171.8041
740.000000	93.708	-171.2045
750.000000	93.699	-170.6295
762.000000	93.707	-169.9376
775.000000	93.710	-169.2222
788.000000	93.717	-168.4474
800.000000	93.721	-167.7551
812.000000	93.724	-167.0476
825.000000	93.742	-166.2782
838.000000	93.755	-165.5268
850.000000	93.770	-164.8273
862.000000	93.787	-164.0706
875.000000	93.807	-163.2953
885.000000	93.834	-162.7235
900.000000	93.862	-161.8197
912.000000	93.899	-161.1288
925.000000	93.939	-160.3609
938.000000	93.976	-159.6174
950.000000	94.025	-158.9523
962.000000	94.074	-158.2582
975.000000	94.121	-157.5387
988.000000	94.182	-156.8544
1000.000000	94.236	-156.2309
1015.000000	94.313	-155.4600
1030.000000	94.388	-154.7684
1044.000000	94.468	-154.1221
1060.000000	94.551	-153.4259
1075.000000	94.643	-152.8045
1090.000000	94.731	-152.2169
1106.000000	94.830	-151.6945
1120.000000	94.915	-151.1969
1138.000000	95.022	-150.6768
1150.000000	95.095	-150.3772
1172.000000	95.227	-149.7921
1180.000000	95.272	-149.6214
1206.000000	95.415	-149.0973
1220.000000	95.489	-148.8529
1241.000000	95.597	-148.4852
1250.000000	95.646	-148.3419
1265.000000	95.714	-148.1314
1280.000000	95.785	-147.8967
1315.000000	95.933	-147.5051
1320.000000	95.956	-147.4443
1340.000000	96.038	-147.2071
1360.000000	96.117	-146.9820
1380.000000	96.187	-146.7827
1400.000000	96.257	-146.5665
1430.000000	96.357	-146.2225
1450.000000	96.419	-146.0014
1475.000000	96.501	-145.7383
1500.000000	96.575	-145.4388
1525.000000	96.647	-145.1781
1550.000000	96.720	-144.8806
1575.000000	96.792	-144.5936
1600.000000	96.865	-144.3147
1625.000000	96.936	-143.9685
1650.000000	97.012	-143.7149
1675.000000	97.079	-143.4431
1700.000000	97.152	-143.1586
1725.000000	97.224	-142.8922
1750.000000	97.302	-142.6643
1775.000000	97.374	-142.4008
1800.000000	97.445	-142.1163
1825.000000	97.524	-141.8819
1850.000000	97.595	-141.6697
1875.000000	97.676	-141.4374
1900.000000	97.754	-141.2462
1925.000000	97.830	-141.0628
1950.000000	97.907	-140.8919
1975.000000	97.985	-140.7299
2000.000000	98.056	-140.6198
2030.000000	98.147	-140.4597
2060.000000	98.238	-140.3329
2090.000000	98.324	-140.2378
2120.000000	98.410	-140.1418
2140.000000	98.469	-140.0807
2180.000000	98.584	-140.0051
2200.000000	98.639	-139.9543
2240.000000	98.753	-139.9463
2270.000000	98.833	-139.9748
2300.000000	98.921	-140.0237
2330.000000	99.000	-140.0722
2360.000000	99.084	-140.2007
2400.000000	99.180	-140.4115
2430.000000	99.247	-140.5985
2470.000000	99.324	-140.8974
2500.000000	99.378	-141.1052
2540.000000	99.429	-141.3727
2580.000000	99.472	-141.6756
2620.000000	99.516	-141.9111
2650.000000	99.537	-142.0658
2690.000000	99.566	-142.2553
2720.000000	99.588	-142.3604
2760.000000	99.605	-142.5031
2800.000000	99.624	-142.6248
2850.000000	99.645	-142.6664
2900.000000	99.664	-142.7263
2950.000000	99.680	-142.7766
3000.000000	99.696	-142.7609
3040.000000	99.703	-142.6727
3070.000000	99.715	-142.6496
3110.000000	99.728	-142.5217
3150.000000	99.744	-142.3941
3200.000000	99.773	-142.2292
3250.000000	99.806	-142.0433
3300.000000	99.848	-141.8851
3350.000000	99.898	-141.7382
3400.000000	99.942	-141.6668
3450.000000	99.987	-141.5662
3500.000000	100.026	-141.5055
3550.000000	100.077	-141.4353
3600.000000	100.124	-141.3679
3650.000000	100.169	-141.3365
3700.000000	100.215	-141.2963
3750.000000	100.269	-141.2427
3820.000000	100.343	-141.2818
3870.000000	100.399	-141.2763
3950.000000	100.494	-141.4058
4000.000000	100.555	-141.5427
4060.000000	100.620	-141.7808
4120.000000	100.679	-142.0856
4180.000000	100.726	-142.3883
4250.000000	100.771	-142.7364
4310.000000	100.803	-143.0571
4370.000000	100.839	-143.3465
4440.000000	100.876	-143.7122
4500.000000	100.903	-144.0046
4550.000000	100.927	-144.2539
4620.000000	100.967	-144.6276
4680.000000	100.999	-144.9964
4750.000000	101.040	-145.4464
4820.000000	101.082	-146.0095
4870.000000	101.107	-146.4956
4940.000000	101.127	-147.2384
5000.000000	101.131	-147.8860
5080.000000	101.098	-148.9112
5150.000000	101.005	-149.6462
5220.000000	100.907	-149.2730
5300.000000	101.087	-149.7279
5380.000000	101.099	-151.1625
5450.000000	101.035	-152.2736
5520.000000	100.957	-153.1531
5600.000000	100.848	-154.0721
5700.000000	100.697	-155.0558
5800.000000	100.537	-155.7574
5900.000000	100.370	-156.3689
6000.000000	100.207	-156.7718
6080.000000	100.082	-156.9902
6150.000000	99.979	-157.0976
6220.000000	99.872	-157.1751
6300.000000	99.771	-157.1657
6400.000000	99.650	-156.9954
6500.000000	99.566	-156.7929
6600.000000	99.509	-156.5115
6700.000000	99.490	-156.2332
6800.000000	99.493	-155.9414
6900.000000	99.543	-155.6954
7000.000000	99.636	-155.6161
7100.000000	99.763	-155.5992
7200.000000	99.953	-155.8784
7300.000000	100.189	-156.4854
7400.000000	100.463	-157.6007
7500.000000	100.758	-159.2382
7620.000000	101.134	-162.0706
7750.000000	101.515	-166.4001
7880.000000	101.803	-172.1143
8000.000000	101.918	-178.4808
8120.000000	101.817	174.4305
8250.000000	101.429	166.5483
8380.000000	100.775	159.1011
8500.000000	99.966	152.9781
8620.000000	99.004	147.8920
8750.000000	97.853	143.8304
8850.000000	96.944	141.6971
9000.000000	95.619	140.0629
9120.000000	94.619	139.7925
9250.000000	93.631	140.1679
9380.000000	92.723	141.2131
9500.000000	91.994	142.3581
9620.000000	91.300	143.9327
9750.000000	90.655	145.6593
9880.000000	90.070	147.6396
10000.000000	89.578	149.5457
10150.000000	89.072	151.7465
10300.000000	88.644	154.3140
10440.000000	88.324	156.4086
10600.000000	88.006	158.8655
10750.000000	87.789	160.9767
10900.000000	87.684	162.9978
11060.000000	87.603	165.0339
11200.000000	87.604	166.4337
11380.000000	87.728	168.2719
11500.000000	87.844	169.2555
11720.000000	88.212	170.2478
11800.000000	88.422	170.4012
12060.000000	89.177	170.4040
12200.000000	89.716	169.4020
12410.000000	90.658	166.8561
12500.000000	91.171	165.1151
12650.000000	92.049	161.2010
12800.000000	93.000	155.5394
13150.000000	95.164	133.5654
13200.000000	95.382	129.3227
13400.000000	95.787	110.2397
13600.000000	95.318	91.0054
13800.000000	94.276	74.5988
14000.000000	93.074	61.7487
14300.000000	91.521	46.4873
14500.000000	90.800	37.3018
14750.000000	90.241	25.4119
15000.000000	90.008	11.6701
15250.000000	89.757	-3.0323
15500.000000	89.817	-20.4186
15750.000000	90.029	-41.1058
16000.000000	90.174	-66.2811
16250.000000	89.883	-96.2881
16500.000000	88.836	-128.2078
16750.000000	87.154	-159.0708
17000.000000	85.253	172.4694
17250.000000	83.434	145.3453
17500.000000	81.823	117.6567
17750.000000	80.316	88.9265
18000.000000	79.197	58.7157
18250.000000	78.171	24.4722
18500.000000	77.306	-21.7889
18750.000000	76.429	-57.6739
19000.000000	75.591	-109.6178
19250.000000	74.369	-167.8333
19500.000000	72.741	124.0747
19750.000000	70.757	43.8712
