* Measurement data measured by REW V5.31.3
* Source: USB-C to 3.5mm Headphone Jack Adapter, USB-C to 3.5mm Headphone Jack Adapter, 0, volume: 0.138
* Format: 256k Log Swept Sine, 4 sweeps at -12.0 dBFS with no timing reference
* Dated: Sep 22, 2024 11:16:09 AM
* REW Settings:
*  C-weighting compensation: Off
*  Target level: 75.0 dB
* Note: @ SIAS
* Measurement: L
* Smoothing: None
* Frequency Step: 1/48 octave
* Start Frequency: 20.300 Hz
*
* Freq(Hz)	SPL(dB)	Phase(degrees)
20.299999	102.748	-169.1750
20.600000	102.738	-169.5202
20.900000	102.719	-169.8360
21.200001	102.698	-170.1843
21.400000	102.682	-170.4474
21.799999	102.646	-171.0439
22.000000	102.625	-171.3634
22.400000	102.580	-171.9937
22.700001	102.548	-172.4100
23.000000	102.526	-172.7572
23.299999	102.518	-173.0441
23.600000	102.527	-173.3016
24.000000	102.559	-173.6660
24.299999	102.587	-173.9821
24.700001	102.615	-174.4486
25.000000	102.622	-174.7940
25.400000	102.614	-175.1938
25.799999	102.594	-175.5020
26.200001	102.575	-175.7571
26.500000	102.565	-175.9579
26.900000	102.556	-176.2873
27.200001	102.549	-176.5912
27.600000	102.535	-177.0462
28.000000	102.512	-177.5016
28.500000	102.475	-177.9778
29.000000	102.445	-178.3098
29.500000	102.435	-178.5619
30.000000	102.442	-178.8557
30.400000	102.451	-179.1618
30.700001	102.454	-179.4203
31.100000	102.449	-179.7642
31.500000	102.436	179.9312
32.000000	102.418	179.6077
32.500000	102.402	179.2883
33.000000	102.381	178.9260
33.500000	102.352	178.5551
34.000000	102.320	178.2462
34.500000	102.301	178.0142
35.000000	102.296	177.7999
35.500000	102.297	177.5416
36.000000	102.288	177.2379
36.500000	102.260	176.9388
37.000000	102.220	176.6898
37.500000	102.186	176.4818
38.200001	102.172	176.1311
38.700001	102.180	175.7709
39.500000	102.191	175.1425
40.000000	102.184	174.8730
40.599998	102.169	174.7154
41.200001	102.150	174.6094
41.799999	102.128	174.4172
42.500000	102.099	174.0304
43.099998	102.076	173.6146
43.700001	102.057	173.2327
44.400002	102.044	172.9396
45.000000	102.043	172.7687
45.500000	102.038	172.6034
46.200001	102.012	172.3236
46.799999	101.977	172.1017
47.500000	101.946	171.8744
48.200001	101.930	171.6227
48.700001	101.924	171.4208
49.400002	101.914	171.1162
50.000000	101.901	170.8432
50.799999	101.876	170.5063
51.500000	101.858	170.2269
52.200001	101.840	169.9078
53.000000	101.809	169.5679
53.799999	101.784	169.3122
54.500000	101.771	169.0247
55.200001	101.743	168.6765
56.000000	101.699	168.4289
57.000000	101.686	168.2778
58.000000	101.682	167.9063
59.000000	101.645	167.6115
60.000000	101.628	167.3454
60.799999	101.608	166.9959
61.500000	101.580	166.7858
62.200001	101.563	166.6468
63.000000	101.543	166.4039
64.000000	101.504	166.1213
65.000000	101.486	165.7905
66.000000	101.446	165.3742
67.000000	101.412	165.1262
68.000000	101.379	164.7869
69.000000	101.332	164.7042
70.000000	101.331	164.4977
71.000000	101.295	164.0351
72.000000	101.266	163.8509
73.000000	101.251	163.5594
74.000000	101.202	163.3370
75.000000	101.175	163.1222
76.199997	101.135	162.7460
77.500000	101.092	162.4875
78.800003	101.064	162.1678
80.000000	101.046	161.7397
81.199997	100.992	161.5340
82.500000	100.949	161.2962
83.800003	100.896	161.0350
85.000000	100.866	160.7870
86.199997	100.817	160.4806
87.500000	100.777	160.2181
88.500000	100.752	159.9811
90.000000	100.714	159.7480
91.199997	100.669	159.5147
92.500000	100.624	159.4036
93.800003	100.572	158.9592
95.000000	100.548	158.7901
96.199997	100.517	158.5978
97.500000	100.461	158.4130
98.800003	100.400	158.1146
100.000000	100.394	158.0260
101.500000	100.314	157.6661
103.000000	100.301	157.4977
104.400002	100.240	157.2384
106.000000	100.178	156.9247
107.500000	100.138	156.8537
109.000000	100.076	156.5064
110.599998	100.041	156.3031
112.000000	99.989	156.0981
113.800003	99.947	155.9487
115.000000	99.900	155.6544
117.199997	99.825	155.3416
118.000000	99.793	155.3551
120.599998	99.717	155.0788
122.000000	99.678	154.8837
124.099998	99.598	154.5613
125.000000	99.562	154.5317
126.500000	99.547	154.3317
128.000000	99.454	154.3960
131.500000	99.375	153.8738
132.000000	99.343	153.8724
134.000000	99.288	153.7141
136.000000	99.234	153.6449
138.000000	99.158	153.3558
140.000000	99.088	153.3712
143.000000	99.015	153.0553
145.000000	98.960	152.8356
147.500000	98.879	152.7383
150.000000	98.795	152.7112
152.500000	98.697	152.5037
155.000000	98.640	152.4537
157.500000	98.555	152.1128
160.000000	98.451	152.1199
162.500000	98.413	151.9302
165.000000	98.339	151.8926
167.500000	98.290	151.7488
170.000000	98.201	151.7761
172.500000	98.148	151.6921
175.000000	98.046	151.6613
177.500000	97.975	151.4383
180.000000	97.919	151.4199
182.500000	97.853	151.5647
185.000000	97.776	151.3787
187.500000	97.730	151.3570
190.000000	97.646	151.4652
192.500000	97.576	151.4427
195.000000	97.505	151.3622
197.500000	97.457	151.3536
200.000000	97.382	151.4754
203.000000	97.316	151.4897
206.000000	97.227	151.4481
209.000000	97.156	151.5279
212.000000	97.081	151.5566
214.000000	97.013	151.6151
218.000000	96.934	151.7427
220.000000	96.905	151.6061
224.000000	96.800	151.7816
227.000000	96.736	151.8750
230.000000	96.662	151.9612
233.000000	96.594	151.9466
236.000000	96.520	152.1279
240.000000	96.460	152.3745
243.000000	96.384	152.2751
247.000000	96.266	152.5426
250.000000	96.225	152.2575
254.000000	96.158	152.5991
258.000000	96.031	152.7842
262.000000	95.997	153.1595
265.000000	95.945	153.1613
269.000000	95.854	153.4201
272.000000	95.828	153.3523
276.000000	95.716	153.8344
280.000000	95.579	153.5834
285.000000	95.526	153.9784
290.000000	95.476	154.4572
295.000000	95.387	154.7659
300.000000	95.316	154.8487
304.000000	95.262	155.1571
307.000000	95.210	155.3892
311.000000	95.134	155.4599
315.000000	95.071	155.7124
320.000000	94.966	156.0449
325.000000	94.941	156.5449
330.000000	94.836	156.8263
335.000000	94.768	156.9985
340.000000	94.696	157.2018
345.000000	94.632	157.6397
350.000000	94.569	157.8306
355.000000	94.513	158.2598
360.000000	94.453	158.5995
365.000000	94.370	158.9789
370.000000	94.313	159.1844
375.000000	94.248	159.4649
382.000000	94.175	159.9310
387.000000	94.129	160.3923
395.000000	94.004	160.6124
400.000000	93.981	161.1859
406.000000	93.908	161.7748
412.000000	93.855	162.1183
418.000000	93.772	162.4994
425.000000	93.735	162.8697
431.000000	93.712	163.3729
437.000000	93.596	163.7527
444.000000	93.505	164.3627
450.000000	93.513	165.0232
455.000000	93.477	164.9395
462.000000	93.437	165.8505
468.000000	93.373	166.4675
475.000000	93.305	166.8131
482.000000	93.275	167.2025
487.000000	93.268	167.3624
494.000000	93.183	167.7734
500.000000	93.152	168.1608
508.000000	93.103	168.8688
515.000000	93.084	169.1089
522.000000	93.015	169.8734
530.000000	92.951	170.0497
538.000000	92.911	170.5768
545.000000	92.844	171.1168
552.000000	92.800	172.0502
560.000000	92.803	172.5060
570.000000	92.703	173.2872
580.000000	92.655	174.0016
590.000000	92.599	174.7651
600.000000	92.520	175.2719
608.000000	92.539	176.3521
615.000000	92.503	176.7079
622.000000	92.489	177.1233
630.000000	92.438	177.8113
640.000000	92.410	178.6188
650.000000	92.349	179.2980
660.000000	92.346	-179.9600
670.000000	92.317	-178.9489
680.000000	92.295	-178.3650
690.000000	92.272	-177.4632
700.000000	92.204	-176.5477
710.000000	92.228	-175.8177
720.000000	92.220	-175.2290
730.000000	92.223	-174.1906
740.000000	92.186	-173.4672
750.000000	92.180	-172.7363
762.000000	92.191	-171.6220
775.000000	92.182	-170.6635
788.000000	92.223	-169.5229
800.000000	92.203	-168.6070
812.000000	92.223	-167.5401
825.000000	92.221	-166.4368
838.000000	92.259	-165.5580
850.000000	92.291	-164.1685
862.000000	92.303	-163.2700
875.000000	92.347	-162.2239
885.000000	92.397	-161.4157
900.000000	92.448	-160.4831
912.000000	92.501	-159.2899
925.000000	92.552	-158.1690
938.000000	92.628	-157.1971
950.000000	92.702	-156.2708
962.000000	92.796	-155.3845
975.000000	92.869	-154.3004
988.000000	92.960	-153.5468
1000.000000	93.074	-152.9563
1015.000000	93.170	-151.6453
1030.000000	93.304	-150.5805
1044.000000	93.424	-149.6845
1060.000000	93.579	-148.7854
1075.000000	93.719	-148.0135
1090.000000	93.864	-147.1888
1106.000000	94.029	-146.4486
1120.000000	94.163	-145.8159
1138.000000	94.340	-145.0780
1150.000000	94.469	-144.6537
1172.000000	94.706	-143.9856
1180.000000	94.778	-143.7843
1206.000000	95.041	-143.0917
1220.000000	95.186	-142.8488
1241.000000	95.388	-142.4843
1250.000000	95.461	-142.4107
1265.000000	95.605	-142.0167
1280.000000	95.758	-141.9904
1315.000000	96.060	-141.7456
1320.000000	96.105	-141.7421
1340.000000	96.265	-141.6477
1360.000000	96.423	-141.5411
1380.000000	96.578	-141.4206
1400.000000	96.724	-141.5612
1430.000000	96.953	-141.4318
1450.000000	97.065	-141.5273
1475.000000	97.260	-141.5182
1500.000000	97.374	-141.7795
1525.000000	97.586	-141.6775
1550.000000	97.738	-141.8289
1575.000000	97.879	-141.8259
1600.000000	98.024	-142.0473
1625.000000	98.163	-142.1506
1650.000000	98.310	-142.2892
1675.000000	98.446	-142.4111
1700.000000	98.589	-142.6318
1725.000000	98.717	-142.7601
1750.000000	98.854	-142.9750
1775.000000	98.975	-143.0424
1800.000000	99.099	-143.2506
1825.000000	99.230	-143.4082
1850.000000	99.361	-143.6709
1875.000000	99.485	-143.9363
1900.000000	99.604	-144.2142
1925.000000	99.730	-144.4288
1950.000000	99.839	-144.6835
1975.000000	99.955	-144.9939
2000.000000	100.139	-145.5442
2030.000000	100.215	-145.7579
2060.000000	100.342	-146.1660
2090.000000	100.474	-146.6203
2120.000000	100.602	-147.0847
2140.000000	100.687	-147.4001
2180.000000	100.844	-148.0890
2200.000000	100.932	-148.5273
2240.000000	101.069	-149.1767
2270.000000	101.176	-149.7225
2300.000000	101.264	-150.3266
2330.000000	101.366	-150.8835
2360.000000	101.466	-151.5404
2400.000000	101.591	-152.3206
2430.000000	101.671	-152.9983
2470.000000	101.771	-153.8384
2500.000000	101.836	-154.5032
2540.000000	101.941	-155.3333
2580.000000	102.034	-156.3299
2620.000000	102.125	-157.2498
2650.000000	102.185	-158.0532
2690.000000	102.243	-159.0453
2720.000000	102.304	-159.8647
2760.000000	102.351	-161.0435
2800.000000	102.409	-162.3335
2850.000000	102.389	-163.8254
2900.000000	102.309	-165.3593
2950.000000	102.262	-166.6264
3000.000000	102.184	-167.7656
3040.000000	102.028	-168.2450
3070.000000	101.960	-168.5427
3110.000000	101.871	-168.7832
3150.000000	101.806	-168.8597
3200.000000	101.743	-168.7870
3250.000000	101.716	-168.8331
3300.000000	101.719	-168.8641
3350.000000	101.743	-168.8478
3400.000000	101.777	-168.9325
3450.000000	101.820	-169.0591
3500.000000	101.894	-169.3326
3550.000000	101.950	-169.7277
3600.000000	101.999	-170.1917
3650.000000	102.090	-170.9283
3700.000000	102.148	-171.7708
3750.000000	102.218	-172.4537
3820.000000	102.264	-173.8351
3870.000000	102.302	-174.8599
3950.000000	102.307	-176.6772
4000.000000	102.333	-178.0733
4060.000000	102.285	-179.5564
4120.000000	102.227	178.8265
4180.000000	102.132	177.1693
4250.000000	101.990	175.3075
4310.000000	101.835	173.7086
4370.000000	101.663	172.1922
4440.000000	101.412	170.5134
4500.000000	101.183	169.1146
4550.000000	100.958	168.1138
4620.000000	100.654	166.9351
4680.000000	100.366	166.0058
4750.000000	100.010	165.0955
4820.000000	99.638	164.3829
4870.000000	99.362	164.1006
4940.000000	98.989	163.7517
5000.000000	98.554	163.9434
5080.000000	98.221	163.9290
5150.000000	97.833	164.2899
5220.000000	97.469	164.8419
5300.000000	97.053	165.7741
5380.000000	96.667	166.8568
5450.000000	96.329	168.0323
5520.000000	96.033	169.2415
5600.000000	95.720	170.8909
5700.000000	95.348	173.2322
5800.000000	94.992	175.3320
5900.000000	94.699	177.9130
6000.000000	94.487	179.9382
6080.000000	94.320	-177.6820
6150.000000	94.226	-175.9751
6220.000000	94.122	-174.1953
6300.000000	93.978	-171.9719
6400.000000	93.874	-169.7417
6500.000000	93.751	-167.0250
6600.000000	93.610	-163.9121
6700.000000	93.631	-161.1476
6800.000000	93.696	-157.0477
6900.000000	93.786	-153.3641
7000.000000	93.938	-150.1081
7100.000000	94.322	-146.7491
7200.000000	94.869	-144.4375
7300.000000	95.335	-142.3579
7400.000000	96.065	-140.5097
7500.000000	96.801	-140.0051
7620.000000	97.790	-141.3451
7750.000000	98.791	-146.0006
7880.000000	99.413	-153.9046
8000.000000	99.390	-162.2970
8120.000000	98.671	-169.5234
8250.000000	97.565	-173.3014
8380.000000	96.494	-172.9841
8500.000000	95.802	-170.1598
8620.000000	95.532	-166.6764
8750.000000	95.554	-164.4462
8850.000000	95.557	-164.0115
9000.000000	95.400	-164.0984
9120.000000	95.149	-163.8234
9250.000000	94.901	-162.4444
9380.000000	94.748	-160.7010
9500.000000	94.721	-158.9601
9620.000000	94.808	-157.2615
9750.000000	95.018	-155.8255
9880.000000	95.349	-155.6821
10000.000000	95.749	-156.3828
10150.000000	96.170	-159.0475
10300.000000	96.516	-163.6695
10440.000000	96.633	-169.6775
10600.000000	96.393	-177.3986
10750.000000	95.847	175.4911
10900.000000	95.039	169.2903
11060.000000	93.950	163.3635
11200.000000	92.893	159.5758
11380.000000	91.415	155.9048
11500.000000	90.392	154.6204
11720.000000	88.646	154.0141
11800.000000	88.076	154.2416
12060.000000	86.318	156.6884
12200.000000	85.572	158.4633
12410.000000	84.476	161.6371
12500.000000	84.146	163.5030
12650.000000	83.760	166.6735
12800.000000	83.399	169.4650
13150.000000	83.448	175.8146
13200.000000	83.552	176.5371
13400.000000	83.957	178.2866
13600.000000	84.578	179.0225
13800.000000	85.368	178.6305
14000.000000	86.356	177.1003
14300.000000	88.223	172.5522
14500.000000	89.840	166.7256
14750.000000	92.061	152.7208
15000.000000	93.926	130.8855
15250.000000	94.455	102.0123
15500.000000	93.271	75.5287
15750.000000	91.475	56.3597
16000.000000	89.848	42.0629
16250.000000	88.457	29.5839
16500.000000	87.376	18.2109
16750.000000	86.735	7.5516
17000.000000	86.711	-3.2222
17250.000000	87.530	-20.3271
17500.000000	88.516	-45.3849
17750.000000	89.157	-77.2139
18000.000000	89.429	-113.6224
18250.000000	89.411	-156.5098
18500.000000	89.080	154.7363
18750.000000	88.286	99.1890
19000.000000	86.910	37.8725
19250.000000	85.000	-29.8637
19500.000000	82.778	-105.2973
19750.000000	80.247	170.0448
