* Measurement data measured by REW V5.31.3
* Source: USB-C to 3.5mm Headphone Jack Adapter, USB-C to 3.5mm Headphone Jack Adapter, 0, volume: 0.138
* Format: 256k Log Swept Sine, 1 sweep at -12.0 dBFS with no timing reference
* Dated: Dec 14, 2024 7:03:01 PM
* REW Settings:
*  C-weighting compensation: Off
*  Target level: 75.0 dB
* Note: ; 
* Measurement: USB L
* Smoothing: None
* Frequency Step: 1/48 octave
* Start Frequency: 20.300 Hz
*
* Freq(Hz)	SPL(dB)	Phase(degrees)
20.299999	91.595	-151.7061
20.600000	91.575	-151.9135
20.900000	91.571	-151.9842
21.200001	91.591	-152.0678
21.400000	91.615	-152.1907
21.799999	91.668	-152.6618
22.000000	91.687	-153.0015
22.400000	91.695	-153.7859
22.700001	91.674	-154.3350
23.000000	91.643	-154.7605
23.299999	91.615	-155.0356
23.600000	91.605	-155.1951
24.000000	91.631	-155.3699
24.299999	91.672	-155.5709
24.700001	91.731	-155.9859
25.000000	91.763	-156.3648
25.400000	91.779	-156.8490
25.799999	91.770	-157.1998
26.200001	91.756	-157.3992
26.500000	91.750	-157.4960
26.900000	91.755	-157.6458
27.200001	91.764	-157.8165
27.600000	91.777	-158.1276
28.000000	91.785	-158.4861
28.500000	91.784	-158.8909
29.000000	91.780	-159.1781
29.500000	91.781	-159.3884
30.000000	91.787	-159.6265
30.400000	91.790	-159.8770
30.700001	91.789	-160.0942
31.100000	91.784	-160.3958
31.500000	91.778	-160.6796
32.000000	91.775	-160.9908
32.500000	91.779	-161.2696
33.000000	91.783	-161.5363
33.500000	91.783	-161.7903
34.000000	91.778	-162.0318
34.500000	91.774	-162.2783
35.000000	91.772	-162.5412
35.500000	91.770	-162.8016
36.000000	91.769	-163.0320
36.500000	91.770	-163.2340
37.000000	91.771	-163.4364
37.500000	91.769	-163.6580
38.200001	91.758	-163.9794
38.700001	91.749	-164.1947
39.500000	91.739	-164.5002
40.000000	91.736	-164.6658
40.599998	91.733	-164.8510
41.200001	91.729	-165.0479
41.799999	91.723	-165.2664
42.500000	91.715	-165.5365
43.099998	91.707	-165.7819
43.700001	91.696	-166.0382
44.400002	91.682	-166.3320
45.000000	91.675	-166.5927
45.500000	91.672	-166.8237
46.200001	91.667	-167.1065
46.799999	91.665	-167.2640
47.500000	91.666	-167.4349
48.200001	91.652	-167.6599
48.700001	91.632	-167.7841
49.400002	91.621	-167.8813
50.000000	91.636	-168.0472
50.799999	91.638	-168.4373
51.500000	91.604	-168.6459
52.200001	91.574	-168.7011
53.000000	91.557	-168.9194
53.799999	91.530	-169.2405
54.500000	91.512	-169.3981
55.200001	91.508	-169.5126
56.000000	91.499	-169.7029
57.000000	91.463	-170.0338
58.000000	91.413	-170.3632
59.000000	91.397	-170.6158
60.000000	91.392	-170.9655
60.799999	91.368	-171.1111
61.500000	91.350	-171.1703
62.200001	91.331	-171.3259
63.000000	91.297	-171.5656
64.000000	91.265	-171.8282
65.000000	91.238	-172.0232
66.000000	91.218	-172.1258
67.000000	91.198	-172.3633
68.000000	91.161	-172.6295
69.000000	91.118	-172.8072
70.000000	91.076	-172.9383
71.000000	91.048	-173.1364
72.000000	91.024	-173.4079
73.000000	90.995	-173.6600
74.000000	90.954	-173.7995
75.000000	90.930	-173.8868
76.199997	90.893	-174.1983
77.500000	90.832	-174.3424
78.800003	90.783	-174.5042
80.000000	90.740	-174.7816
81.199997	90.689	-175.0320
82.500000	90.658	-175.0991
83.800003	90.562	-175.3143
85.000000	90.537	-175.4070
86.199997	90.529	-175.7784
87.500000	90.452	-175.8200
88.500000	90.402	-175.8942
90.000000	90.366	-176.0913
91.199997	90.358	-176.0707
92.500000	90.264	-176.4398
93.800003	90.190	-176.5066
95.000000	90.156	-176.4969
96.199997	90.110	-176.6313
97.500000	90.046	-176.9326
98.800003	90.001	-177.0675
100.000000	89.940	-177.1114
101.500000	89.860	-177.2501
103.000000	89.817	-177.3033
104.400002	89.756	-177.4708
106.000000	89.702	-177.5320
107.500000	89.624	-177.6034
109.000000	89.559	-177.8238
110.599998	89.506	-177.7948
112.000000	89.408	-177.7966
113.800003	89.359	-177.8969
115.000000	89.308	-177.9078
117.199997	89.237	-177.9383
118.000000	89.215	-177.8660
120.599998	89.038	-178.1432
122.000000	89.059	-178.0780
124.099998	88.959	-177.8824
125.000000	88.918	-178.0518
126.500000	88.867	-178.0445
128.000000	88.791	-177.9880
131.500000	88.668	-177.9331
132.000000	88.652	-177.9192
134.000000	88.576	-177.7484
136.000000	88.494	-177.8590
138.000000	88.424	-177.7670
140.000000	88.370	-177.7671
143.000000	88.245	-177.4649
145.000000	88.213	-177.4132
147.500000	88.116	-177.2241
150.000000	88.020	-177.1073
152.500000	87.942	-176.9196
155.000000	87.876	-176.7818
157.500000	87.797	-176.5255
160.000000	87.769	-175.4350
162.500000	87.631	-176.0976
165.000000	87.590	-175.8989
167.500000	87.527	-175.8371
170.000000	87.466	-175.5921
172.500000	87.395	-175.3540
175.000000	87.343	-175.2065
177.500000	87.277	-174.9447
180.000000	87.217	-174.5891
182.500000	87.163	-174.4402
185.000000	87.123	-174.2476
187.500000	87.074	-173.8225
190.000000	87.025	-173.6483
192.500000	86.985	-173.3501
195.000000	86.970	-173.0540
197.500000	86.924	-172.8360
200.000000	86.902	-172.4845
203.000000	86.885	-172.3010
206.000000	86.855	-172.1134
209.000000	86.840	-171.8579
212.000000	86.803	-171.7590
214.000000	86.791	-171.5804
218.000000	86.743	-171.3920
220.000000	86.736	-171.1525
224.000000	86.720	-170.8819
227.000000	86.696	-170.6844
230.000000	86.693	-170.5476
233.000000	86.693	-170.4617
236.000000	86.681	-170.3958
240.000000	86.688	-169.9536
243.000000	86.662	-170.1299
247.000000	86.640	-170.2598
250.000000	86.627	-170.1960
254.000000	86.608	-170.1142
258.000000	86.605	-170.1174
262.000000	86.579	-169.9843
265.000000	86.585	-169.9394
269.000000	86.579	-169.9179
272.000000	86.579	-169.8951
276.000000	86.575	-169.8015
280.000000	86.592	-169.8719
285.000000	86.593	-169.8585
290.000000	86.606	-169.9768
295.000000	86.618	-170.0650
300.000000	86.612	-170.2880
304.000000	86.616	-170.5051
307.000000	86.636	-170.5922
311.000000	86.636	-170.7984
315.000000	86.643	-170.9929
320.000000	86.643	-171.1969
325.000000	86.648	-171.5002
330.000000	86.655	-171.7906
335.000000	86.660	-172.0962
340.000000	86.657	-172.4322
345.000000	86.658	-172.7812
350.000000	86.659	-173.1399
355.000000	86.672	-173.5007
360.000000	86.671	-173.8237
365.000000	86.668	-174.2776
370.000000	86.670	-174.6929
375.000000	86.678	-175.0878
382.000000	86.672	-175.6847
387.000000	86.681	-176.1772
395.000000	86.683	-176.9225
400.000000	86.688	-177.3551
406.000000	86.685	-177.9095
412.000000	86.680	-178.5524
418.000000	86.682	-179.1852
425.000000	86.690	-179.9644
431.000000	86.692	179.4900
437.000000	86.670	178.7383
444.000000	86.680	178.1879
450.000000	86.683	177.4724
455.000000	86.689	176.8945
462.000000	86.687	175.9995
468.000000	86.665	175.5184
475.000000	86.680	174.6046
482.000000	86.678	173.9004
487.000000	86.659	173.4129
494.000000	86.661	172.4592
500.000000	86.673	171.8620
508.000000	86.637	170.8430
515.000000	86.643	170.0337
522.000000	86.626	169.2893
530.000000	86.614	168.2979
538.000000	86.635	167.3206
545.000000	86.619	166.7333
552.000000	86.603	165.8029
560.000000	86.585	164.8670
570.000000	86.579	163.6664
580.000000	86.564	162.4950
590.000000	86.546	161.3185
600.000000	86.528	160.1205
608.000000	86.516	159.2101
615.000000	86.493	158.3493
622.000000	86.479	157.6289
630.000000	86.468	156.6755
640.000000	86.454	155.5362
650.000000	86.428	154.3488
660.000000	86.420	153.1692
670.000000	86.392	152.0651
680.000000	86.380	150.9993
690.000000	86.357	149.8852
700.000000	86.329	148.8752
710.000000	86.334	147.6765
720.000000	86.310	146.6160
730.000000	86.294	145.5909
740.000000	86.253	144.4499
750.000000	86.253	143.4705
762.000000	86.257	142.3503
775.000000	86.252	141.2431
788.000000	86.223	139.8818
800.000000	86.206	138.4925
812.000000	86.209	137.3304
825.000000	86.206	136.2533
838.000000	86.195	135.0554
850.000000	86.198	133.9401
862.000000	86.207	132.8024
875.000000	86.228	131.6827
885.000000	86.230	130.8372
900.000000	86.257	129.4717
912.000000	86.279	128.4948
925.000000	86.304	127.3380
938.000000	86.344	126.1843
950.000000	86.382	125.1450
962.000000	86.412	124.0739
975.000000	86.466	122.8813
988.000000	86.513	121.7740
1000.000000	86.572	120.7068
1015.000000	86.639	119.2529
1030.000000	86.713	117.8755
1044.000000	86.790	116.4522
1060.000000	86.874	114.9816
1075.000000	86.967	113.5020
1090.000000	87.055	112.0047
1106.000000	87.158	110.3108
1120.000000	87.246	108.7636
1138.000000	87.355	106.8522
1150.000000	87.424	105.5572
1172.000000	87.550	103.0711
1180.000000	87.604	102.1053
1206.000000	87.751	99.0924
1220.000000	87.846	97.4618
1241.000000	87.958	94.9001
1250.000000	88.013	93.8728
1265.000000	88.091	92.0714
1280.000000	88.163	90.2516
1315.000000	88.335	86.0108
1320.000000	88.352	85.4305
1340.000000	88.441	82.9577
1360.000000	88.536	80.6013
1380.000000	88.617	78.2217
1400.000000	88.701	75.8252
1430.000000	88.822	72.3073
1450.000000	88.902	69.9700
1475.000000	89.006	67.0679
1500.000000	89.109	64.1648
1525.000000	89.211	61.2756
1550.000000	89.313	58.4211
1575.000000	89.418	55.5810
1600.000000	89.523	52.7216
1625.000000	89.631	49.8944
1650.000000	89.745	47.0678
1675.000000	89.856	44.2104
1700.000000	89.960	41.4433
1725.000000	90.075	38.6137
1750.000000	90.186	35.8125
1775.000000	90.302	32.9684
1800.000000	90.417	30.1536
1825.000000	90.525	27.3105
1850.000000	90.633	24.4697
1875.000000	90.751	21.6698
1900.000000	90.859	18.8335
1925.000000	90.978	16.0090
1950.000000	91.085	13.1892
1975.000000	91.192	10.3646
2000.000000	91.306	7.5856
2030.000000	91.433	4.1534
2060.000000	91.559	0.7522
2090.000000	91.686	-2.6287
2120.000000	91.811	-6.0607
2140.000000	91.892	-8.3474
2180.000000	92.046	-12.8636
2200.000000	92.119	-15.1129
2240.000000	92.269	-19.6165
2270.000000	92.376	-23.0523
2300.000000	92.475	-26.4197
2330.000000	92.569	-29.8359
2360.000000	92.664	-33.1793
2400.000000	92.777	-37.6639
2430.000000	92.856	-41.0244
2470.000000	92.952	-45.4684
2500.000000	93.021	-48.7623
2540.000000	93.096	-53.1440
2580.000000	93.166	-57.4612
2620.000000	93.219	-61.7303
2650.000000	93.255	-64.8751
2690.000000	93.296	-69.0598
2720.000000	93.324	-72.1234
2760.000000	93.353	-76.1194
2800.000000	93.372	-80.0907
2850.000000	93.391	-84.9052
2900.000000	93.398	-89.6016
2950.000000	93.390	-94.1793
3000.000000	93.388	-98.6509
3040.000000	93.381	-102.0790
3070.000000	93.372	-104.6058
3110.000000	93.353	-107.9207
3150.000000	93.341	-111.1496
3200.000000	93.334	-115.0233
3250.000000	93.323	-118.8845
3300.000000	93.315	-122.6079
3350.000000	93.301	-126.3248
3400.000000	93.285	-129.9238
3450.000000	93.259	-133.4395
3500.000000	93.238	-136.8273
3550.000000	93.214	-140.1558
3600.000000	93.182	-143.3951
3650.000000	93.151	-146.5467
3700.000000	93.114	-149.5981
3750.000000	93.085	-152.6010
3820.000000	93.031	-156.6329
3870.000000	92.989	-159.3885
3950.000000	92.917	-163.6652
4000.000000	92.864	-166.1949
4060.000000	92.802	-169.1230
4120.000000	92.737	-171.9391
4180.000000	92.668	-174.5973
4250.000000	92.575	-177.5096
4310.000000	92.505	-179.8668
4370.000000	92.428	177.8557
4440.000000	92.340	175.4850
4500.000000	92.273	173.5200
4550.000000	92.208	171.9608
4620.000000	92.122	169.9579
4680.000000	92.044	168.3442
4750.000000	91.953	166.6076
4820.000000	91.876	165.0840
4870.000000	91.810	164.0188
4940.000000	91.721	162.6978
5000.000000	91.650	161.6712
5080.000000	91.545	160.5536
5150.000000	91.459	159.7343
5220.000000	91.372	159.0516
5300.000000	91.285	158.4939
5380.000000	91.196	158.0112
5450.000000	91.119	157.7327
5520.000000	91.040	157.5679
5600.000000	90.943	157.4858
5700.000000	90.815	157.7243
5800.000000	90.672	158.2545
5900.000000	90.536	159.1949
6000.000000	90.392	160.4935
6080.000000	90.296	161.7826
6150.000000	90.208	162.8832
6220.000000	90.129	164.1307
6300.000000	90.056	165.7982
6400.000000	89.986	168.1382
6500.000000	89.958	170.8708
6600.000000	89.950	173.7124
6700.000000	90.000	176.8810
6800.000000	90.086	-179.8691
6900.000000	90.223	-176.6054
7000.000000	90.396	-173.3163
7100.000000	90.602	-170.0212
7200.000000	90.856	-166.8975
7300.000000	91.132	-164.0471
7400.000000	91.426	-161.6077
7500.000000	91.710	-159.4527
7620.000000	92.023	-157.3541
7750.000000	92.336	-155.7108
7880.000000	92.540	-154.7877
8000.000000	92.572	-154.8431
8120.000000	92.365	-155.3668
8250.000000	91.834	-155.4258
8380.000000	90.998	-154.4746
8500.000000	90.049	-152.0242
8620.000000	88.970	-148.0230
8750.000000	87.779	-141.7867
8850.000000	86.866	-135.6815
9000.000000	85.544	-125.1008
9120.000000	84.606	-115.3972
9250.000000	83.636	-104.0531
9380.000000	82.742	-91.9476
9500.000000	82.016	-80.0570
9620.000000	81.325	-67.9186
9750.000000	80.662	-54.1928
9880.000000	79.983	-39.7452
10000.000000	79.467	-26.1808
10150.000000	78.853	-8.6412
10300.000000	78.310	9.3812
10440.000000	77.899	26.5071
10600.000000	77.326	48.1810
10750.000000	76.926	69.1820
10900.000000	76.718	91.2802
11060.000000	76.876	115.6553
11200.000000	77.349	137.0815
11380.000000	78.329	161.5404
11500.000000	78.927	175.4555
11720.000000	79.639	-160.8401
11800.000000	79.768	-152.2505
12060.000000	80.148	-123.0039
12200.000000	80.332	-106.3475
12410.000000	80.613	-81.2644
12500.000000	80.812	-70.4065
12650.000000	81.136	-52.0405
12800.000000	81.526	-33.5648
13150.000000	82.622	9.0468
13200.000000	82.846	15.4620
13400.000000	83.705	39.5389
13600.000000	84.696	63.0565
13800.000000	85.870	85.6423
14000.000000	87.197	107.1802
14300.000000	89.628	136.2525
14500.000000	91.588	151.0505
14750.000000	93.878	159.5868
15000.000000	94.298	157.5948
15250.000000	92.187	160.8636
15500.000000	89.383	175.4605
15750.000000	86.801	-162.9141
16000.000000	84.544	-137.0645
16250.000000	82.664	-109.2797
16500.000000	81.163	-80.5528
16750.000000	79.851	-52.3619
17000.000000	78.671	-24.2787
17250.000000	77.596	2.3659
17500.000000	76.476	28.5430
17750.000000	75.422	53.9886
18000.000000	74.256	78.1525
18250.000000	73.091	100.6310
18500.000000	71.596	121.4122
18750.000000	70.523	142.0158
19000.000000	68.973	157.5496
19250.000000	67.417	169.7203
19500.000000	65.660	177.3111
19750.000000	63.399	173.7853
