* Measurement data measured by REW V5.20
* Source: USB-C to 3.5mm Headphone Jack Adapter, USB-C to 3.5mm Headphone Jack Adapter, 0, volume: 0.138. Timing signal peak level -17.8 dBFS, measurement signal peak level -17.5 dBFS
* Format: 256k Log Swept Sine, 1 sweep at -12.0 dBFS using an acoustic timing reference
* Dated: Jan 29, 2024 8:37:34 PM
* REW Settings:
*  C-weighting compensation: Off
*  Target level: 75.0 dB
* Note: ; Delay -0.0912 ms (-31 mm, -1.23 in) using estimated IR delay relative to Acoustic reference on USB-C to 3.5mm Headphone Jack Adapter L with no timing offset
* Measurement: S L
* Smoothing: None
* Frequency Step: 1/48 octave
* Start Frequency: 20.300 Hz
*
* Freq(Hz)	SPL(dB)	Phase(degrees)
20.299999	94.658707	-133.9552
20.600000	94.704453	-134.5150
20.900000	94.751732	-135.0033
21.200001	94.802399	-135.5175
21.400000	94.836533	-135.8901
21.799999	94.899513	-136.6971
22.000000	94.926544	-137.1161
22.400000	94.971939	-137.9430
22.700001	95.001747	-138.5259
23.000000	95.031433	-139.0768
23.299999	95.062401	-139.6105
23.600000	95.093452	-140.1421
24.000000	95.130226	-140.8450
24.299999	95.153183	-141.3402
24.700001	95.182617	-141.9159
25.000000	95.210831	-142.2892
25.400000	95.262451	-142.7751
25.799999	95.322159	-143.3529
26.200001	95.368042	-144.0566
26.500000	95.381516	-144.6116
26.900000	95.372139	-145.2515
27.200001	95.355988	-145.5874
27.600000	95.348831	-145.8567
28.000000	95.376328	-146.0612
28.500000	95.450722	-146.4897
29.000000	95.524551	-147.1636
29.500000	95.572006	-147.8771
30.000000	95.607361	-148.4915
30.400000	95.637741	-148.9888
30.700001	95.658104	-149.4272
31.100000	95.671143	-150.1058
31.500000	95.662529	-150.7977
32.000000	95.639832	-151.4953
32.500000	95.641586	-151.9650
33.000000	95.682022	-152.3833
33.500000	95.733704	-152.8844
34.000000	95.764374	-153.3979
34.500000	95.773300	-153.8069
35.000000	95.780327	-154.1440
35.500000	95.793579	-154.5406
36.000000	95.804138	-155.0357
36.500000	95.807327	-155.5307
37.000000	95.813904	-155.9316
37.500000	95.835876	-156.2678
38.200001	95.881302	-156.8202
38.700001	95.902115	-157.2978
39.500000	95.907097	-157.9721
40.000000	95.914543	-158.2777
40.599998	95.940109	-158.6490
41.200001	95.962799	-159.1160
41.799999	95.962601	-159.5972
42.500000	95.945717	-160.0496
43.099998	95.937729	-160.3977
43.700001	95.943268	-160.7831
44.400002	95.975624	-161.3351
45.000000	96.015030	-161.9701
45.500000	96.029808	-162.5208
46.200001	96.018135	-162.9178
46.799999	96.029411	-162.8347
47.500000	96.085312	-162.8784
48.200001	96.095596	-163.4163
48.700001	96.058868	-163.8405
49.400002	96.017220	-164.3189
50.000000	96.010132	-164.8195
50.799999	95.993324	-165.4286
51.500000	96.000107	-165.6003
52.200001	96.045052	-165.8512
53.000000	96.051926	-166.4004
53.799999	96.027000	-166.7076
54.500000	96.038559	-166.9843
55.200001	96.044075	-167.4422
56.000000	96.032166	-167.8162
57.000000	96.043388	-168.1522
58.000000	96.036331	-168.5974
59.000000	96.026817	-169.1319
60.000000	96.012535	-169.6848
60.799999	96.018852	-169.8747
61.500000	96.037788	-170.0588
62.200001	96.035324	-170.3506
63.000000	96.012749	-170.6611
64.000000	96.012337	-171.0598
65.000000	96.008942	-171.5315
66.000000	95.994499	-171.7552
67.000000	96.006889	-172.1125
68.000000	95.985344	-172.5970
69.000000	95.965630	-172.8182
70.000000	95.960938	-173.2218
71.000000	95.935982	-173.6842
72.000000	95.928268	-173.9876
73.000000	95.927818	-174.2145
74.000000	95.920082	-174.4888
75.000000	95.887192	-174.8480
76.199997	95.862335	-175.0530
77.500000	95.863914	-175.4188
78.800003	95.820976	-175.6755
80.000000	95.825516	-176.0023
81.199997	95.816528	-176.5245
82.500000	95.778610	-176.7972
83.800003	95.740051	-176.9710
85.000000	95.756287	-177.0556
86.199997	95.756721	-177.5279
87.500000	95.699074	-177.8494
88.500000	95.688118	-178.0196
90.000000	95.661896	-177.9858
91.199997	95.663902	-178.1424
92.500000	95.676140	-178.4340
93.800003	95.649559	-178.8086
95.000000	95.622894	-178.9697
96.199997	95.640961	-179.4019
97.500000	95.630814	-179.6592
98.800003	95.604179	179.9250
100.000000	95.589203	179.8572
101.500000	95.559669	179.3486
103.000000	95.528587	179.1023
104.400002	95.471565	178.9350
106.000000	95.487000	178.8759
107.500000	95.443741	178.4276
109.000000	95.363014	178.0411
110.599998	95.314835	177.7154
112.000000	95.269981	177.5532
113.800003	95.244461	177.5078
115.000000	95.208755	177.6410
117.199997	95.153885	177.6665
118.000000	95.159378	177.6765
120.599998	95.129166	178.1713
122.000000	95.139069	177.8684
124.099998	95.178307	177.6852
125.000000	95.163399	177.5779
126.500000	95.175880	177.3076
128.000000	95.170837	177.0773
131.500000	95.141579	176.4888
132.000000	95.132118	176.4093
134.000000	95.103432	176.0717
136.000000	95.075897	175.7857
138.000000	95.053612	175.5653
140.000000	95.007202	175.4094
143.000000	94.951172	175.0004
145.000000	94.923164	174.7950
147.500000	94.873726	174.5699
150.000000	94.821823	174.3231
152.500000	94.789177	174.1516
155.000000	94.732422	173.9675
157.500000	94.686935	173.7439
160.000000	94.643173	173.6431
162.500000	94.598824	173.4999
165.000000	94.558731	173.3487
167.500000	94.500099	173.2942
170.000000	94.462372	173.1429
172.500000	94.417725	173.0743
175.000000	94.370720	172.9886
177.500000	94.334969	172.9189
180.000000	94.294685	172.8458
182.500000	94.239426	172.7473
185.000000	94.202812	172.6795
187.500000	94.160110	172.6068
190.000000	94.129562	172.5871
192.500000	94.072372	172.3867
195.000000	94.039291	172.3158
197.500000	94.010506	172.2312
200.000000	93.956078	172.4026
203.000000	93.898857	172.2601
206.000000	93.837265	172.3765
209.000000	93.799309	172.2286
212.000000	93.736458	172.2213
214.000000	93.704491	172.2165
218.000000	93.627586	172.2125
220.000000	93.600410	172.2516
224.000000	93.525017	172.3097
227.000000	93.480515	172.3561
230.000000	93.423950	172.4160
233.000000	93.377609	172.5171
236.000000	93.324806	172.5847
240.000000	93.248077	172.7369
243.000000	93.207092	172.9333
247.000000	93.159691	173.1213
250.000000	93.121277	173.3361
254.000000	93.086014	173.5305
258.000000	93.042877	173.5809
262.000000	93.017860	173.7255
265.000000	92.974678	173.7697
269.000000	92.923599	173.8612
272.000000	92.890915	173.8914
276.000000	92.827637	174.0226
280.000000	92.788963	174.0700
285.000000	92.725677	174.2385
290.000000	92.662483	174.4171
295.000000	92.593430	174.6433
300.000000	92.522011	174.8183
304.000000	92.479591	174.9755
307.000000	92.442841	175.1463
311.000000	92.388840	175.2825
315.000000	92.342651	175.4955
320.000000	92.285042	175.7366
325.000000	92.228325	175.9855
330.000000	92.173759	176.2481
335.000000	92.116058	176.5510
340.000000	92.057594	176.8210
345.000000	92.005821	177.1193
350.000000	91.947037	177.3937
355.000000	91.893143	177.7067
360.000000	91.843925	178.0173
365.000000	91.792336	178.3563
370.000000	91.752876	178.6710
375.000000	91.693649	178.9221
382.000000	91.630302	179.4142
387.000000	91.576660	179.6944
395.000000	91.510109	-179.7144
400.000000	91.468987	-179.3735
406.000000	91.418106	-178.9607
412.000000	91.365738	-178.5591
418.000000	91.310303	-178.1017
425.000000	91.259895	-177.6252
431.000000	91.207359	-177.1682
437.000000	91.165848	-176.7577
444.000000	91.114716	-176.2254
450.000000	91.068497	-175.7550
455.000000	91.029053	-175.4021
462.000000	90.984970	-174.8741
468.000000	90.940575	-174.4083
475.000000	90.900513	-173.8630
482.000000	90.847549	-173.3392
487.000000	90.818710	-172.9568
494.000000	90.771416	-172.3770
500.000000	90.746979	-171.9462
508.000000	90.696167	-171.3018
515.000000	90.654282	-170.7372
522.000000	90.618515	-170.1517
530.000000	90.579582	-169.4853
538.000000	90.532768	-168.8658
545.000000	90.497955	-168.2929
552.000000	90.465355	-167.7052
560.000000	90.433304	-167.0404
570.000000	90.381538	-166.2294
580.000000	90.345978	-165.3506
590.000000	90.298264	-164.5274
600.000000	90.262138	-163.6617
608.000000	90.231972	-162.9826
615.000000	90.207489	-162.3961
622.000000	90.185844	-161.7631
630.000000	90.163773	-161.0710
640.000000	90.131165	-160.1862
650.000000	90.103622	-159.3492
660.000000	90.072090	-158.4590
670.000000	90.053055	-157.5386
680.000000	90.026825	-156.6594
690.000000	90.008980	-155.7526
700.000000	89.995224	-154.8726
710.000000	89.973549	-153.9320
720.000000	89.955887	-153.0101
730.000000	89.945709	-152.1005
740.000000	89.938507	-151.1632
750.000000	89.930222	-150.2216
762.000000	89.923134	-149.1300
775.000000	89.924774	-147.8993
788.000000	89.925606	-146.6455
800.000000	89.931686	-145.5002
812.000000	89.935028	-144.3349
825.000000	89.950661	-143.0908
838.000000	89.971283	-141.8291
850.000000	89.988632	-140.6707
862.000000	90.013176	-139.4762
875.000000	90.053436	-138.2242
885.000000	90.078094	-137.2471
900.000000	90.126785	-135.7629
912.000000	90.171570	-134.6389
925.000000	90.224472	-133.4259
938.000000	90.286621	-132.1466
950.000000	90.349091	-130.9933
962.000000	90.411774	-129.9072
975.000000	90.488731	-128.6899
988.000000	90.568863	-127.4898
1000.000000	90.654282	-126.4241
1015.000000	90.759964	-125.0981
1030.000000	90.881851	-123.8458
1044.000000	90.991577	-122.6909
1060.000000	91.132072	-121.4433
1075.000000	91.268929	-120.3245
1090.000000	91.404480	-119.2427
1106.000000	91.554543	-118.1696
1120.000000	91.689934	-117.3169
1138.000000	91.861084	-116.2988
1150.000000	91.976585	-115.6515
1172.000000	92.181747	-114.5481
1180.000000	92.258018	-114.1620
1206.000000	92.487473	-113.0487
1220.000000	92.610794	-112.4917
1241.000000	92.782745	-111.6900
1250.000000	92.859306	-111.3635
1265.000000	92.978394	-110.8372
1280.000000	93.096428	-110.3398
1315.000000	93.358604	-109.2039
1320.000000	93.392967	-109.0443
1340.000000	93.535522	-108.4326
1360.000000	93.678421	-107.8441
1380.000000	93.812134	-107.2395
1400.000000	93.945648	-106.6944
1430.000000	94.142273	-105.8774
1450.000000	94.274452	-105.3520
1475.000000	94.436165	-104.6868
1500.000000	94.599945	-104.0733
1525.000000	94.761627	-103.4915
1550.000000	94.924149	-102.9635
1575.000000	95.081398	-102.5177
1600.000000	95.245316	-102.0727
1625.000000	95.399620	-101.6967
1650.000000	95.549881	-101.3890
1675.000000	95.698181	-101.1407
1700.000000	95.838577	-100.9517
1725.000000	95.973526	-100.7852
1750.000000	96.105042	-100.7043
1775.000000	96.233337	-100.6843
1800.000000	96.347656	-100.7074
1825.000000	96.458588	-100.8222
1850.000000	96.551544	-100.9908
1875.000000	96.632271	-101.2926
1900.000000	96.710037	-101.7102
1925.000000	96.752426	-102.0531
1950.000000	96.674263	-103.0794
1975.000000	96.444450	-102.3372
2000.000000	96.367958	-100.2172
2030.000000	96.225098	-98.3646
2060.000000	96.100655	-96.8679
2090.000000	96.245903	-95.3359
2120.000000	96.362907	-93.5072
2140.000000	96.428810	-92.5569
2180.000000	96.634415	-91.1499
2200.000000	96.696388	-90.2707
2240.000000	96.807854	-89.1595
2270.000000	96.923073	-88.4141
2300.000000	96.993668	-87.5333
2330.000000	97.091347	-86.7287
2360.000000	97.153450	-85.8983
2400.000000	97.276299	-84.7138
2430.000000	97.358582	-83.7258
2470.000000	97.522621	-82.6244
2500.000000	97.653694	-82.3183
2540.000000	97.748795	-81.0082
2580.000000	97.879318	-79.8656
2620.000000	97.998940	-79.5520
2650.000000	98.101143	-78.9400
2690.000000	98.217056	-78.2592
2720.000000	98.225632	-77.1202
2760.000000	98.399933	-75.4362
2800.000000	98.553680	-74.1738
2850.000000	98.710556	-73.5958
2900.000000	98.860977	-73.0798
2950.000000	98.987503	-72.7358
3000.000000	99.095963	-72.4511
3040.000000	99.170891	-72.2970
3070.000000	99.215210	-72.1566
3110.000000	99.267555	-71.9937
3150.000000	99.305542	-71.7921
3200.000000	99.339798	-71.5264
3250.000000	99.361267	-71.2154
3300.000000	99.365021	-70.8130
3350.000000	99.362556	-70.3605
3400.000000	99.350601	-69.7901
3450.000000	99.338890	-69.1474
3500.000000	99.326019	-68.4299
3550.000000	99.323738	-67.6075
3600.000000	99.333511	-66.7371
3650.000000	99.362305	-65.9391
3700.000000	99.400520	-65.2818
3750.000000	99.429169	-64.8090
3820.000000	99.435272	-64.2266
3870.000000	99.411140	-63.8344
3950.000000	99.343842	-63.0860
4000.000000	99.290764	-62.5400
4060.000000	99.216141	-61.8388
4120.000000	99.131142	-61.0684
4180.000000	99.044037	-60.2014
4250.000000	98.941353	-59.1168
4310.000000	98.854950	-58.1244
4370.000000	98.772125	-57.1293
4440.000000	98.668320	-55.9629
4500.000000	98.580177	-54.9584
4550.000000	98.500916	-54.1183
4620.000000	98.386765	-52.8934
4680.000000	98.284912	-51.8400
4750.000000	98.163849	-50.5726
4820.000000	98.032539	-49.3046
4870.000000	97.938141	-48.3534
4940.000000	97.804260	-47.0284
5000.000000	97.686981	-45.8592
5080.000000	97.518784	-44.2524
5150.000000	97.373657	-42.8166
5220.000000	97.220566	-41.2978
5300.000000	97.049973	-39.5334
5380.000000	96.872437	-37.6814
5450.000000	96.721664	-36.0184
5520.000000	96.571365	-34.2494
5600.000000	96.405052	-32.2115
5700.000000	96.207092	-29.5976
5800.000000	96.025620	-26.8468
5900.000000	95.846832	-24.0545
6000.000000	95.687355	-21.1411
6080.000000	95.576447	-18.7635
6150.000000	95.490311	-16.6490
6220.000000	95.416672	-14.4559
6300.000000	95.352753	-12.0035
6400.000000	95.300529	-8.8255
6500.000000	95.291313	-5.6864
6600.000000	95.311546	-2.5488
6700.000000	95.371407	0.4887
6800.000000	95.479004	3.4696
6900.000000	95.630501	6.3422
7000.000000	95.837921	9.0040
7100.000000	96.089279	11.4216
7200.000000	96.405128	13.5709
7300.000000	96.767700	15.2370
7400.000000	97.178116	16.3032
7500.000000	97.620468	16.7025
7620.000000	98.158554	16.0490
7750.000000	98.696503	13.7685
7880.000000	99.073685	9.8670
8000.000000	99.180733	5.1384
8120.000000	98.992744	0.0893
8250.000000	98.483421	-4.8083
8380.000000	97.741592	-8.4905
8500.000000	96.949249	-10.6816
8620.000000	96.099899	-11.9274
8750.000000	95.116478	-12.1769
8850.000000	94.364197	-11.5356
9000.000000	93.265099	-9.5303
9120.000000	92.428101	-7.0360
9250.000000	91.593361	-3.7405
9380.000000	90.826492	0.0417
9500.000000	90.194061	3.9782
9620.000000	89.599373	8.0076
9750.000000	89.031448	12.5178
9880.000000	88.504608	17.3737
10000.000000	88.080597	21.8590
10150.000000	87.610168	27.5723
10300.000000	87.204742	33.2296
10440.000000	86.887627	38.4550
10600.000000	86.560127	44.5322
10750.000000	86.326302	50.1406
10900.000000	86.152786	55.4896
11060.000000	86.005669	61.1445
11200.000000	85.936104	65.8337
11380.000000	85.902870	71.6963
11500.000000	85.909554	75.4637
11720.000000	86.030365	81.8148
11800.000000	86.099617	83.9582
12060.000000	86.407852	90.3299
12200.000000	86.637161	93.2602
12410.000000	87.084412	97.1962
12500.000000	87.317795	98.5465
12650.000000	87.736282	100.5340
12800.000000	88.274551	101.8997
13150.000000	89.821381	102.3240
13200.000000	90.091011	102.0326
13400.000000	91.291779	99.2228
13600.000000	92.647003	93.5550
13800.000000	94.058105	83.9899
14000.000000	95.225990	69.7398
14300.000000	95.790901	43.4130
14500.000000	95.370834	26.3053
14750.000000	94.439575	8.3487
15000.000000	93.538078	-6.6974
15250.000000	92.930664	-20.7969
15500.000000	92.557785	-35.9202
15750.000000	92.292389	-53.4729
16000.000000	91.853210	-73.8716
16250.000000	90.980972	-96.1976
16500.000000	89.615662	-118.4387
16750.000000	87.950821	-139.3965
17000.000000	86.219025	-158.7118
17250.000000	84.605598	-177.5032
17500.000000	83.118790	163.2526
17750.000000	81.861748	142.9086
18000.000000	80.797791	119.9395
18250.000000	80.000877	93.5938
18500.000000	79.226387	61.4272
18750.000000	78.472557	24.7170
19000.000000	77.684120	-21.3442
19250.000000	76.447220	-74.7985
19500.000000	74.495369	-139.4550
19750.000000	71.538452	142.4270
