* Measurement data measured by REW V5.20
* Source: USB-C to 3.5mm Headphone Jack Adapter, USB-C to 3.5mm Headphone Jack Adapter, 0, volume: 0.138
* Format: 256k Log Swept Sine, 1 sweep at -12.0 dBFS with no timing reference
* Dated: May 30, 2024 5:51:31 PM
* REW Settings:
*  C-weighting compensation: Off
*  Target level: 75.0 dB
* Note: ; 
* Measurement: a R
* Smoothing: None
* Frequency Step: 1/48 octave
* Start Frequency: 20.300 Hz
*
* Freq(Hz)	SPL(dB)	Phase(degrees)
20.299999	96.001076	-151.1375
20.600000	96.039925	-152.0120
20.900000	96.054070	-152.8725
21.200001	96.054291	-153.6441
21.400000	96.053307	-154.0480
21.799999	96.067207	-154.5611
22.000000	96.093857	-154.7085
22.400000	96.185867	-154.9672
22.700001	96.270264	-155.3121
23.000000	96.339836	-155.8639
23.299999	96.370712	-156.5916
23.600000	96.350922	-157.3843
24.000000	96.258575	-158.3019
24.299999	96.171982	-158.7839
24.700001	96.087341	-159.1989
25.000000	96.068382	-159.4989
25.400000	96.095711	-160.0981
25.799999	96.141731	-160.9583
26.200001	96.169296	-161.8586
26.500000	96.175758	-162.3905
26.900000	96.187126	-162.8312
27.200001	96.212608	-163.0332
27.600000	96.270340	-163.3668
28.000000	96.330322	-163.9529
28.500000	96.358337	-164.9972
29.000000	96.322525	-165.9975
29.500000	96.266953	-166.6797
30.000000	96.235703	-167.1455
30.400000	96.225700	-167.5110
30.700001	96.217461	-167.8026
31.100000	96.200806	-168.1754
31.500000	96.186279	-168.5001
32.000000	96.189926	-168.9307
32.500000	96.214279	-169.5727
33.000000	96.224869	-170.4383
33.500000	96.198425	-171.2841
34.000000	96.150360	-171.8462
34.500000	96.114334	-172.1099
35.000000	96.105515	-172.2957
35.500000	96.109909	-172.6140
36.000000	96.104904	-173.1062
36.500000	96.081772	-173.6789
37.000000	96.050156	-174.2143
37.500000	96.027603	-174.6643
38.200001	96.026253	-175.2609
38.700001	96.031799	-175.7580
39.500000	96.009048	-176.5560
40.000000	95.984116	-176.9151
40.599998	95.971825	-177.2700
41.200001	95.970993	-177.7335
41.799999	95.952148	-178.2802
42.500000	95.912323	-178.7872
43.099998	95.893661	-179.1487
43.700001	95.883827	-179.5962
44.400002	95.859627	179.8881
45.000000	95.845451	179.5379
45.500000	95.844864	179.1727
46.200001	95.827110	178.4617
46.799999	95.785881	177.9210
47.500000	95.753265	177.5028
48.200001	95.721313	177.0020
48.700001	95.655785	176.6791
49.400002	95.549500	176.6963
50.000000	95.544441	176.8619
50.799999	95.626556	176.3749
51.500000	95.637131	175.6982
52.200001	95.588394	175.4328
53.000000	95.489899	175.1067
53.799999	95.341980	174.6159
54.500000	95.309334	174.2721
55.200001	95.390511	173.5924
56.000000	95.423431	172.8186
57.000000	95.372673	172.8991
58.000000	95.325630	172.4774
59.000000	95.263168	172.1352
60.000000	95.325966	171.9141
60.799999	95.272507	171.2862
61.500000	95.154510	171.0366
62.200001	95.098831	170.9350
63.000000	95.100395	170.5316
64.000000	95.071190	170.1104
65.000000	95.041748	170.0016
66.000000	95.024017	169.5678
67.000000	94.976753	169.1404
68.000000	94.943130	168.8409
69.000000	94.897186	168.4349
70.000000	94.859306	168.1993
71.000000	94.823357	167.7468
72.000000	94.751266	167.3370
73.000000	94.728012	167.0441
74.000000	94.691086	166.6768
75.000000	94.623322	166.5383
76.199997	94.574554	166.2704
77.500000	94.524872	165.8776
78.800003	94.466812	165.5528
80.000000	94.430496	165.3194
81.199997	94.413437	165.0524
82.500000	94.322350	164.7434
83.800003	94.260056	164.4895
85.000000	94.221832	164.1604
86.199997	94.169670	163.9028
87.500000	94.106972	163.6577
88.500000	94.070305	163.4385
90.000000	94.011925	163.2048
91.199997	93.961678	162.9896
92.500000	93.905670	162.7723
93.800003	93.855354	162.5388
95.000000	93.806053	162.3487
96.199997	93.767075	162.1880
97.500000	93.710144	162.0177
98.800003	93.657883	162.0031
100.000000	93.581879	161.7121
101.500000	93.531464	161.6418
103.000000	93.470695	161.1958
104.400002	93.434692	161.1952
106.000000	93.371986	161.0364
107.500000	93.289658	160.8813
109.000000	93.269737	160.8075
110.599998	93.202560	160.5150
112.000000	93.142616	160.6107
113.800003	93.057846	160.3650
115.000000	93.043701	160.1333
117.199997	92.955986	160.1174
118.000000	92.920074	159.9669
120.599998	92.877655	160.1783
122.000000	92.780075	159.9050
124.099998	92.718201	159.7867
125.000000	92.692963	159.7108
126.500000	92.643478	159.6318
128.000000	92.594749	159.5829
131.500000	92.490822	159.4172
132.000000	92.472130	159.3785
134.000000	92.399887	159.4156
136.000000	92.338593	159.2846
138.000000	92.267212	159.2209
140.000000	92.217529	159.1783
143.000000	92.120270	159.1577
145.000000	92.052422	159.1631
147.500000	91.984627	159.1669
150.000000	91.897530	159.1347
152.500000	91.826721	159.1765
155.000000	91.756325	159.1885
157.500000	91.694801	159.1791
160.000000	91.618896	159.2533
162.500000	91.550919	159.2328
165.000000	91.493317	159.3593
167.500000	91.422668	159.3735
170.000000	91.367325	159.4399
172.500000	91.304298	159.5593
175.000000	91.238167	159.6045
177.500000	91.176758	159.6252
180.000000	91.140099	159.8071
182.500000	91.063156	159.8658
185.000000	91.007500	159.9888
187.500000	90.956871	160.0872
190.000000	90.901772	160.1116
192.500000	90.853416	160.2623
195.000000	90.796387	160.2687
197.500000	90.736298	160.3932
200.000000	90.687775	160.4906
203.000000	90.625626	160.6177
206.000000	90.558807	160.8231
209.000000	90.501060	160.9156
212.000000	90.440506	161.1151
214.000000	90.398399	161.2646
218.000000	90.330170	161.4625
220.000000	90.288956	161.6263
224.000000	90.213638	161.8095
227.000000	90.162979	162.0383
230.000000	90.108505	162.3321
233.000000	90.061920	162.5431
236.000000	90.014229	162.7489
240.000000	90.039146	163.2953
243.000000	89.942108	163.2624
247.000000	89.895370	163.5132
250.000000	89.862366	163.6079
254.000000	89.810234	163.8058
258.000000	89.754593	164.0273
262.000000	89.708664	164.2355
265.000000	89.666290	164.4123
269.000000	89.613701	164.6306
272.000000	89.580132	164.8235
276.000000	89.531570	164.9919
280.000000	89.477394	165.2178
285.000000	89.414650	165.5282
290.000000	89.351295	165.7954
295.000000	89.292053	166.1622
300.000000	89.231003	166.3874
304.000000	89.196823	166.6926
307.000000	89.162659	166.9207
311.000000	89.119270	167.1653
315.000000	89.082672	167.4290
320.000000	89.037773	167.7993
325.000000	88.980469	168.0708
330.000000	88.938896	168.3462
335.000000	88.888977	168.7148
340.000000	88.847153	169.0554
345.000000	88.802689	169.4193
350.000000	88.765747	169.7487
355.000000	88.726067	170.0993
360.000000	88.673950	170.4341
365.000000	88.639427	170.7310
370.000000	88.604996	171.0900
375.000000	88.569534	171.4507
382.000000	88.528145	171.8810
387.000000	88.494499	172.2099
395.000000	88.443092	172.7044
400.000000	88.416473	173.0233
406.000000	88.377968	173.3938
412.000000	88.335175	173.7866
418.000000	88.295921	174.2075
425.000000	88.261375	174.6175
431.000000	88.228905	175.0233
437.000000	88.192162	175.3688
444.000000	88.160812	175.8635
450.000000	88.127251	176.2568
455.000000	88.106926	176.5627
462.000000	88.064880	177.0266
468.000000	88.048660	177.4141
475.000000	88.012848	177.8401
482.000000	87.989471	178.3077
487.000000	87.960236	178.6560
494.000000	87.938858	179.1269
500.000000	87.910645	179.4794
508.000000	87.883789	-179.9904
515.000000	87.856033	-179.5690
522.000000	87.836121	-179.0935
530.000000	87.807274	-178.6112
538.000000	87.781776	-178.0608
545.000000	87.758736	-177.6334
552.000000	87.744141	-177.1808
560.000000	87.714989	-176.6750
570.000000	87.693901	-176.0216
580.000000	87.664139	-175.3699
590.000000	87.641983	-174.7574
600.000000	87.634216	-174.1982
608.000000	87.607582	-173.5760
615.000000	87.589417	-173.1719
622.000000	87.580925	-172.6897
630.000000	87.571625	-172.1874
640.000000	87.549110	-171.5204
650.000000	87.535049	-170.9156
660.000000	87.537308	-170.2186
670.000000	87.510452	-169.5638
680.000000	87.501640	-168.9240
690.000000	87.490013	-168.3000
700.000000	87.489563	-167.6560
710.000000	87.490440	-166.9903
720.000000	87.481430	-166.2865
730.000000	87.483162	-165.6951
740.000000	87.488098	-164.9969
750.000000	87.488533	-164.3304
762.000000	87.490196	-163.4794
775.000000	87.504974	-162.6471
788.000000	87.518349	-161.7839
800.000000	87.524048	-160.9913
812.000000	87.540771	-160.1413
825.000000	87.569283	-159.3153
838.000000	87.596657	-158.4353
850.000000	87.622948	-157.6413
862.000000	87.656502	-156.8513
875.000000	87.692696	-155.9614
885.000000	87.726471	-155.3344
900.000000	87.789795	-154.2877
912.000000	87.823814	-153.5635
925.000000	87.883682	-152.7245
938.000000	87.943504	-151.9182
950.000000	87.998337	-151.1488
962.000000	88.060516	-150.4258
975.000000	88.135124	-149.6605
988.000000	88.212219	-148.9342
1000.000000	88.287422	-148.2581
1015.000000	88.381271	-147.4339
1030.000000	88.477585	-146.6651
1044.000000	88.581085	-146.0204
1060.000000	88.693817	-145.2404
1075.000000	88.807632	-144.6151
1090.000000	88.913445	-144.0225
1106.000000	89.033920	-143.4616
1120.000000	89.143829	-142.9660
1138.000000	89.281219	-142.4115
1150.000000	89.369537	-142.0546
1172.000000	89.533333	-141.5419
1180.000000	89.596870	-141.3565
1206.000000	89.785080	-140.8304
1220.000000	89.887535	-140.5932
1241.000000	90.026413	-140.3127
1250.000000	90.082520	-140.1607
1265.000000	90.184593	-139.9910
1280.000000	90.274734	-139.8271
1315.000000	90.480705	-139.5396
1320.000000	90.515564	-139.4033
1340.000000	90.613937	-139.3511
1360.000000	90.723862	-139.2246
1380.000000	90.822212	-139.0909
1400.000000	90.922050	-138.9914
1430.000000	91.062408	-138.8604
1450.000000	91.146225	-138.7187
1475.000000	91.249992	-138.5932
1500.000000	91.347939	-138.4479
1525.000000	91.448517	-138.3649
1550.000000	91.547440	-138.2129
1575.000000	91.638313	-138.0999
1600.000000	91.731918	-137.9873
1625.000000	91.820206	-137.8483
1650.000000	91.909012	-137.7177
1675.000000	91.996399	-137.6288
1700.000000	92.087402	-137.5346
1725.000000	92.170631	-137.3946
1750.000000	92.256165	-137.3019
1775.000000	92.344681	-137.2017
1800.000000	92.428749	-137.0955
1825.000000	92.511391	-137.0632
1850.000000	92.597626	-137.0045
1875.000000	92.685242	-136.9613
1900.000000	92.765694	-136.9207
1925.000000	92.845520	-136.8978
1950.000000	92.926689	-136.8883
1975.000000	93.006454	-136.9113
2000.000000	93.081261	-136.9248
2030.000000	93.181305	-136.9351
2060.000000	93.268280	-136.9887
2090.000000	93.360611	-137.0669
2120.000000	93.449402	-137.1596
2140.000000	93.502487	-137.2646
2180.000000	93.609726	-137.4150
2200.000000	93.662987	-137.4942
2240.000000	93.768097	-137.7017
2270.000000	93.840210	-137.8854
2300.000000	93.907646	-138.0729
2330.000000	93.973228	-138.2489
2360.000000	94.036186	-138.4578
2400.000000	94.111465	-138.7101
2430.000000	94.164825	-138.9676
2470.000000	94.228333	-139.2692
2500.000000	94.274933	-139.4848
2540.000000	94.329239	-139.7845
2580.000000	94.374168	-140.0876
2620.000000	94.414368	-140.3652
2650.000000	94.440208	-140.5688
2690.000000	94.469521	-140.8274
2720.000000	94.486107	-140.9610
2760.000000	94.505760	-141.1503
2800.000000	94.521484	-141.3147
2850.000000	94.538193	-141.4009
2900.000000	94.558464	-141.3578
2950.000000	94.597038	-141.2697
3000.000000	94.658264	-141.1877
3040.000000	94.714264	-141.2310
3070.000000	94.759796	-141.3262
3110.000000	94.809723	-141.4897
3150.000000	94.855698	-141.6507
3200.000000	94.905533	-141.9059
3250.000000	94.948761	-142.1468
3300.000000	94.984428	-142.3645
3350.000000	95.016846	-142.6434
3400.000000	95.053932	-142.8660
3450.000000	95.080795	-143.1486
3500.000000	95.114136	-143.4156
3550.000000	95.134987	-143.7217
3600.000000	95.149017	-143.9938
3650.000000	95.163200	-144.2560
3700.000000	95.174911	-144.4866
3750.000000	95.188583	-144.6876
3820.000000	95.208305	-145.0034
3870.000000	95.222099	-145.2897
3950.000000	95.232780	-145.7792
4000.000000	95.242798	-146.1051
4060.000000	95.240082	-146.4812
4120.000000	95.243019	-146.9021
4180.000000	95.229477	-147.3485
4250.000000	95.206947	-147.8895
4310.000000	95.171402	-148.3571
4370.000000	95.120522	-148.8259
4440.000000	95.043228	-149.2746
4500.000000	94.967155	-149.5178
4550.000000	94.906845	-149.5943
4620.000000	94.830261	-149.6428
4680.000000	94.778900	-149.5806
4750.000000	94.739952	-149.5391
4820.000000	94.713387	-149.6129
4870.000000	94.695343	-149.6669
4940.000000	94.675018	-149.8173
5000.000000	94.653900	-149.9466
5080.000000	94.614609	-150.2843
5150.000000	94.575134	-150.5519
5220.000000	94.523659	-150.8283
5300.000000	94.458168	-151.1765
5380.000000	94.381241	-151.4600
5450.000000	94.309029	-151.7174
5520.000000	94.230331	-151.8483
5600.000000	94.140343	-151.9739
5700.000000	94.026978	-152.0060
5800.000000	93.923889	-152.0083
5900.000000	93.827301	-151.9267
6000.000000	93.745491	-151.7628
6080.000000	93.683296	-151.6270
6150.000000	93.646767	-151.4523
6220.000000	93.609047	-151.2489
6300.000000	93.580833	-151.0496
6400.000000	93.574242	-150.8201
6500.000000	93.587585	-150.6593
6600.000000	93.624031	-150.5956
6700.000000	93.669800	-150.7002
6800.000000	93.727203	-150.9408
6900.000000	93.787598	-151.3496
7000.000000	93.836029	-151.7131
7100.000000	93.896057	-152.0714
7200.000000	93.982361	-152.2935
7300.000000	94.126259	-152.5063
7400.000000	94.341690	-152.8497
7500.000000	94.642525	-153.5804
7620.000000	95.107895	-155.3117
7750.000000	95.693008	-158.7744
7880.000000	96.250366	-164.4426
8000.000000	96.594093	-171.7143
8120.000000	96.611145	179.5640
8250.000000	96.174347	169.7388
8380.000000	95.340126	161.2151
8500.000000	94.347504	154.9084
8620.000000	93.250237	150.0670
8750.000000	92.007889	146.4312
8850.000000	91.034882	144.6557
9000.000000	89.627617	143.5204
9120.000000	88.562408	143.5947
9250.000000	87.483078	144.5506
9380.000000	86.464752	146.1179
9500.000000	85.613930	148.1936
9620.000000	84.800827	150.7184
9750.000000	84.005722	154.0453
9880.000000	83.261681	157.8454
10000.000000	82.628677	162.3117
10150.000000	82.023529	168.8911
10300.000000	81.622658	176.6842
10440.000000	81.640579	-174.4438
10600.000000	82.274925	-164.7324
10750.000000	83.497192	-158.1630
10900.000000	85.046066	-156.2760
11060.000000	86.492973	-159.2141
11200.000000	87.331665	-164.2149
11380.000000	87.890259	-170.5132
11500.000000	88.062027	-173.9417
11720.000000	88.326561	-178.4027
11800.000000	88.445229	-179.6209
12060.000000	89.080353	177.0074
12200.000000	89.610291	175.1886
12410.000000	90.692459	171.4957
12500.000000	91.254143	169.4997
12650.000000	92.415283	164.9911
12800.000000	93.808281	158.4218
13150.000000	97.532036	126.1185
13200.000000	97.893333	118.6202
13400.000000	97.789719	85.2045
13600.000000	95.624397	58.6718
13800.000000	93.139915	42.1339
14000.000000	91.018715	31.2802
14300.000000	88.629807	19.0160
14500.000000	87.456512	11.8116
14750.000000	86.388802	2.7507
15000.000000	85.574547	-7.3255
15250.000000	85.367065	-18.0081
15500.000000	85.380829	-30.3237
15750.000000	85.678879	-44.8322
16000.000000	86.358139	-62.1865
16250.000000	87.391228	-83.7719
16500.000000	88.633408	-111.5161
16750.000000	89.661926	-147.4604
17000.000000	89.528564	169.3047
17250.000000	87.983353	126.4258
17500.000000	85.814957	87.8387
17750.000000	83.729767	51.8261
18000.000000	81.841675	15.4736
18250.000000	80.276749	-23.6461
18500.000000	78.784531	-68.3767
18750.000000	76.526108	-123.1155
19000.000000	71.306412	-172.3738
19250.000000	69.443459	155.2191
19500.000000	69.041527	95.4272
19750.000000	67.756912	19.1349
