* Measurement data measured by REW V5.20
* Source: USB-C to 3.5mm Headphone Jack Adapter, USB-C to 3.5mm Headphone Jack Adapter, 0, volume: 0.138
* Format: 256k Log Swept Sine, 1 sweep at -12.0 dBFS with no timing reference
* Dated: Jun 26, 2024 10:08:12 PM
* REW Settings:
*  C-weighting compensation: Off
*  Target level: 75.0 dB
* Note: 
* Measurement: R
* Smoothing: None
* Frequency Step: 1/48 octave
* Start Frequency: 20.300 Hz
*
* Freq(Hz)	SPL(dB)	Phase(degrees)
20.299999	96.848557	20.1670
20.600000	96.861877	19.8247
20.900000	96.868454	19.5276
21.200001	96.874596	19.2344
21.400000	96.879898	19.0354
21.799999	96.894142	18.6206
22.000000	96.902802	18.4044
22.400000	96.921654	17.9607
22.700001	96.935547	17.6288
23.000000	96.948410	17.3071
23.299999	96.960098	17.0019
23.600000	96.970901	16.7157
24.000000	96.984901	16.3594
24.299999	96.995682	16.1042
24.700001	97.010666	15.7686
25.000000	97.021996	15.5147
25.400000	97.036377	15.1712
25.799999	97.049088	14.8264
26.200001	97.059875	14.4877
26.500000	97.066978	14.2409
26.900000	97.075798	13.9215
27.200001	97.082237	13.6876
27.600000	97.090797	13.3798
28.000000	97.099297	13.0756
28.500000	97.109810	12.7026
29.000000	97.120346	12.3405
29.500000	97.130638	11.9879
30.000000	97.139557	11.6424
30.400000	97.145241	11.3717
30.700001	97.148857	11.1726
31.100000	97.153488	10.9113
31.500000	97.158585	10.6512
32.000000	97.165710	10.3226
32.500000	97.172821	9.9921
33.000000	97.179070	9.6706
33.500000	97.184601	9.3666
34.000000	97.189819	9.0788
34.500000	97.194519	8.8010
35.000000	97.198448	8.5286
35.500000	97.201859	8.2583
36.000000	97.205101	7.9859
36.500000	97.207939	7.7099
37.000000	97.210258	7.4360
37.500000	97.212784	7.1711
38.200001	97.217987	6.8133
38.700001	97.221718	6.5607
39.500000	97.223740	6.1704
40.000000	97.223740	5.9421
40.599998	97.225777	5.6660
41.200001	97.229904	5.3586
41.799999	97.231850	5.0246
42.500000	97.228951	4.6635
43.099998	97.226662	4.4145
43.700001	97.228310	4.1918
44.400002	97.229881	3.8998
45.000000	97.224472	3.6224
45.500000	97.216537	3.3992
46.200001	97.208527	3.1097
46.799999	97.207527	2.8621
47.500000	97.208130	2.5718
48.200001	97.207268	2.3118
48.700001	97.206612	2.1411
49.400002	97.203880	1.8821
50.000000	97.195877	1.6328
50.799999	97.179916	1.3130
51.500000	97.173599	1.0668
52.200001	97.177444	0.8075
53.000000	97.177628	0.4876
53.799999	97.164841	0.2241
54.500000	97.152718	0.0338
55.200001	97.143509	-0.1805
56.000000	97.133530	-0.4496
57.000000	97.122635	-0.7695
58.000000	97.112747	-1.0824
59.000000	97.106285	-1.4496
60.000000	97.089722	-1.8260
60.799999	97.075806	-2.0060
61.500000	97.071594	-2.1607
62.200001	97.062927	-2.3821
63.000000	97.044151	-2.6313
64.000000	97.030930	-2.8981
65.000000	97.021027	-3.1920
66.000000	97.004227	-3.4529
67.000000	96.987541	-3.7111
68.000000	96.970901	-3.9582
69.000000	96.956764	-4.2028
70.000000	96.939064	-4.4655
71.000000	96.922577	-4.7120
72.000000	96.908447	-4.9638
73.000000	96.888710	-5.1917
74.000000	96.868767	-5.4072
75.000000	96.849770	-5.6275
76.199997	96.833679	-5.8857
77.500000	96.806160	-6.1948
78.800003	96.773979	-6.4688
80.000000	96.768829	-6.6954
81.199997	96.753998	-7.0459
82.500000	96.708588	-7.2047
83.800003	96.684349	-7.4541
85.000000	96.657448	-7.6836
86.199997	96.634918	-7.9003
87.500000	96.609200	-8.1097
88.500000	96.588219	-8.3018
90.000000	96.556320	-8.5394
91.199997	96.533951	-8.7601
92.500000	96.504402	-8.9657
93.800003	96.474380	-9.1588
95.000000	96.450378	-9.3355
96.199997	96.422691	-9.5313
97.500000	96.392647	-9.6577
98.800003	96.367210	-9.9127
100.000000	96.333298	-10.0756
101.500000	96.306824	-10.2926
103.000000	96.279343	-10.4358
104.400002	96.242332	-10.6070
106.000000	96.209206	-10.8637
107.500000	96.173706	-10.9791
109.000000	96.146996	-11.1924
110.599998	96.107140	-11.3573
112.000000	96.075104	-11.5283
113.800003	96.042320	-11.7779
115.000000	96.012962	-11.7979
117.199997	95.955162	-11.9716
118.000000	95.939682	-12.0895
120.599998	95.896637	-12.3231
122.000000	95.854645	-12.4072
124.099998	95.811859	-12.5990
125.000000	95.789291	-12.6849
126.500000	95.750023	-12.7769
128.000000	95.718689	-12.8943
131.500000	95.639038	-13.1413
132.000000	95.627747	-13.1759
134.000000	95.583771	-13.2832
136.000000	95.536804	-13.3882
138.000000	95.491623	-13.5139
140.000000	95.452347	-13.6217
143.000000	95.377991	-13.7352
145.000000	95.339539	-13.8190
147.500000	95.281723	-13.8468
150.000000	95.233170	-13.9598
152.500000	95.177216	-14.0426
155.000000	95.120964	-14.0635
157.500000	95.080727	-14.1597
160.000000	95.025009	-14.2342
162.500000	95.014465	-14.2558
165.000000	94.926697	-14.2670
167.500000	94.884140	-14.3378
170.000000	94.826286	-14.3746
172.500000	94.781509	-14.3695
175.000000	94.726631	-14.4063
177.500000	94.671852	-14.4085
180.000000	94.648109	-14.6500
182.500000	94.585953	-14.3209
185.000000	94.533867	-14.3404
187.500000	94.479424	-14.3498
190.000000	94.429535	-14.2699
192.500000	94.383286	-14.2089
195.000000	94.327866	-14.1655
197.500000	94.278473	-14.1025
200.000000	94.226700	-14.0062
203.000000	94.167938	-13.8478
206.000000	94.110184	-13.6431
209.000000	94.061134	-13.3991
212.000000	94.018829	-13.1081
214.000000	93.998825	-12.9119
218.000000	93.986534	-12.5318
220.000000	93.970512	-12.3250
224.000000	93.976662	-12.2816
227.000000	93.973137	-12.3130
230.000000	93.945877	-12.3537
233.000000	93.916359	-12.4029
236.000000	93.877373	-12.3760
240.000000	93.830864	-11.9829
243.000000	93.817230	-12.2257
247.000000	93.786362	-12.2314
250.000000	93.758492	-12.2694
254.000000	93.710258	-12.3190
258.000000	93.652847	-12.3358
262.000000	93.595665	-12.2864
265.000000	93.552948	-12.2066
269.000000	93.494522	-12.0731
272.000000	93.455360	-11.9695
276.000000	93.407867	-11.7938
280.000000	93.361725	-11.6336
285.000000	93.310593	-11.4185
290.000000	93.261581	-11.2382
295.000000	93.210686	-11.0749
300.000000	93.159035	-10.8899
304.000000	93.123306	-10.7110
307.000000	93.094849	-10.5895
311.000000	93.057777	-10.4630
315.000000	93.023247	-10.3328
320.000000	92.976990	-10.1303
325.000000	92.928345	-9.9883
330.000000	92.881836	-9.8055
335.000000	92.833008	-9.6364
340.000000	92.787399	-9.4248
345.000000	92.737289	-9.2085
350.000000	92.693130	-9.0045
355.000000	92.643806	-8.7829
360.000000	92.599388	-8.5080
365.000000	92.553566	-8.3079
370.000000	92.509003	-8.0660
375.000000	92.467712	-7.8102
382.000000	92.411591	-7.4507
387.000000	92.370544	-7.1827
395.000000	92.302330	-6.7432
400.000000	92.266472	-6.4640
406.000000	92.225502	-6.1264
412.000000	92.180420	-5.7693
418.000000	92.134705	-5.4299
425.000000	92.086479	-4.9615
431.000000	92.054398	-4.5591
437.000000	92.026184	-4.1186
444.000000	92.009415	-3.6820
450.000000	91.992279	-3.3720
455.000000	91.976212	-3.1637
462.000000	91.946472	-2.8587
468.000000	91.916718	-2.5927
475.000000	91.880234	-2.2744
482.000000	91.845459	-1.8783
487.000000	91.820427	-1.6507
494.000000	91.784554	-1.2753
500.000000	91.754250	-0.9610
508.000000	91.718681	-0.5224
515.000000	91.688644	-0.1548
522.000000	91.656326	0.2424
530.000000	91.626549	0.6695
538.000000	91.591347	1.1452
545.000000	91.562492	1.5379
552.000000	91.533409	1.9382
560.000000	91.513779	2.4131
570.000000	91.473221	2.9784
580.000000	91.443100	3.5507
590.000000	91.409393	4.1194
600.000000	91.379181	4.6573
608.000000	91.363327	5.1897
615.000000	91.340630	5.5989
622.000000	91.324539	6.0428
630.000000	91.305367	6.5000
640.000000	91.286369	7.1089
650.000000	91.259720	7.7052
660.000000	91.238190	8.3095
670.000000	91.224030	8.9181
680.000000	91.206093	9.5245
690.000000	91.193489	10.1264
700.000000	91.177864	10.7452
710.000000	91.168449	11.3795
720.000000	91.149307	11.9998
730.000000	91.153160	12.6381
740.000000	91.152153	13.2576
750.000000	91.140732	13.8806
762.000000	91.141052	14.6529
775.000000	91.143387	15.4752
788.000000	91.144623	16.3123
800.000000	91.155121	17.0801
812.000000	91.165619	17.8752
825.000000	91.180252	18.6844
838.000000	91.197479	19.5445
850.000000	91.224335	20.3104
862.000000	91.246971	21.1049
875.000000	91.277039	21.9112
885.000000	91.303627	22.5702
900.000000	91.344986	23.4882
912.000000	91.391281	24.2708
925.000000	91.440941	25.0629
938.000000	91.494179	25.8415
950.000000	91.545479	26.5619
962.000000	91.602089	27.2798
975.000000	91.664330	27.9990
988.000000	91.738220	28.7015
1000.000000	91.807335	29.3415
1015.000000	91.891312	30.0884
1030.000000	91.988327	30.8328
1044.000000	92.069656	31.4349
1060.000000	92.172516	32.1274
1075.000000	92.273811	32.7070
1090.000000	92.377258	33.2735
1106.000000	92.483696	33.7688
1120.000000	92.580826	34.2167
1138.000000	92.702148	34.7168
1150.000000	92.778389	35.0125
1172.000000	92.916496	35.5034
1180.000000	92.968834	35.6583
1206.000000	93.127655	36.1058
1220.000000	93.207428	36.3255
1241.000000	93.322067	36.5985
1250.000000	93.369621	36.7172
1265.000000	93.444336	36.9161
1280.000000	93.519753	37.0671
1315.000000	93.674637	37.4165
1320.000000	93.687866	37.4450
1340.000000	93.779526	37.6314
1360.000000	93.852715	37.8689
1380.000000	93.925400	38.0383
1400.000000	93.992638	38.2314
1430.000000	94.088013	38.5604
1450.000000	94.152512	38.7724
1475.000000	94.226974	39.0513
1500.000000	94.303719	39.3725
1525.000000	94.367149	39.6687
1550.000000	94.443092	39.9856
1575.000000	94.507988	40.3362
1600.000000	94.578171	40.6927
1625.000000	94.648994	41.0449
1650.000000	94.723595	41.4434
1675.000000	94.792755	41.8034
1700.000000	94.867310	42.2302
1725.000000	94.942497	42.6051
1750.000000	95.018410	43.0161
1775.000000	95.095352	43.4291
1800.000000	95.177902	43.8097
1825.000000	95.264145	44.2397
1850.000000	95.351334	44.6667
1875.000000	95.442970	45.0753
1900.000000	95.533531	45.4678
1925.000000	95.632843	45.8836
1950.000000	95.730331	46.2868
1975.000000	95.835373	46.7055
2000.000000	95.943871	47.0675
2030.000000	96.082413	47.5380
2060.000000	96.226379	47.9647
2090.000000	96.376091	48.3496
2120.000000	96.533531	48.6836
2140.000000	96.637451	48.8941
2180.000000	96.855461	49.2581
2200.000000	96.969215	49.4011
2240.000000	97.198997	49.6125
2270.000000	97.373276	49.7144
2300.000000	97.548637	49.7849
2330.000000	97.727669	49.7729
2360.000000	97.904251	49.7099
2400.000000	98.148376	49.5878
2430.000000	98.331474	49.4306
2470.000000	98.575836	49.1474
2500.000000	98.761856	48.8619
2540.000000	99.013268	48.4335
2580.000000	99.266243	47.8694
2620.000000	99.525734	47.2232
2650.000000	99.720039	46.6568
2690.000000	99.983673	45.7849
2720.000000	100.181831	45.0068
2760.000000	100.446373	43.8601
2800.000000	100.704834	42.5025
2850.000000	101.023109	40.5393
2900.000000	101.317757	38.2383
2950.000000	101.580612	35.6166
3000.000000	101.797409	32.6856
3040.000000	101.932533	30.1579
3070.000000	102.004547	28.1769
3110.000000	102.063667	25.4780
3150.000000	102.077545	22.7554
3200.000000	102.035522	19.3796
3250.000000	101.927032	16.1050
3300.000000	101.766335	13.0156
3350.000000	101.559654	10.1549
3400.000000	101.315346	7.5064
3450.000000	101.046173	5.1118
3500.000000	100.755341	2.9561
3550.000000	100.447906	1.0252
3600.000000	100.133118	-0.7127
3650.000000	99.811867	-2.2573
3700.000000	99.483498	-3.6499
3750.000000	99.155014	-4.8824
3820.000000	98.689514	-6.3283
3870.000000	98.353874	-7.2152
3950.000000	97.825539	-8.3451
4000.000000	97.494987	-8.8897
4060.000000	97.100922	-9.3733
4120.000000	96.714394	-9.7159
4180.000000	96.327820	-9.9291
4250.000000	95.886810	-9.9796
4310.000000	95.511703	-9.8325
4370.000000	95.148140	-9.6498
4440.000000	94.728523	-9.2254
4500.000000	94.378899	-8.7572
4550.000000	94.093864	-8.2775
4620.000000	93.699013	-7.4876
4680.000000	93.371117	-6.6790
4750.000000	92.994789	-5.6385
4820.000000	92.635902	-4.3763
4870.000000	92.386520	-3.4273
4940.000000	92.048538	-1.9826
5000.000000	91.769569	-0.6199
5080.000000	91.421158	1.4040
5150.000000	91.131302	3.2955
5220.000000	90.878296	5.3188
5300.000000	90.610336	7.7569
5380.000000	90.372307	10.2566
5450.000000	90.195671	12.5578
5520.000000	90.042114	14.9049
5600.000000	89.890823	17.6933
5700.000000	89.753036	21.1726
5800.000000	89.670090	24.8538
5900.000000	89.643127	28.5219
6000.000000	89.679810	32.2085
6080.000000	89.747513	35.1889
6150.000000	89.852966	37.7262
6220.000000	89.977997	40.2776
6300.000000	90.170288	43.0893
6400.000000	90.460358	46.5357
6500.000000	90.818909	49.8300
6600.000000	91.240288	52.8253
6700.000000	91.728424	55.5150
6800.000000	92.280380	57.9291
6900.000000	92.907066	59.9668
7000.000000	93.592079	61.4803
7100.000000	94.331284	62.3931
7200.000000	95.122070	62.7633
7300.000000	95.978256	62.3605
7400.000000	96.873390	61.0047
7500.000000	97.786522	58.4970
7620.000000	98.864136	53.7704
7750.000000	99.868370	46.2393
7880.000000	100.522911	36.6428
8000.000000	100.701508	27.0019
8120.000000	100.491806	17.9950
8250.000000	99.972839	9.8950
8380.000000	99.335655	3.5966
8500.000000	98.732140	-0.9950
8620.000000	98.136818	-4.7503
8750.000000	97.527397	-8.0794
8850.000000	97.087936	-10.2817
9000.000000	96.512947	-13.1985
9120.000000	96.109383	-15.4826
9250.000000	95.724442	-18.0879
9380.000000	95.358276	-21.0418
9500.000000	95.011787	-24.1417
9620.000000	94.648125	-27.5875
9750.000000	94.164940	-31.6431
9880.000000	93.593254	-35.7579
10000.000000	92.990799	-39.5348
10150.000000	92.123611	-43.8505
10300.000000	91.179932	-47.5689
10440.000000	90.254204	-50.4169
10600.000000	89.188606	-53.0421
10750.000000	88.206474	-54.5271
10900.000000	87.268646	-55.9733
11060.000000	86.291351	-56.8352
11200.000000	85.519409	-57.3684
11380.000000	84.615814	-57.6123
11500.000000	84.042053	-57.5261
11720.000000	83.119995	-57.7071
11800.000000	82.845932	-57.6003
12060.000000	82.059296	-57.7093
12200.000000	81.684532	-57.7100
12410.000000	81.284958	-57.8434
12500.000000	81.168083	-58.2792
12650.000000	81.023529	-58.4466
12800.000000	80.926552	-59.1095
13150.000000	81.079475	-61.1012
13200.000000	81.150490	-61.5491
13400.000000	81.473228	-63.4295
13600.000000	81.983391	-65.7765
13800.000000	82.699287	-68.2985
14000.000000	83.661819	-71.9091
14300.000000	85.514709	-78.7995
14500.000000	87.279732	-85.2896
14750.000000	90.205353	-97.6057
15000.000000	94.189926	-120.6372
15250.000000	97.646896	-169.6889
15500.000000	95.430611	135.5780
15750.000000	91.944511	105.5378
16000.000000	89.640991	83.7351
16250.000000	87.448586	63.2792
16500.000000	87.077492	43.4025
16750.000000	87.295753	16.8116
17000.000000	89.209717	-29.7604
17250.000000	86.843468	-127.1674
17500.000000	75.897308	152.8054
17750.000000	68.190155	65.7471
18000.000000	68.062386	-10.6226
18250.000000	68.892059	-62.0839
18500.000000	68.890045	-106.3575
18750.000000	68.061920	-146.5984
19000.000000	67.293694	157.1545
19250.000000	65.942581	101.8030
19500.000000	64.293274	37.7606
19750.000000	61.577175	-34.0590
