* Measurement data measured by REW V5.40 beta 124
* Source: USB-C to 3.5mm Headphone Jack Adapter, no input selected, 0, volume: 0.310
* Format: 256k Log Swept Sine, 1 sweep at -12.0 dBFS with no timing reference
* Dated: Jun 20, 2026, 7:27:44 PM
* REW Settings:
*  C-weighting compensation: Off
*  Target level: 75.0 dB
* Note: ; 
* Measurement: R
* Smoothing: None
* Frequency Step: 1/48 octave
* Start Frequency: 20.000 Hz
*
* Freq(Hz)	SPL(dB)	Phase(degrees)
20.000000	109.970	-166.7284
20.299999	109.964	-167.3730
20.600000	109.960	-168.0138
20.900000	109.956	-168.6540
21.200001	109.952	-169.2949
21.400000	109.949	-169.7221
21.799999	109.940	-170.5745
22.000000	109.935	-170.9974
22.400000	109.920	-171.8300
22.700001	109.906	-172.4364
23.000000	109.891	-173.0221
23.299999	109.875	-173.5852
23.600000	109.858	-174.1266
24.000000	109.837	-174.8194
24.299999	109.821	-175.3222
24.700001	109.802	-175.9764
25.000000	109.788	-176.4586
25.400000	109.770	-177.0947
25.799999	109.752	-177.7279
26.200001	109.733	-178.3616
26.500000	109.717	-178.8361
26.900000	109.693	-179.4619
27.200001	109.672	-179.9191
27.600000	109.642	179.4964
28.000000	109.611	178.9459
28.500000	109.575	178.2978
29.000000	109.542	177.6686
29.500000	109.512	177.0349
30.000000	109.480	176.3937
30.400000	109.453	175.8869
30.700001	109.431	175.5167
31.100000	109.402	175.0385
31.500000	109.373	174.5724
32.000000	109.339	173.9931
32.500000	109.303	173.4110
33.000000	109.264	172.8392
33.500000	109.223	172.2971
34.000000	109.182	171.7905
34.500000	109.144	171.3042
35.000000	109.109	170.8184
35.500000	109.075	170.3240
36.000000	109.039	169.8260
36.500000	109.000	169.3350
37.000000	108.959	168.8609
37.500000	108.917	168.4116
38.200001	108.860	167.8240
38.700001	108.822	167.4170
39.500000	108.762	166.7527
40.000000	108.722	166.3411
40.599998	108.673	165.8708
41.200001	108.625	165.4128
41.799999	108.576	164.9492
42.500000	108.514	164.4362
43.099998	108.464	164.0473
43.700001	108.421	163.6552
44.400002	108.372	163.1390
45.000000	108.320	162.6946
45.500000	108.275	162.3698
46.200001	108.218	161.9640
46.799999	108.176	161.6031
47.500000	108.124	161.1481
48.200001	108.065	160.6991
48.700001	108.019	160.4125
49.400002	107.957	160.0746
50.000000	107.911	159.8025
50.799999	107.854	159.3840
51.500000	107.796	158.9990
52.200001	107.735	158.6587
53.000000	107.669	158.3086
53.799999	107.609	157.9664
54.500000	107.560	157.6366
55.200001	107.506	157.2834
56.000000	107.438	156.9661
57.000000	107.374	156.6039
58.000000	107.295	156.1496
59.000000	107.217	155.9385
60.000000	107.176	155.5336
60.799999	107.104	155.0735
61.500000	107.026	154.8763
62.200001	106.971	154.7545
63.000000	106.916	154.4728
64.000000	106.827	154.1526
65.000000	106.757	153.8815
66.000000	106.679	153.5293
67.000000	106.609	153.2891
68.000000	106.540	152.9252
69.000000	106.458	152.7325
70.000000	106.409	152.4980
71.000000	106.327	152.1650
72.000000	106.256	152.0540
73.000000	106.194	151.7719
74.000000	106.110	151.6190
75.000000	106.061	151.4478
76.199997	105.962	151.0538
77.500000	105.874	150.9939
78.800003	105.797	150.6216
80.000000	105.708	150.5034
81.199997	105.643	150.2920
82.500000	105.553	150.1083
83.800003	105.475	149.9906
85.000000	105.410	149.8195
86.199997	105.323	149.5658
87.500000	105.225	149.5521
88.500000	105.178	149.4919
90.000000	105.093	149.2357
91.199997	105.016	149.0814
92.500000	104.937	148.9959
93.800003	104.867	148.8780
95.000000	104.796	148.8028
96.199997	104.729	148.7293
97.500000	104.655	148.6743
98.800003	104.583	148.5789
100.000000	104.516	148.5352
101.500000	104.437	148.3972
103.000000	104.353	148.3042
104.400002	104.272	148.2797
106.000000	104.196	148.2560
107.500000	104.121	148.2223
109.000000	104.047	148.1505
110.599998	103.961	148.0861
112.000000	103.885	148.0323
113.800003	103.789	148.1175
115.000000	103.735	148.1420
117.199997	103.648	148.1713
118.000000	103.614	148.0967
120.599998	103.487	148.2410
122.000000	103.416	148.0532
124.099998	103.324	148.1027
125.000000	103.278	148.1047
126.500000	103.211	148.1475
128.000000	103.150	148.2145
131.500000	103.008	148.3107
132.000000	102.980	148.2907
134.000000	102.896	148.4719
136.000000	102.816	148.5060
138.000000	102.737	148.6407
140.000000	102.667	148.7314
143.000000	102.549	148.8574
145.000000	102.482	148.8701
147.500000	102.385	149.0001
150.000000	102.298	149.0825
152.500000	102.214	149.2455
155.000000	102.120	149.4301
157.500000	102.042	149.5818
160.000000	101.959	149.7036
162.500000	101.877	149.9123
165.000000	101.797	150.0564
167.500000	101.716	150.2459
170.000000	101.638	150.3909
172.500000	101.567	150.5703
175.000000	101.491	150.7636
177.500000	101.421	150.9822
180.000000	101.361	151.1956
182.500000	101.275	151.4106
185.000000	101.213	151.6014
187.500000	101.146	151.8063
190.000000	101.083	152.0318
192.500000	101.020	152.2189
195.000000	100.961	152.4348
197.500000	100.901	152.6193
200.000000	100.839	152.8458
203.000000	100.766	153.0782
206.000000	100.696	153.3187
209.000000	100.624	153.5881
212.000000	100.552	153.8555
214.000000	100.505	154.0484
218.000000	100.409	154.4126
220.000000	100.363	154.6063
224.000000	100.265	155.0468
227.000000	100.195	155.4418
230.000000	100.128	155.9004
233.000000	100.065	156.3818
236.000000	100.024	156.9043
240.000000	99.997	157.5908
243.000000	100.006	158.0376
247.000000	100.004	158.3479
250.000000	100.000	158.3796
254.000000	99.964	158.4525
258.000000	99.909	158.5918
262.000000	99.847	158.7692
265.000000	99.797	158.9281
269.000000	99.740	159.1736
272.000000	99.692	159.3646
276.000000	99.637	159.6188
280.000000	99.580	159.9078
285.000000	99.516	160.2465
290.000000	99.446	160.6746
295.000000	99.374	160.9965
300.000000	99.313	161.2750
304.000000	99.260	161.7433
307.000000	99.223	161.9967
311.000000	99.173	162.3131
315.000000	99.127	162.6239
320.000000	99.072	163.0341
325.000000	99.019	163.4632
330.000000	98.963	163.8491
335.000000	98.916	164.2738
340.000000	98.870	164.6868
345.000000	98.823	165.1104
350.000000	98.775	165.4901
355.000000	98.728	165.9182
360.000000	98.690	166.3282
365.000000	98.649	166.7245
370.000000	98.608	167.1437
375.000000	98.573	167.5530
382.000000	98.517	168.1114
387.000000	98.481	168.5270
395.000000	98.432	169.1499
400.000000	98.394	169.5305
406.000000	98.360	170.0157
412.000000	98.325	170.4942
418.000000	98.292	170.9529
425.000000	98.247	171.4667
431.000000	98.214	171.9139
437.000000	98.181	172.3647
444.000000	98.147	172.8937
450.000000	98.116	173.3521
455.000000	98.094	173.7454
462.000000	98.054	174.2598
468.000000	98.030	174.6890
475.000000	97.999	175.2365
482.000000	97.970	175.7277
487.000000	97.952	176.1544
494.000000	97.920	176.6077
500.000000	97.903	177.0836
508.000000	97.874	177.6728
515.000000	97.851	178.1752
522.000000	97.824	178.6930
530.000000	97.803	179.2600
538.000000	97.778	179.8338
545.000000	97.759	-179.6624
552.000000	97.742	-179.1446
560.000000	97.717	-178.5768
570.000000	97.698	-177.8703
580.000000	97.676	-177.1393
590.000000	97.661	-176.4509
600.000000	97.644	-175.7412
608.000000	97.626	-175.1725
615.000000	97.618	-174.6740
622.000000	97.609	-174.2161
630.000000	97.600	-173.6964
640.000000	97.574	-173.0195
650.000000	97.552	-172.2883
660.000000	97.541	-171.4952
670.000000	97.543	-170.7372
680.000000	97.535	-170.0190
690.000000	97.538	-169.3165
700.000000	97.538	-168.5938
710.000000	97.542	-167.8501
720.000000	97.541	-167.1606
730.000000	97.555	-166.4421
740.000000	97.558	-165.7218
750.000000	97.568	-165.0083
762.000000	97.585	-164.1523
775.000000	97.602	-163.2241
788.000000	97.623	-162.2797
800.000000	97.648	-161.4637
812.000000	97.670	-160.6120
825.000000	97.702	-159.6829
838.000000	97.739	-158.7543
850.000000	97.775	-157.9208
862.000000	97.813	-157.0815
875.000000	97.863	-156.1541
885.000000	97.901	-155.4702
900.000000	97.962	-154.4242
912.000000	98.026	-153.6239
925.000000	98.089	-152.7386
938.000000	98.159	-151.8979
950.000000	98.227	-151.1172
962.000000	98.299	-150.3568
975.000000	98.383	-149.5642
988.000000	98.466	-148.7965
1000.000000	98.557	-148.1616
1015.000000	98.659	-147.2726
1030.000000	98.768	-146.4469
1044.000000	98.878	-145.7519
1060.000000	99.002	-144.9951
1075.000000	99.127	-144.2867
1090.000000	99.248	-143.6786
1106.000000	99.387	-143.0191
1120.000000	99.502	-142.5087
1138.000000	99.658	-141.9105
1150.000000	99.761	-141.5468
1172.000000	99.944	-140.9219
1180.000000	100.012	-140.7372
1206.000000	100.230	-140.1508
1220.000000	100.340	-139.8584
1241.000000	100.510	-139.4999
1250.000000	100.581	-139.3412
1265.000000	100.698	-139.1434
1280.000000	100.813	-138.9500
1315.000000	101.070	-138.5717
1320.000000	101.104	-138.5485
1340.000000	101.245	-138.3656
1360.000000	101.382	-138.2309
1380.000000	101.513	-138.0862
1400.000000	101.641	-137.9812
1430.000000	101.830	-137.8446
1450.000000	101.951	-137.7463
1475.000000	102.101	-137.6455
1500.000000	102.251	-137.5529
1525.000000	102.396	-137.4983
1550.000000	102.539	-137.4286
1575.000000	102.687	-137.4055
1600.000000	102.831	-137.3886
1625.000000	102.974	-137.3581
1650.000000	103.118	-137.3779
1675.000000	103.265	-137.3970
1700.000000	103.414	-137.4533
1725.000000	103.562	-137.5570
1750.000000	103.712	-137.7031
1775.000000	103.857	-137.9007
1800.000000	104.003	-138.1247
1825.000000	104.151	-138.3880
1850.000000	104.292	-138.6966
1875.000000	104.431	-139.0544
1900.000000	104.569	-139.4301
1925.000000	104.705	-139.8763
1950.000000	104.836	-140.3466
1975.000000	104.965	-140.8425
2000.000000	105.096	-141.4353
2030.000000	105.230	-142.0995
2060.000000	105.369	-142.8764
2090.000000	105.498	-143.7146
2120.000000	105.618	-144.5935
2140.000000	105.690	-145.2083
2180.000000	105.826	-146.4930
2200.000000	105.888	-147.1684
2240.000000	105.993	-148.5594
2270.000000	106.056	-149.6606
2300.000000	106.103	-150.7656
2330.000000	106.133	-151.8783
2360.000000	106.153	-152.9873
2400.000000	106.156	-154.4365
2430.000000	106.144	-155.4862
2470.000000	106.107	-156.8163
2500.000000	106.067	-157.7530
2540.000000	105.999	-158.9176
2580.000000	105.918	-159.9688
2620.000000	105.832	-160.9264
2650.000000	105.763	-161.5709
2690.000000	105.668	-162.3635
2720.000000	105.593	-162.9040
2760.000000	105.495	-163.5802
2800.000000	105.393	-164.1945
2850.000000	105.257	-164.8725
2900.000000	105.118	-165.4452
2950.000000	104.975	-165.9109
3000.000000	104.829	-166.2867
3040.000000	104.719	-166.4933
3070.000000	104.637	-166.5990
3110.000000	104.527	-166.6961
3150.000000	104.421	-166.7189
3200.000000	104.302	-166.7066
3250.000000	104.192	-166.6068
3300.000000	104.096	-166.4939
3350.000000	104.008	-166.3837
3400.000000	103.929	-166.2553
3450.000000	103.852	-166.1537
3500.000000	103.780	-166.0337
3550.000000	103.714	-165.9337
3600.000000	103.660	-165.8548
3650.000000	103.604	-165.7947
3700.000000	103.552	-165.8339
3750.000000	103.493	-165.8711
3820.000000	103.397	-165.9595
3870.000000	103.331	-165.9536
3950.000000	103.207	-165.9357
4000.000000	103.143	-166.0316
4060.000000	103.051	-166.1457
4120.000000	102.918	-166.3156
4180.000000	102.680	-165.7329
4250.000000	102.751	-164.5231
4310.000000	102.776	-164.7174
4370.000000	102.725	-164.9985
4440.000000	102.636	-165.2240
4500.000000	102.553	-165.3183
4550.000000	102.482	-165.3883
4620.000000	102.385	-165.4779
4680.000000	102.299	-165.5657
4750.000000	102.191	-165.6654
4820.000000	102.076	-165.7537
4870.000000	101.988	-165.8440
4940.000000	101.858	-165.9115
5000.000000	101.747	-165.9784
5080.000000	101.582	-165.9436
5150.000000	101.440	-165.9203
5220.000000	101.280	-165.7943
5300.000000	101.099	-165.6319
5380.000000	100.910	-165.3167
5450.000000	100.755	-164.9497
5520.000000	100.598	-164.5816
5600.000000	100.420	-163.9853
5700.000000	100.220	-163.2138
5800.000000	100.021	-162.3901
5900.000000	99.842	-161.4358
6000.000000	99.667	-160.4454
6080.000000	99.542	-159.5229
6150.000000	99.440	-158.6882
6220.000000	99.346	-157.8318
6300.000000	99.247	-156.8329
6400.000000	99.138	-155.4976
6500.000000	99.062	-153.9980
6600.000000	99.010	-152.4705
6700.000000	99.017	-150.7821
6800.000000	99.052	-149.0779
6900.000000	99.151	-147.3411
7000.000000	99.322	-145.7340
7100.000000	99.542	-144.2638
7200.000000	99.876	-143.1956
7300.000000	100.233	-142.5019
7400.000000	100.672	-142.2973
7500.000000	101.161	-142.6237
7620.000000	101.819	-144.1306
7750.000000	102.581	-147.4072
7880.000000	103.299	-152.7431
8000.000000	103.809	-159.7711
8120.000000	103.992	-168.4201
8250.000000	103.758	-178.1445
8380.000000	103.094	172.8301
8500.000000	102.217	166.0022
8620.000000	101.184	160.6454
8750.000000	99.987	156.6975
8850.000000	99.090	154.9476
9000.000000	97.799	153.5656
9120.000000	96.852	153.5382
9250.000000	95.921	154.2961
9380.000000	95.047	155.5829
9500.000000	94.374	156.8676
9620.000000	93.756	158.5551
9750.000000	93.142	160.6122
9880.000000	92.642	163.3310
10000.000000	92.252	164.6855
10150.000000	91.831	167.3490
10300.000000	91.488	169.9291
10440.000000	91.279	172.2091
10600.000000	91.076	174.8427
10750.000000	90.964	176.8965
10900.000000	90.959	178.9538
11060.000000	91.036	-178.9227
11200.000000	91.167	-177.5609
11380.000000	91.486	-176.4650
11500.000000	91.545	-176.0985
11720.000000	92.238	-174.1151
11800.000000	92.528	-174.0105
12060.000000	93.649	-175.5007
12200.000000	94.382	-177.3329
12410.000000	95.623	178.0530
12500.000000	96.226	175.1567
12650.000000	97.220	168.9034
12800.000000	98.199	160.4221
13150.000000	99.644	132.5848
13200.000000	99.693	128.0737
13400.000000	99.427	110.6277
13600.000000	98.746	95.5351
13800.000000	97.983	82.8557
14000.000000	97.330	71.8502
14300.000000	96.736	56.6389
14500.000000	96.647	45.9279
14750.000000	96.846	31.0357
15000.000000	97.315	13.0533
15250.000000	98.289	-10.8240
15500.000000	98.704	-42.7552
15750.000000	97.745	-79.3761
16000.000000	95.497	-112.1877
16250.000000	92.952	-139.0203
16500.000000	90.696	-162.1989
16750.000000	88.868	176.0010
17000.000000	87.608	152.5658
17250.000000	86.657	125.4316
17500.000000	85.694	92.4791
17750.000000	84.324	52.4932
18000.000000	81.929	7.3960
18250.000000	78.425	-38.4964
18500.000000	74.397	-83.1685
18750.000000	69.793	-126.4832
19000.000000	65.341	-174.9370
19250.000000	60.471	114.8383
19500.000000	54.909	68.2059
19750.000000	48.166	-8.2887
