* Measurement data measured by REW V5.31.3
* Source: USB-C to 3.5mm Headphone Jack Adapter, USB-C to 3.5mm Headphone Jack Adapter, 0, volume: 0.138
* Format: 256k Log Swept Sine, 1 sweep at -12.0 dBFS with no timing reference
* Dated: Sep 13, 2025 11:25:52 PM
* REW Settings:
*  C-weighting compensation: Off
*  Target level: 75.0 dB
* Note: 
* Measurement: R
* Smoothing: None
* Frequency Step: 1/48 octave
* Start Frequency: 20.300 Hz
*
* Freq(Hz)	SPL(dB)	Phase(degrees)
20.299999	97.480	19.5495
20.600000	97.485	18.8532
20.900000	97.486	18.2898
21.200001	97.492	17.7837
21.400000	97.499	17.4653
21.799999	97.518	16.8450
22.000000	97.528	16.5346
22.400000	97.545	15.9089
22.700001	97.552	15.4394
23.000000	97.556	14.9737
23.299999	97.557	14.5117
23.600000	97.559	14.0485
24.000000	97.564	13.4184
24.299999	97.570	12.9347
24.700001	97.576	12.2894
25.000000	97.579	11.8265
25.400000	97.579	11.2662
25.799999	97.578	10.7806
26.200001	97.579	10.3394
26.500000	97.581	10.0046
26.900000	97.583	9.5182
27.200001	97.581	9.1193
27.600000	97.573	8.5709
28.000000	97.561	8.0475
28.500000	97.548	7.4672
29.000000	97.547	6.9341
29.500000	97.552	6.3844
30.000000	97.551	5.8015
30.400000	97.547	5.3278
30.700001	97.542	4.9733
31.100000	97.538	4.4996
31.500000	97.534	4.0296
32.000000	97.528	3.4908
32.500000	97.523	3.0630
33.000000	97.525	2.7216
33.500000	97.535	2.3479
34.000000	97.535	1.8539
34.500000	97.513	1.2902
35.000000	97.478	0.7781
35.500000	97.453	0.3507
36.000000	97.448	-0.0780
36.500000	97.453	-0.5837
37.000000	97.449	-1.1319
37.500000	97.433	-1.6355
38.200001	97.406	-2.2190
38.700001	97.394	-2.6063
39.500000	97.380	-3.2692
40.000000	97.368	-3.7046
40.599998	97.345	-4.2144
41.200001	97.318	-4.6778
41.799999	97.300	-5.1151
42.500000	97.291	-5.6872
43.099998	97.273	-6.2191
43.700001	97.241	-6.6697
44.400002	97.208	-7.0660
45.000000	97.193	-7.4255
45.500000	97.184	-7.7727
46.200001	97.170	-8.2337
46.799999	97.162	-8.5733
47.500000	97.153	-9.0282
48.200001	97.123	-9.5970
48.700001	97.089	-10.0090
49.400002	97.049	-10.5271
50.000000	97.031	-10.9265
50.799999	97.013	-11.3943
51.500000	96.987	-11.7205
52.200001	96.956	-12.0280
53.000000	96.929	-12.5200
53.799999	96.903	-13.1607
54.500000	96.872	-13.5970
55.200001	96.849	-13.8414
56.000000	96.829	-14.1950
57.000000	96.754	-14.8062
58.000000	96.695	-15.2025
59.000000	96.681	-15.8297
60.000000	96.622	-16.4709
60.799999	96.578	-16.8182
61.500000	96.551	-17.1726
62.200001	96.520	-17.5340
63.000000	96.486	-17.8922
64.000000	96.441	-18.3602
65.000000	96.388	-18.8631
66.000000	96.332	-19.3825
67.000000	96.283	-19.7641
68.000000	96.257	-20.1666
69.000000	96.212	-20.6824
70.000000	96.157	-21.0968
71.000000	96.112	-21.5074
72.000000	96.057	-21.9301
73.000000	96.006	-22.2874
74.000000	95.971	-22.7049
75.000000	95.913	-23.1907
76.199997	95.822	-23.5004
77.500000	95.773	-23.9596
78.800003	95.702	-24.5436
80.000000	95.646	-24.9407
81.199997	95.576	-25.4262
82.500000	95.498	-25.7985
83.800003	95.441	-26.1720
85.000000	95.375	-26.5971
86.199997	95.306	-26.9662
87.500000	95.232	-27.3671
88.500000	95.179	-27.6727
90.000000	95.084	-28.1281
91.199997	95.026	-28.4289
92.500000	94.961	-28.7635
93.800003	94.896	-29.1062
95.000000	94.813	-29.4372
96.199997	94.746	-29.8476
97.500000	94.671	-30.0775
98.800003	94.602	-30.3810
100.000000	94.506	-30.6220
101.500000	94.430	-31.0433
103.000000	94.353	-31.2842
104.400002	94.261	-31.5936
106.000000	94.173	-31.8727
107.500000	94.083	-32.0582
109.000000	93.992	-32.4184
110.599998	93.886	-32.5827
112.000000	93.804	-32.8973
113.800003	93.746	-33.0536
115.000000	93.616	-33.1206
117.199997	93.493	-33.6833
118.000000	93.493	-33.5947
120.599998	93.189	-33.3348
122.000000	93.204	-34.2757
124.099998	93.099	-34.3257
125.000000	93.017	-34.4323
126.500000	92.955	-34.5143
128.000000	92.859	-34.5360
131.500000	92.663	-34.8609
132.000000	92.618	-34.7852
134.000000	92.501	-35.0352
136.000000	92.400	-35.0217
138.000000	92.253	-34.8420
140.000000	92.151	-35.0955
143.000000	91.986	-35.1113
145.000000	91.870	-35.0579
147.500000	91.776	-35.2250
150.000000	91.603	-34.7682
152.500000	91.517	-34.9069
155.000000	91.324	-34.4861
157.500000	91.194	-34.4396
160.000000	91.073	-34.2121
162.500000	90.922	-34.1405
165.000000	90.801	-33.9544
167.500000	90.693	-33.6340
170.000000	90.560	-33.5537
172.500000	90.429	-32.9494
175.000000	90.294	-32.7674
177.500000	90.171	-32.4919
180.000000	90.078	-32.1684
182.500000	89.983	-31.4502
185.000000	89.873	-31.4287
187.500000	89.765	-30.9859
190.000000	89.679	-30.5247
192.500000	89.580	-30.1508
195.000000	89.486	-29.8931
197.500000	89.392	-29.2485
200.000000	89.331	-28.9490
203.000000	89.202	-28.4416
206.000000	89.102	-27.7606
209.000000	89.016	-27.4086
212.000000	88.922	-26.6892
214.000000	88.871	-26.4455
218.000000	88.752	-25.6031
220.000000	88.716	-25.1274
224.000000	88.611	-24.3652
227.000000	88.535	-23.8424
230.000000	88.476	-23.1374
233.000000	88.398	-22.4227
236.000000	88.354	-21.8830
240.000000	88.261	-21.0593
243.000000	88.213	-20.4215
247.000000	88.149	-19.6980
250.000000	88.104	-19.0301
254.000000	88.052	-18.3007
258.000000	88.006	-17.4616
262.000000	87.966	-16.6800
265.000000	87.921	-16.0347
269.000000	87.893	-15.2682
272.000000	87.865	-14.7134
276.000000	87.827	-13.8369
280.000000	87.818	-12.9785
285.000000	87.820	-11.8510
290.000000	87.849	-10.8586
295.000000	87.900	-10.1559
300.000000	87.933	-9.5382
304.000000	87.956	-9.2635
307.000000	87.964	-8.9944
311.000000	87.957	-8.6133
315.000000	87.958	-8.2388
320.000000	87.956	-7.8317
325.000000	87.941	-7.2567
330.000000	87.941	-6.8157
335.000000	87.943	-6.3756
340.000000	87.929	-5.8377
345.000000	87.939	-5.2766
350.000000	87.942	-4.7839
355.000000	87.944	-4.5457
360.000000	87.913	-3.9010
365.000000	87.936	-3.5869
370.000000	87.932	-3.2183
375.000000	87.950	-2.7864
382.000000	87.950	-2.2184
387.000000	87.961	-1.8500
395.000000	87.973	-1.3484
400.000000	87.969	-0.9613
406.000000	87.970	-0.5670
412.000000	87.975	-0.2057
418.000000	87.980	0.2331
425.000000	87.994	0.6493
431.000000	87.984	1.0028
437.000000	87.991	1.3788
444.000000	87.995	1.7286
450.000000	87.988	2.0928
455.000000	87.990	2.3108
462.000000	87.998	2.7647
468.000000	87.994	3.0321
475.000000	87.996	3.4145
482.000000	87.987	3.7251
487.000000	87.990	3.9790
494.000000	87.982	4.3101
500.000000	87.969	4.6348
508.000000	87.967	4.9632
515.000000	87.959	5.3396
522.000000	87.956	5.6954
530.000000	87.947	6.0484
538.000000	87.932	6.5019
545.000000	87.917	6.7969
552.000000	87.912	7.1682
560.000000	87.898	7.5323
570.000000	87.879	8.0549
580.000000	87.862	8.5815
590.000000	87.863	9.1422
600.000000	87.838	9.7073
608.000000	87.829	10.1131
615.000000	87.830	10.4851
622.000000	87.815	10.8596
630.000000	87.811	11.2731
640.000000	87.807	11.8103
650.000000	87.791	12.3202
660.000000	87.785	12.8367
670.000000	87.768	13.3632
680.000000	87.757	13.9236
690.000000	87.746	14.5121
700.000000	87.733	15.0469
710.000000	87.724	15.6394
720.000000	87.712	16.3067
730.000000	87.714	16.8502
740.000000	87.698	17.4171
750.000000	87.700	18.0739
762.000000	87.683	18.8530
775.000000	87.685	19.7368
788.000000	87.693	20.6077
800.000000	87.711	21.5182
812.000000	87.718	22.3941
825.000000	87.757	23.3544
838.000000	87.803	24.3922
850.000000	87.859	25.2746
862.000000	87.922	26.1605
875.000000	88.024	26.9421
885.000000	88.095	27.5450
900.000000	88.212	28.1953
912.000000	88.298	28.6010
925.000000	88.382	29.0212
938.000000	88.446	29.3400
950.000000	88.497	29.6411
962.000000	88.540	30.0017
975.000000	88.591	30.4050
988.000000	88.637	30.8688
1000.000000	88.680	31.2440
1015.000000	88.739	31.7948
1030.000000	88.802	32.3622
1044.000000	88.870	32.8011
1060.000000	88.944	33.3677
1075.000000	89.020	33.8324
1090.000000	89.102	34.2809
1106.000000	89.180	34.6828
1120.000000	89.261	35.0068
1138.000000	89.358	35.4378
1150.000000	89.426	35.6607
1172.000000	89.536	36.0155
1180.000000	89.575	36.1480
1206.000000	89.710	36.5134
1220.000000	89.768	36.6223
1241.000000	89.862	36.8233
1250.000000	89.898	36.9238
1265.000000	89.961	37.0315
1280.000000	90.020	37.0843
1315.000000	90.143	37.3308
1320.000000	90.158	37.3715
1340.000000	90.218	37.4795
1360.000000	90.278	37.5739
1380.000000	90.338	37.7198
1400.000000	90.385	37.8225
1430.000000	90.458	38.0424
1450.000000	90.503	38.2383
1475.000000	90.563	38.4349
1500.000000	90.620	38.6670
1525.000000	90.678	38.9003
1550.000000	90.734	39.1265
1575.000000	90.793	39.4197
1600.000000	90.855	39.6808
1625.000000	90.920	39.9375
1650.000000	90.987	40.2286
1675.000000	91.059	40.4957
1700.000000	91.131	40.7723
1725.000000	91.209	41.0395
1750.000000	91.284	41.3054
1775.000000	91.366	41.5828
1800.000000	91.448	41.8185
1825.000000	91.542	42.0429
1850.000000	91.630	42.2886
1875.000000	91.724	42.4951
1900.000000	91.825	42.6969
1925.000000	91.918	42.8602
1950.000000	92.021	42.9825
1975.000000	92.127	43.1175
2000.000000	92.232	43.2055
2030.000000	92.366	43.3154
2060.000000	92.496	43.3752
2090.000000	92.629	43.3694
2120.000000	92.763	43.3627
2140.000000	92.853	43.3252
2180.000000	93.037	43.1849
2200.000000	93.130	43.1307
2240.000000	93.311	42.8946
2270.000000	93.442	42.7126
2300.000000	93.575	42.4436
2330.000000	93.708	42.1933
2360.000000	93.835	41.8820
2400.000000	94.007	41.3874
2430.000000	94.128	41.0192
2470.000000	94.284	40.4055
2500.000000	94.394	39.9003
2540.000000	94.533	39.1973
2580.000000	94.658	38.4686
2620.000000	94.773	37.6750
2650.000000	94.849	37.0757
2690.000000	94.935	36.2895
2720.000000	94.996	35.7249
2760.000000	95.060	34.9739
2800.000000	95.115	34.2920
2850.000000	95.171	33.5604
2900.000000	95.226	32.9200
2950.000000	95.285	32.3540
3000.000000	95.352	31.8165
3040.000000	95.407	31.3829
3070.000000	95.442	31.0344
3110.000000	95.486	30.5569
3150.000000	95.527	30.0900
3200.000000	95.569	29.4846
3250.000000	95.603	28.8939
3300.000000	95.631	28.3213
3350.000000	95.655	27.7109
3400.000000	95.671	27.1178
3450.000000	95.674	26.4534
3500.000000	95.666	25.7154
3550.000000	95.634	24.9182
3600.000000	95.584	24.0654
3650.000000	95.498	23.1466
3700.000000	95.376	22.1905
3750.000000	95.205	21.2245
3820.000000	94.859	20.0036
3870.000000	94.537	19.4162
3950.000000	93.884	19.3457
4000.000000	93.408	20.1374
4060.000000	92.821	22.2267
4120.000000	92.304	25.5707
4180.000000	91.932	30.0102
4250.000000	91.748	35.7633
4310.000000	91.809	40.5879
4370.000000	92.028	44.7333
4440.000000	92.394	48.5731
4500.000000	92.756	50.9156
4550.000000	93.052	52.3314
4620.000000	93.437	53.6280
4680.000000	93.729	54.3195
4750.000000	94.017	54.6486
4820.000000	94.246	54.6707
4870.000000	94.377	54.5866
4940.000000	94.528	54.3277
5000.000000	94.622	54.0883
5080.000000	94.718	53.6568
5150.000000	94.775	53.2410
5220.000000	94.817	52.7665
5300.000000	94.850	52.1323
5380.000000	94.875	51.3672
5450.000000	94.887	50.5317
5520.000000	94.884	49.5181
5600.000000	94.860	48.1508
5700.000000	94.789	46.1128
5800.000000	94.659	43.8156
5900.000000	94.460	41.2835
6000.000000	94.202	38.7328
6080.000000	93.955	36.7880
6150.000000	93.703	35.1067
6220.000000	93.462	33.5974
6300.000000	93.159	32.0944
6400.000000	92.791	30.4075
6500.000000	92.446	29.0425
6600.000000	92.135	27.8948
6700.000000	91.879	26.9890
6800.000000	91.671	26.2374
6900.000000	91.516	25.6210
7000.000000	91.411	25.1267
7100.000000	91.360	24.8925
7200.000000	91.437	24.7087
7300.000000	91.622	24.0495
7400.000000	91.766	22.4594
7500.000000	91.782	21.2449
7620.000000	92.019	20.8505
7750.000000	92.411	18.3312
7880.000000	92.651	14.5813
8000.000000	92.703	10.6269
8120.000000	92.567	6.3763
8250.000000	92.196	2.0069
8380.000000	91.635	-1.3526
8500.000000	90.997	-3.7073
8620.000000	90.296	-5.1158
8750.000000	89.488	-5.6940
8850.000000	88.865	-5.4330
9000.000000	87.985	-4.3187
9120.000000	87.316	-2.8925
9250.000000	86.680	-0.9169
9380.000000	86.119	1.1259
9500.000000	85.664	2.9856
9620.000000	85.302	4.7180
9750.000000	84.994	6.1303
9880.000000	84.773	7.3457
10000.000000	84.650	7.9981
10150.000000	84.551	8.0144
10300.000000	84.493	7.5689
10440.000000	84.561	6.0475
10600.000000	84.646	4.7910
10750.000000	84.828	3.3927
10900.000000	85.116	1.7703
11060.000000	85.475	-0.2479
11200.000000	85.830	-1.6805
11380.000000	86.307	-3.6428
11500.000000	86.663	-4.4976
11720.000000	87.339	-6.0459
11800.000000	87.618	-6.5970
12060.000000	88.523	-8.8343
12200.000000	89.004	-10.5620
12410.000000	89.603	-13.9460
12500.000000	89.809	-15.5489
12650.000000	89.987	-18.3682
12800.000000	90.049	-20.9476
13150.000000	89.890	-25.0335
13200.000000	89.859	-25.4123
13400.000000	89.779	-26.6946
13600.000000	89.815	-27.9574
13800.000000	89.943	-30.1724
14000.000000	90.169	-34.2083
14300.000000	90.381	-45.0047
14500.000000	90.123	-55.8401
14750.000000	88.976	-71.4623
15000.000000	87.047	-85.2838
15250.000000	84.809	-96.0999
15500.000000	82.655	-105.3148
15750.000000	80.855	-113.9314
16000.000000	79.491	-123.9537
16250.000000	78.600	-136.1545
16500.000000	78.191	-151.2404
16750.000000	78.262	-169.6669
17000.000000	78.703	169.4092
17250.000000	79.339	146.3353
17500.000000	79.686	121.8075
17750.000000	80.348	100.1095
18000.000000	81.934	74.7782
18250.000000	83.857	36.9154
18500.000000	83.996	-12.0291
18750.000000	82.403	-58.9504
19000.000000	80.510	-103.0448
19250.000000	78.981	-149.0575
19500.000000	77.602	156.2072
19750.000000	75.808	90.4018
