* Measurement data measured by REW V5.31.3
* Source: USB-C to 3.5mm Headphone Jack Adapter, no input selected, 0, volume: 0.343
* Format: 256k Log Swept Sine, 1 sweep at -12.0 dBFS with no timing reference
* Dated: Dec 28, 2025 7:22:55 PM
* REW Settings:
*  C-weighting compensation: Off
*  Target level: 75.0 dB
* Note: ; 
* Measurement: L
* Smoothing: None
* Frequency Step: 1/48 octave
* Start Frequency: 20.000 Hz
*
* Freq(Hz)	SPL(dB)	Phase(degrees)
20.000000	110.382	10.3300
20.299999	110.372	9.8781
20.600000	110.364	9.4603
20.900000	110.362	9.0568
21.200001	110.365	8.6451
21.400000	110.368	8.3568
21.799999	110.375	7.7397
22.000000	110.377	7.4134
22.400000	110.374	6.7422
22.700001	110.367	6.2436
23.000000	110.356	5.7646
23.299999	110.342	5.3134
23.600000	110.329	4.8909
24.000000	110.313	4.3626
24.299999	110.304	3.9817
24.700001	110.296	3.4787
25.000000	110.291	3.0976
25.400000	110.285	2.5802
25.799999	110.277	2.0574
26.200001	110.266	1.5448
26.500000	110.255	1.1791
26.900000	110.240	0.7268
27.200001	110.231	0.4122
27.600000	110.222	0.0060
28.000000	110.218	-0.4126
28.500000	110.211	-0.9770
29.000000	110.196	-1.5559
29.500000	110.172	-2.0898
30.000000	110.151	-2.5665
30.400000	110.138	-2.9439
30.700001	110.130	-3.2462
31.100000	110.116	-3.6784
31.500000	110.094	-4.1145
32.000000	110.059	-4.6046
32.500000	110.026	-5.0160
33.000000	110.003	-5.4101
33.500000	109.985	-5.8471
34.000000	109.962	-6.3130
34.500000	109.934	-6.7543
35.000000	109.908	-7.1581
35.500000	109.886	-7.5613
36.000000	109.863	-7.9858
36.500000	109.836	-8.4045
37.000000	109.808	-8.7874
37.500000	109.783	-9.1478
38.200001	109.751	-9.6712
38.700001	109.724	-10.0508
39.500000	109.680	-10.6160
40.000000	109.653	-10.9597
40.599998	109.620	-11.3757
41.200001	109.585	-11.7723
41.799999	109.553	-12.1652
42.500000	109.514	-12.6707
43.099998	109.471	-13.0964
43.700001	109.425	-13.4462
44.400002	109.385	-13.8311
45.000000	109.353	-14.2226
45.500000	109.319	-14.5549
46.200001	109.271	-14.9571
46.799999	109.238	-15.3001
47.500000	109.194	-15.7691
48.200001	109.136	-16.1818
48.700001	109.097	-16.3898
49.400002	109.059	-16.6823
50.000000	109.027	-17.0058
50.799999	108.972	-17.3963
51.500000	108.937	-17.6763
52.200001	108.909	-18.0915
53.000000	108.845	-18.6516
53.799999	108.764	-18.9844
54.500000	108.716	-19.1919
55.200001	108.677	-19.4913
56.000000	108.624	-19.8751
57.000000	108.552	-20.3704
58.000000	108.465	-20.7833
59.000000	108.396	-21.1046
60.000000	108.322	-21.5037
60.799999	108.262	-21.7128
61.500000	108.224	-21.9273
62.200001	108.179	-22.2223
63.000000	108.116	-22.5077
64.000000	108.043	-22.8208
65.000000	107.965	-23.1268
66.000000	107.898	-23.3919
67.000000	107.827	-23.7474
68.000000	107.743	-24.0181
69.000000	107.671	-24.2023
70.000000	107.611	-24.4492
71.000000	107.538	-24.7455
72.000000	107.461	-24.9653
73.000000	107.382	-25.2035
74.000000	107.300	-25.3374
75.000000	107.234	-25.5542
76.199997	107.125	-25.7659
77.500000	107.044	-25.9521
78.800003	106.938	-26.1814
80.000000	106.866	-26.4078
81.199997	106.763	-26.6083
82.500000	106.681	-26.7507
83.800003	106.572	-26.9676
85.000000	106.479	-26.9785
86.199997	106.400	-27.0728
87.500000	106.304	-27.1816
88.500000	106.232	-27.2494
90.000000	106.127	-27.3076
91.199997	106.042	-27.4057
92.500000	105.945	-27.3890
93.800003	105.860	-27.4028
95.000000	105.777	-27.4095
96.199997	105.693	-27.4258
97.500000	105.600	-27.4036
98.800003	105.513	-27.3634
100.000000	105.434	-27.3524
101.500000	105.333	-27.2610
103.000000	105.236	-27.2192
104.400002	105.141	-27.0972
106.000000	105.040	-26.9813
107.500000	104.948	-26.8465
109.000000	104.860	-26.7231
110.599998	104.754	-26.5458
112.000000	104.673	-26.3254
113.800003	104.574	-26.0428
115.000000	104.501	-25.9248
117.199997	104.378	-25.5654
118.000000	104.338	-25.4653
120.599998	104.186	-25.0549
122.000000	104.125	-24.8126
124.099998	104.026	-24.4321
125.000000	103.980	-24.2771
126.500000	103.910	-23.9691
128.000000	103.842	-23.7118
131.500000	103.688	-22.9777
132.000000	103.668	-22.8733
134.000000	103.586	-22.4466
136.000000	103.502	-21.9914
138.000000	103.428	-21.5381
140.000000	103.358	-21.1316
143.000000	103.261	-20.4512
145.000000	103.200	-19.9973
147.500000	103.132	-19.4292
150.000000	103.060	-18.7664
152.500000	102.990	-18.1528
155.000000	102.934	-17.5998
157.500000	102.878	-17.0194
160.000000	102.828	-16.4041
162.500000	102.778	-15.8453
165.000000	102.752	-15.2919
167.500000	102.701	-14.7492
170.000000	102.672	-14.1952
172.500000	102.643	-13.6446
175.000000	102.612	-13.1010
177.500000	102.586	-12.5607
180.000000	102.571	-12.0212
182.500000	102.545	-11.5475
185.000000	102.528	-11.0374
187.500000	102.516	-10.5986
190.000000	102.506	-10.1067
192.500000	102.491	-9.6220
195.000000	102.479	-9.2144
197.500000	102.479	-8.7336
200.000000	102.478	-8.3084
203.000000	102.473	-7.7545
206.000000	102.474	-7.2655
209.000000	102.485	-6.7630
212.000000	102.492	-6.2808
214.000000	102.501	-5.9801
218.000000	102.524	-5.3918
220.000000	102.537	-5.2491
224.000000	102.561	-4.7489
227.000000	102.579	-4.3751
230.000000	102.592	-4.1923
233.000000	102.605	-3.8778
236.000000	102.612	-3.7548
240.000000	102.622	-3.2050
243.000000	102.637	-3.1128
247.000000	102.624	-2.9585
250.000000	102.642	-2.6989
254.000000	102.654	-2.3743
258.000000	102.656	-2.0869
262.000000	102.668	-1.7897
265.000000	102.672	-1.6301
269.000000	102.683	-1.3961
272.000000	102.687	-1.2133
276.000000	102.696	-0.9849
280.000000	102.704	-0.8139
285.000000	102.704	-0.5640
290.000000	102.713	-0.4019
295.000000	102.714	-0.1256
300.000000	102.709	0.0744
304.000000	102.704	0.2681
307.000000	102.703	0.3026
311.000000	102.709	0.4348
315.000000	102.704	0.6540
320.000000	102.696	0.7851
325.000000	102.684	1.0015
330.000000	102.679	1.1520
335.000000	102.665	1.3293
340.000000	102.659	1.5011
345.000000	102.646	1.6548
350.000000	102.630	1.8050
355.000000	102.614	1.9764
360.000000	102.599	2.1354
365.000000	102.581	2.2996
370.000000	102.562	2.4613
375.000000	102.548	2.6040
382.000000	102.520	2.8529
387.000000	102.495	3.0219
395.000000	102.464	3.3018
400.000000	102.443	3.4868
406.000000	102.414	3.6843
412.000000	102.386	3.9073
418.000000	102.356	4.1401
425.000000	102.321	4.4113
431.000000	102.290	4.6702
437.000000	102.264	4.9278
444.000000	102.237	5.2105
450.000000	102.212	5.4559
455.000000	102.195	5.6071
462.000000	102.157	5.8776
468.000000	102.128	6.0315
475.000000	102.080	6.2641
482.000000	102.041	6.5463
487.000000	102.005	6.7454
494.000000	101.959	7.0199
500.000000	101.920	7.2794
508.000000	101.865	7.6449
515.000000	101.817	7.9801
522.000000	101.770	8.3140
530.000000	101.717	8.7183
538.000000	101.665	9.1274
545.000000	101.618	9.4988
552.000000	101.573	9.8666
560.000000	101.517	10.3092
570.000000	101.449	10.8902
580.000000	101.378	11.4637
590.000000	101.316	12.0585
600.000000	101.248	12.6940
608.000000	101.196	13.1961
615.000000	101.149	13.6623
622.000000	101.105	14.1025
630.000000	101.051	14.6522
640.000000	100.990	15.3054
650.000000	100.926	16.0580
660.000000	100.865	16.7705
670.000000	100.802	17.5209
680.000000	100.743	18.2775
690.000000	100.684	19.0623
700.000000	100.629	19.8626
710.000000	100.575	20.6835
720.000000	100.519	21.5219
730.000000	100.471	22.3533
740.000000	100.419	23.2209
750.000000	100.381	24.0760
762.000000	100.332	25.1198
775.000000	100.277	26.2713
788.000000	100.230	27.4598
800.000000	100.184	28.5940
812.000000	100.147	29.7000
825.000000	100.110	30.9475
838.000000	100.078	32.2433
850.000000	100.050	33.3928
862.000000	100.033	34.6066
875.000000	100.019	35.9300
885.000000	100.013	36.9139
900.000000	100.015	38.4017
912.000000	100.019	39.6503
925.000000	100.035	40.9223
938.000000	100.049	42.2222
950.000000	100.073	43.4032
962.000000	100.099	44.5530
975.000000	100.131	45.8273
988.000000	100.170	47.0267
1000.000000	100.210	48.1616
1015.000000	100.263	49.5476
1030.000000	100.329	50.8727
1044.000000	100.393	52.0886
1060.000000	100.471	53.4374
1075.000000	100.551	54.6728
1090.000000	100.627	55.8393
1106.000000	100.714	57.0439
1120.000000	100.795	58.0405
1138.000000	100.899	59.2928
1150.000000	100.967	60.0949
1172.000000	101.094	61.4811
1180.000000	101.134	61.9761
1206.000000	101.278	63.4839
1220.000000	101.353	64.2688
1241.000000	101.461	65.4097
1250.000000	101.505	65.8992
1265.000000	101.580	66.6635
1280.000000	101.654	67.4173
1315.000000	101.812	69.1418
1320.000000	101.829	69.3678
1340.000000	101.915	70.3192
1360.000000	101.995	71.2678
1380.000000	102.070	72.1937
1400.000000	102.143	73.1426
1430.000000	102.246	74.5336
1450.000000	102.317	75.4493
1475.000000	102.397	76.6411
1500.000000	102.482	77.8049
1525.000000	102.560	78.9982
1550.000000	102.640	80.1997
1575.000000	102.721	81.4218
1600.000000	102.802	82.6570
1625.000000	102.886	83.8837
1650.000000	102.975	85.1283
1675.000000	103.067	86.3488
1700.000000	103.160	87.6074
1725.000000	103.259	88.8263
1750.000000	103.364	90.0511
1775.000000	103.472	91.2586
1800.000000	103.585	92.4550
1825.000000	103.703	93.6206
1850.000000	103.825	94.7460
1875.000000	103.949	95.8721
1900.000000	104.081	96.9654
1925.000000	104.213	98.0227
1950.000000	104.351	99.0140
1975.000000	104.490	99.9842
2000.000000	104.633	100.9016
2030.000000	104.807	101.9311
2060.000000	104.981	102.9075
2090.000000	105.159	103.7881
2120.000000	105.338	104.5960
2140.000000	105.453	105.0827
2180.000000	105.688	105.9707
2200.000000	105.801	106.3482
2240.000000	106.023	107.0027
2270.000000	106.181	107.4065
2300.000000	106.330	107.7445
2330.000000	106.474	108.0111
2360.000000	106.604	108.1915
2400.000000	106.762	108.3478
2430.000000	106.868	108.4323
2470.000000	106.987	108.4481
2500.000000	107.060	108.4332
2540.000000	107.135	108.4005
2580.000000	107.187	108.3855
2620.000000	107.217	108.3534
2650.000000	107.226	108.3670
2690.000000	107.218	108.4328
2720.000000	107.200	108.5163
2760.000000	107.158	108.6981
2800.000000	107.100	108.9782
2850.000000	107.011	109.4741
2900.000000	106.903	110.1853
2950.000000	106.787	111.1769
3000.000000	106.690	112.4767
3040.000000	106.632	113.6549
3070.000000	106.604	114.5423
3110.000000	106.589	115.7337
3150.000000	106.572	116.7860
3200.000000	106.563	118.3457
3250.000000	106.598	119.7710
3300.000000	106.637	120.9802
3350.000000	106.672	122.0522
3400.000000	106.697	123.0450
3450.000000	106.714	123.9953
3500.000000	106.722	124.9317
3550.000000	106.725	125.8436
3600.000000	106.719	126.7543
3650.000000	106.711	127.6618
3700.000000	106.699	128.5541
3750.000000	106.680	129.5026
3820.000000	106.658	130.8834
3870.000000	106.650	131.8755
3950.000000	106.661	133.3690
4000.000000	106.676	134.1885
4060.000000	106.700	134.9969
4120.000000	106.714	135.5964
4180.000000	106.711	135.9621
4250.000000	106.667	136.0414
4310.000000	106.572	135.8544
4370.000000	106.391	135.5163
4440.000000	106.023	135.2415
4500.000000	105.576	135.7202
4550.000000	105.150	137.0186
4620.000000	104.607	140.3845
4680.000000	104.300	144.3359
4750.000000	104.177	149.1670
4820.000000	104.249	153.4923
4870.000000	104.376	156.0607
4940.000000	104.589	158.9184
5000.000000	104.785	160.7710
5080.000000	105.015	162.4361
5150.000000	105.169	163.3936
5220.000000	105.263	163.9980
5300.000000	105.291	164.4434
5380.000000	105.244	164.8972
5450.000000	105.147	165.3725
5520.000000	105.010	165.9740
5600.000000	104.815	166.9417
5700.000000	104.535	168.5634
5800.000000	104.248	170.6577
5900.000000	103.969	173.2059
6000.000000	103.720	176.1181
6080.000000	103.548	178.6627
6150.000000	103.419	-178.9686
6220.000000	103.321	-176.5253
6300.000000	103.241	-173.6470
6400.000000	103.197	-169.9391
6500.000000	103.221	-166.2727
6600.000000	103.307	-162.7018
6700.000000	103.454	-159.2601
6800.000000	103.686	-156.0913
6900.000000	103.984	-153.3618
7000.000000	104.326	-151.1661
7100.000000	104.708	-149.6163
7200.000000	105.098	-148.7764
7300.000000	105.451	-148.6854
7400.000000	105.729	-148.9781
7500.000000	105.964	-149.4151
7620.000000	106.244	-149.8449
7750.000000	106.656	-151.1766
7880.000000	107.013	-154.4202
8000.000000	107.113	-158.7783
8120.000000	106.889	-163.3672
8250.000000	106.357	-167.2518
8380.000000	105.685	-169.4923
8500.000000	105.052	-170.2175
8620.000000	104.454	-169.9528
8750.000000	103.884	-168.7640
8850.000000	103.520	-167.3513
9000.000000	103.125	-164.7801
9120.000000	102.931	-162.7378
9250.000000	102.806	-160.7668
9380.000000	102.743	-159.1224
9500.000000	102.707	-157.8759
9620.000000	102.670	-156.8705
9750.000000	102.618	-155.8495
9880.000000	102.551	-154.7730
10000.000000	102.489	-153.3618
10150.000000	102.560	-150.8216
10300.000000	102.988	-148.8719
10440.000000	103.589	-150.1384
10600.000000	103.839	-155.6430
10750.000000	103.375	-160.7919
10900.000000	102.552	-163.3165
11060.000000	101.624	-163.2269
11200.000000	100.902	-161.5710
11380.000000	100.151	-158.1413
11500.000000	99.767	-155.3660
11720.000000	99.289	-150.0036
11800.000000	99.177	-148.0420
12060.000000	99.016	-141.8253
12200.000000	99.074	-138.6682
12410.000000	99.344	-134.4922
12500.000000	99.537	-133.0125
12650.000000	99.945	-130.9752
12800.000000	100.475	-129.7068
13150.000000	102.224	-130.9102
13200.000000	102.529	-131.8464
13400.000000	103.826	-138.0380
13600.000000	104.923	-149.4879
13800.000000	105.267	-165.0710
14000.000000	104.614	179.7123
14300.000000	102.755	164.3981
14500.000000	101.540	158.4515
14750.000000	100.335	153.9162
15000.000000	99.556	150.7563
15250.000000	99.148	147.3683
15500.000000	99.086	143.3723
15750.000000	99.359	137.9501
16000.000000	99.989	130.6779
16250.000000	101.030	120.6128
16500.000000	102.574	104.7790
16750.000000	104.105	80.2981
17000.000000	104.910	47.1130
17250.000000	104.369	9.5346
17500.000000	102.731	-26.3179
17750.000000	100.813	-58.8527
18000.000000	99.114	-90.4090
18250.000000	97.821	-123.3034
18500.000000	96.967	-159.9204
18750.000000	96.480	157.8569
19000.000000	96.288	107.8558
19250.000000	96.193	48.7078
19500.000000	95.917	-23.6882
19750.000000	94.641	-111.8020
