* Measurement data measured by REW V5.20
* Source: USB-C to 3.5mm Headphone Jack Adapter, USB-C to 3.5mm Headphone Jack Adapter, 0, volume: 0.138
* Format: 256k Log Swept Sine, 1 sweep at -12.0 dBFS with no timing reference
* Dated: Jan 3, 2024 6:37:17 PM
* REW Settings:
*  C-weighting compensation: Off
*  Target level: 75.0 dB
* Note: 
* Measurement: R
* Smoothing: None
* Frequency Step: 1/48 octave
* Start Frequency: 20.300 Hz
*
* Freq(Hz)	SPL(dB)	Phase(degrees)
20.299999	104.130882	19.2858
20.600000	104.142059	18.7065
20.900000	104.148003	18.1818
21.200001	104.153740	17.6517
21.400000	104.158104	17.2916
21.799999	104.167450	16.5616
22.000000	104.171974	16.1977
22.400000	104.180115	15.4881
22.700001	104.185486	14.9830
23.000000	104.190727	14.5024
23.299999	104.196136	14.0409
23.600000	104.201660	13.5894
24.000000	104.208275	12.9892
24.299999	104.211891	12.5367
24.700001	104.214386	11.9336
25.000000	104.214928	11.4872
25.400000	104.215050	10.9060
25.799999	104.215553	10.3419
26.200001	104.216698	9.7915
26.500000	104.217628	9.3857
26.900000	104.218422	8.8531
27.200001	104.218468	8.4595
27.600000	104.217728	7.9417
28.000000	104.216042	7.4305
28.500000	104.212387	6.8007
29.000000	104.207230	6.1844
29.500000	104.201607	5.5831
30.000000	104.196526	4.9915
30.400000	104.192680	4.5217
30.700001	104.189560	4.1730
31.100000	104.184906	3.7180
31.500000	104.180046	3.2799
32.000000	104.174675	2.7539
32.500000	104.169945	2.2353
33.000000	104.163429	1.7069
33.500000	104.152924	1.1712
34.000000	104.139496	0.6463
34.500000	104.126724	0.1426
35.000000	104.116646	-0.3461
35.500000	104.107521	-0.8283
36.000000	104.096153	-1.3008
36.500000	104.081680	-1.7580
37.000000	104.065849	-2.2092
37.500000	104.050034	-2.6736
38.200001	104.027390	-3.3476
38.700001	104.011650	-3.8148
39.500000	103.993309	-4.4939
40.000000	103.985870	-4.8951
40.599998	103.974884	-5.3795
41.200001	103.957550	-5.8675
41.799999	103.934769	-6.3551
42.500000	103.904327	-6.9191
43.099998	103.877975	-7.3808
43.700001	103.856125	-7.8186
44.400002	103.837219	-8.3419
45.000000	103.819656	-8.8191
45.500000	103.800491	-9.2125
46.200001	103.770264	-9.7229
46.799999	103.745918	-10.1376
47.500000	103.718666	-10.6289
48.200001	103.690048	-11.1218
48.700001	103.669395	-11.4671
49.400002	103.640465	-11.9485
50.000000	103.614067	-12.3611
50.799999	103.577698	-12.8933
51.500000	103.548943	-13.3426
52.200001	103.521248	-13.7915
53.000000	103.484779	-14.2849
53.799999	103.446884	-14.7585
54.500000	103.414314	-15.2022
55.200001	103.379402	-15.6435
56.000000	103.343307	-16.0875
57.000000	103.296280	-16.6632
58.000000	103.236588	-17.2035
59.000000	103.215134	-17.8581
60.000000	103.167099	-18.6752
60.799999	103.103790	-18.9602
61.500000	103.071327	-19.1138
62.200001	103.040710	-19.4545
63.000000	102.986969	-19.9180
64.000000	102.933800	-20.4020
65.000000	102.885910	-20.9103
66.000000	102.827126	-21.3560
67.000000	102.773941	-21.8404
68.000000	102.717079	-22.3277
69.000000	102.662506	-22.7583
70.000000	102.607864	-23.2061
71.000000	102.549820	-23.6518
72.000000	102.493675	-24.0673
73.000000	102.434555	-24.4824
74.000000	102.371773	-24.8764
75.000000	102.312218	-25.2796
76.199997	102.241791	-25.7411
77.500000	102.166672	-26.2392
78.800003	102.082932	-26.6814
80.000000	102.020462	-27.1236
81.199997	101.943375	-27.5661
82.500000	101.862946	-27.9536
83.800003	101.779991	-28.3990
85.000000	101.706589	-28.7655
86.199997	101.633392	-29.1474
87.500000	101.549789	-29.5040
88.500000	101.490028	-29.7956
90.000000	101.394020	-30.2181
91.199997	101.317017	-30.5305
92.500000	101.234421	-30.8535
93.800003	101.151711	-31.1983
95.000000	101.075592	-31.4518
96.199997	100.999413	-31.7559
97.500000	100.915436	-32.0388
98.800003	100.830009	-32.3046
100.000000	100.753983	-32.5179
101.500000	100.661163	-32.8419
103.000000	100.558769	-33.1122
104.400002	100.465698	-33.3706
106.000000	100.372948	-33.5317
107.500000	100.267410	-33.8028
109.000000	100.170059	-34.0171
110.599998	100.069382	-34.2111
112.000000	99.978058	-34.3785
113.800003	99.865135	-34.5947
115.000000	99.792557	-34.7243
117.199997	99.655090	-34.9428
118.000000	99.605537	-35.0064
120.599998	99.439102	-35.2346
122.000000	99.357712	-35.2864
124.099998	99.225601	-35.3892
125.000000	99.176697	-35.4335
126.500000	99.080124	-35.4894
128.000000	98.989380	-35.5757
131.500000	98.778984	-35.6040
132.000000	98.745483	-35.6230
134.000000	98.637680	-35.6386
136.000000	98.516327	-35.5874
138.000000	98.404633	-35.5734
140.000000	98.295502	-35.5266
143.000000	98.127701	-35.4306
145.000000	98.018631	-35.3447
147.500000	97.884247	-35.1743
150.000000	97.752357	-35.0122
152.500000	97.626503	-34.8577
155.000000	97.499496	-34.6363
157.500000	97.376907	-34.4119
160.000000	97.254776	-34.1887
162.500000	97.141388	-33.9150
165.000000	97.024780	-33.6218
167.500000	96.915916	-33.3339
170.000000	96.808876	-33.0017
172.500000	96.704208	-32.6723
175.000000	96.603821	-32.3420
177.500000	96.500046	-32.0289
180.000000	96.431427	-31.7070
182.500000	96.317322	-31.2734
185.000000	96.231110	-30.8805
187.500000	96.148285	-30.5222
190.000000	96.057014	-30.0409
192.500000	95.982109	-29.7067
195.000000	95.892380	-29.2822
197.500000	95.824265	-28.9595
200.000000	95.756226	-28.6536
203.000000	95.673286	-28.0556
206.000000	95.604889	-27.5803
209.000000	95.524826	-27.0728
212.000000	95.448982	-26.5318
214.000000	95.405289	-26.2153
218.000000	95.319000	-25.5497
220.000000	95.277229	-25.1684
224.000000	95.194733	-24.5223
227.000000	95.144379	-24.0527
230.000000	95.086197	-23.5099
233.000000	95.028595	-23.0551
236.000000	94.991638	-22.7032
240.000000	94.922928	-22.0068
243.000000	94.883659	-21.4498
247.000000	94.831558	-20.8788
250.000000	94.796646	-20.4046
254.000000	94.749596	-19.7037
258.000000	94.722435	-19.1302
262.000000	94.680748	-18.5418
265.000000	94.664200	-17.9982
269.000000	94.607513	-17.5220
272.000000	94.580925	-17.0458
276.000000	94.552765	-16.4434
280.000000	94.542206	-15.8350
285.000000	94.512558	-15.0670
290.000000	94.502953	-14.4326
295.000000	94.499435	-13.7688
300.000000	94.472588	-13.2640
304.000000	94.510300	-12.8624
307.000000	94.498428	-12.6049
311.000000	94.496078	-12.1135
315.000000	94.498352	-11.7459
320.000000	94.503380	-11.3918
325.000000	94.443764	-11.1274
330.000000	94.479431	-10.6532
335.000000	94.458344	-10.1191
340.000000	94.456650	-9.9983
345.000000	94.435379	-9.5121
350.000000	94.434456	-9.1466
355.000000	94.420265	-8.9318
360.000000	94.387253	-8.4128
365.000000	94.390907	-8.0547
370.000000	94.377113	-7.7393
375.000000	94.375053	-7.2724
382.000000	94.358498	-7.0078
387.000000	94.350914	-6.6976
395.000000	94.336784	-6.0996
400.000000	94.329132	-5.8465
406.000000	94.320030	-5.4575
412.000000	94.307701	-5.0694
418.000000	94.293137	-4.7749
425.000000	94.282112	-4.3044
431.000000	94.281647	-4.0211
437.000000	94.268135	-3.6926
444.000000	94.257217	-3.2677
450.000000	94.241348	-2.9429
455.000000	94.226662	-2.6924
462.000000	94.219971	-2.3993
468.000000	94.208786	-2.0586
475.000000	94.185593	-1.6673
482.000000	94.191864	-1.1061
487.000000	94.224289	-1.0154
494.000000	94.218529	-1.3067
500.000000	94.135773	-1.2822
508.000000	93.938904	-0.9097
515.000000	93.851891	0.8216
522.000000	93.922409	1.9705
530.000000	93.985985	2.5826
538.000000	94.027664	3.4735
545.000000	94.078331	3.5511
552.000000	94.099258	4.2139
560.000000	94.220062	4.7427
570.000000	94.332878	4.1508
580.000000	94.265182	3.8626
590.000000	94.199326	4.1474
600.000000	94.161842	4.5407
608.000000	94.138420	4.8793
615.000000	94.111412	5.2737
622.000000	94.110123	5.4949
630.000000	94.087265	5.9269
640.000000	94.069237	6.3686
650.000000	94.036980	6.8146
660.000000	94.047455	7.4379
670.000000	94.026070	7.8016
680.000000	94.014481	8.2780
690.000000	94.000923	8.7642
700.000000	93.990486	9.2593
710.000000	93.976562	9.7316
720.000000	93.968147	10.1844
730.000000	93.958923	10.7106
740.000000	93.953979	11.2210
750.000000	93.949989	11.6557
762.000000	93.934227	12.3264
775.000000	93.927917	13.0153
788.000000	93.925560	13.6944
800.000000	93.926826	14.3233
812.000000	93.929901	14.9695
825.000000	93.925468	15.6712
838.000000	93.934334	16.3974
850.000000	93.942314	17.0647
862.000000	93.953735	17.7381
875.000000	93.973053	18.4781
885.000000	93.987091	19.0676
900.000000	94.025902	20.0660
912.000000	94.036865	20.5744
925.000000	94.074982	21.3099
938.000000	94.106636	21.9986
950.000000	94.148987	22.6618
962.000000	94.188499	23.3223
975.000000	94.238220	24.0029
988.000000	94.292999	24.6752
1000.000000	94.345352	25.2700
1015.000000	94.417419	25.9813
1030.000000	94.492676	26.6622
1044.000000	94.562363	27.2485
1060.000000	94.654510	27.9008
1075.000000	94.734428	28.4840
1090.000000	94.824005	28.9709
1106.000000	94.915695	29.4911
1120.000000	94.998787	29.8642
1138.000000	95.100754	30.3284
1150.000000	95.170700	30.6167
1172.000000	95.290871	31.0631
1180.000000	95.336632	31.2129
1206.000000	95.469948	31.5882
1220.000000	95.535324	31.7852
1241.000000	95.632774	32.0231
1250.000000	95.671745	32.1208
1265.000000	95.731926	32.2722
1280.000000	95.789909	32.4028
1315.000000	95.914810	32.7073
1320.000000	95.930359	32.7264
1340.000000	95.989441	32.9194
1360.000000	96.047195	33.0704
1380.000000	96.107208	33.2155
1400.000000	96.147850	33.4343
1430.000000	96.214272	33.7326
1450.000000	96.256935	33.9338
1475.000000	96.309158	34.2393
1500.000000	96.354950	34.6321
1525.000000	96.406502	34.8876
1550.000000	96.454582	35.2496
1575.000000	96.502342	35.6102
1600.000000	96.555969	35.9985
1625.000000	96.607742	36.4127
1650.000000	96.664581	36.8182
1675.000000	96.723129	37.2199
1700.000000	96.782242	37.6543
1725.000000	96.846626	38.0744
1750.000000	96.915565	38.4965
1775.000000	96.985321	38.9126
1800.000000	97.058578	39.3308
1825.000000	97.138321	39.7371
1850.000000	97.219513	40.1400
1875.000000	97.306786	40.5278
1900.000000	97.394913	40.9131
1925.000000	97.488419	41.2696
1950.000000	97.585037	41.6020
1975.000000	97.684143	41.9156
2000.000000	97.789360	42.2131
2030.000000	97.918976	42.5193
2060.000000	98.049561	42.7942
2090.000000	98.183228	43.0310
2120.000000	98.320488	43.2239
2140.000000	98.412392	43.3329
2180.000000	98.601898	43.4946
2200.000000	98.701103	43.5457
2240.000000	98.899887	43.5932
2270.000000	99.055222	43.5741
2300.000000	99.213074	43.4719
2330.000000	99.370026	43.2968
2360.000000	99.528656	43.0512
2400.000000	99.739716	42.6297
2430.000000	99.898285	42.2143
2470.000000	100.104881	41.5246
2500.000000	100.256393	40.8929
2540.000000	100.447861	39.9221
2580.000000	100.619614	38.7517
2620.000000	100.773483	37.4300
2650.000000	100.863686	36.3635
2690.000000	100.952202	34.8655
2720.000000	100.993233	33.7007
2760.000000	101.008797	32.2274
2800.000000	100.991982	30.8723
2850.000000	100.935715	29.4088
2900.000000	100.859650	28.2470
2950.000000	100.783173	27.3161
3000.000000	100.704880	26.5749
3040.000000	100.649948	26.0709
3070.000000	100.610443	25.7351
3110.000000	100.564926	25.3084
3150.000000	100.515450	24.9331
3200.000000	100.458267	24.5340
3250.000000	100.400177	24.2058
3300.000000	100.343864	23.9606
3350.000000	100.297028	23.8212
3400.000000	100.262291	23.7695
3450.000000	100.252556	23.7419
3500.000000	100.261192	23.6356
3550.000000	100.272545	23.3714
3600.000000	100.271347	23.0199
3650.000000	100.259232	22.6793
3700.000000	100.232826	22.3482
3750.000000	100.197144	22.0860
3820.000000	100.137589	21.8846
3870.000000	100.107567	21.8441
3950.000000	100.071823	21.7956
4000.000000	100.055420	21.7443
4060.000000	100.033463	21.7002
4120.000000	100.006050	21.6950
4180.000000	99.983429	21.7952
4250.000000	99.976212	21.9883
4310.000000	99.987442	22.1221
4370.000000	100.007462	22.1792
4440.000000	100.038956	22.1430
4500.000000	100.060799	22.0304
4550.000000	100.075745	21.9075
4620.000000	100.091080	21.6801
4680.000000	100.095322	21.4453
4750.000000	100.094879	21.1261
4820.000000	100.079277	20.7852
4870.000000	100.061310	20.5202
4940.000000	100.026627	20.1523
5000.000000	99.988029	19.8510
5080.000000	99.923035	19.4549
5150.000000	99.850075	19.1555
5220.000000	99.767372	18.9041
5300.000000	99.666382	18.6853
5380.000000	99.556404	18.5812
5450.000000	99.460823	18.5156
5520.000000	99.363731	18.5426
5600.000000	99.258499	18.6217
5700.000000	99.137764	18.7177
5800.000000	99.025589	18.8316
5900.000000	98.918556	18.8232
6000.000000	98.804428	18.7564
6080.000000	98.695198	18.6702
6150.000000	98.593323	18.6238
6220.000000	98.485138	18.5912
6300.000000	98.348747	18.6429
6400.000000	98.193237	18.8895
6500.000000	98.052719	19.2173
6600.000000	97.941566	19.5680
6700.000000	97.850296	19.8526
6800.000000	97.771408	20.0102
6900.000000	97.679985	20.1841
7000.000000	97.611351	20.6680
7100.000000	97.723328	20.9791
7200.000000	97.728065	19.6477
7300.000000	97.622078	19.1072
7400.000000	97.573662	18.8731
7500.000000	97.574638	18.5003
7620.000000	97.615891	17.6446
7750.000000	97.657455	16.1334
7880.000000	97.634216	14.0610
8000.000000	97.549820	12.0318
8120.000000	97.467422	10.1954
8250.000000	97.351173	7.4377
8380.000000	97.068855	4.6007
8500.000000	96.726952	2.5702
8620.000000	96.346741	0.9314
8750.000000	95.907906	-0.2668
8850.000000	95.564629	-0.8265
9000.000000	95.066330	-0.9650
9120.000000	94.692070	-0.5928
9250.000000	94.338440	0.1413
9380.000000	94.034508	1.4097
9500.000000	93.802048	2.8206
9620.000000	93.660446	4.4902
9750.000000	93.579071	6.2287
9880.000000	93.593536	7.9751
10000.000000	93.672806	9.4403
10150.000000	93.905350	10.7867
10300.000000	94.213982	11.5253
10440.000000	94.565910	11.3858
10600.000000	95.014290	9.9653
10750.000000	95.434547	7.3809
10900.000000	95.752785	3.5202
11060.000000	95.911018	-1.7642
11200.000000	95.847267	-6.8836
11380.000000	95.493423	-12.9616
11500.000000	95.161903	-16.3743
11720.000000	94.532692	-21.1592
11800.000000	94.339035	-22.6019
12060.000000	93.923470	-27.3576
12200.000000	93.773026	-30.5605
12410.000000	93.496658	-36.2444
12500.000000	93.342781	-38.7786
12650.000000	93.055580	-42.8497
12800.000000	92.776016	-46.4653
13150.000000	92.478996	-53.7262
13200.000000	92.482773	-54.7575
13400.000000	92.697685	-59.0326
13600.000000	93.180618	-64.1739
13800.000000	93.904694	-70.8367
14000.000000	94.826942	-79.5918
14300.000000	96.338356	-98.0623
14500.000000	97.147003	-114.6589
14750.000000	97.405357	-138.4607
15000.000000	96.790100	-162.4515
15250.000000	95.890594	-179.8464
15500.000000	95.175705	163.9899
15750.000000	94.891525	148.5120
16000.000000	95.225967	131.1406
16250.000000	96.240051	105.3557
16500.000000	95.552078	80.6527
16750.000000	97.557457	50.4152
17000.000000	99.703041	-0.6377
17250.000000	98.226868	-73.9724
17500.000000	93.670204	-130.6371
17750.000000	90.119690	-177.7047
18000.000000	87.389114	132.0997
18250.000000	84.125160	77.8270
18500.000000	79.986946	28.8730
18750.000000	76.154343	-12.6364
19000.000000	72.954575	-49.9136
19250.000000	70.895325	-86.5253
19500.000000	70.652878	-138.8528
19750.000000	69.847336	156.8513
