* Measurement data measured by REW V5.31.3
* Source: USB-C to 3.5mm Headphone Jack Adapter, no input selected, 0, volume: 0.343
* Format: 256k Log Swept Sine, 1 sweep at -12.0 dBFS with no timing reference
* Dated: Dec 28, 2025 7:20:50 PM
* REW Settings:
*  C-weighting compensation: Off
*  Target level: 75.0 dB
* Note: ; 
* Measurement: R
* Smoothing: None
* Frequency Step: 1/48 octave
* Start Frequency: 20.000 Hz
*
* Freq(Hz)	SPL(dB)	Phase(degrees)
20.000000	110.510	9.3160
20.299999	110.507	8.8664
20.600000	110.506	8.4270
20.900000	110.507	7.9858
21.200001	110.507	7.5350
21.400000	110.507	7.2290
21.799999	110.502	6.6167
22.000000	110.497	6.3174
22.400000	110.486	5.7440
22.700001	110.477	5.3392
23.000000	110.470	4.9509
23.299999	110.464	4.5710
23.600000	110.460	4.1922
24.000000	110.455	3.6836
24.299999	110.450	3.3014
24.700001	110.443	2.7957
25.000000	110.437	2.4217
25.400000	110.427	1.9314
25.799999	110.415	1.4551
26.200001	110.400	1.0024
26.500000	110.389	0.6841
26.900000	110.375	0.2863
27.200001	110.367	0.0001
27.600000	110.359	-0.3847
28.000000	110.352	-0.7881
28.500000	110.339	-1.3191
29.000000	110.320	-1.8492
29.500000	110.296	-2.3476
30.000000	110.272	-2.8104
30.400000	110.254	-3.1683
30.700001	110.243	-3.4385
31.100000	110.227	-3.8085
31.500000	110.211	-4.1900
32.000000	110.186	-4.6674
32.500000	110.158	-5.1167
33.000000	110.131	-5.5229
33.500000	110.111	-5.9089
34.000000	110.096	-6.3178
34.500000	110.080	-6.7646
35.000000	110.058	-7.2190
35.500000	110.031	-7.6432
36.000000	110.005	-8.0318
36.500000	109.980	-8.4057
37.000000	109.954	-8.7783
37.500000	109.927	-9.1418
38.200001	109.886	-9.6161
38.700001	109.858	-9.9349
39.500000	109.814	-10.4351
40.000000	109.788	-10.7508
40.599998	109.755	-11.1382
41.200001	109.720	-11.5245
41.799999	109.684	-11.8890
42.500000	109.648	-12.2977
43.099998	109.621	-12.6793
43.700001	109.590	-13.1004
44.400002	109.546	-13.5743
45.000000	109.506	-13.9221
45.500000	109.478	-14.1939
46.200001	109.442	-14.6067
46.799999	109.404	-14.9774
47.500000	109.354	-15.3449
48.200001	109.313	-15.6591
48.700001	109.288	-15.9214
49.400002	109.243	-16.3369
50.000000	109.193	-16.6214
50.799999	109.144	-16.8953
51.500000	109.116	-17.2643
52.200001	109.064	-17.7221
53.000000	108.988	-18.0224
53.799999	108.949	-18.2414
54.500000	108.916	-18.6185
55.200001	108.858	-18.9621
56.000000	108.802	-19.1612
57.000000	108.760	-19.5792
58.000000	108.683	-20.0462
59.000000	108.613	-20.3870
60.000000	108.538	-20.8012
60.799999	108.473	-21.0372
61.500000	108.428	-21.2442
62.200001	108.383	-21.5031
63.000000	108.326	-21.7830
64.000000	108.258	-22.1149
65.000000	108.185	-22.4524
66.000000	108.110	-22.7037
67.000000	108.045	-22.9395
68.000000	107.978	-23.2022
69.000000	107.910	-23.4486
70.000000	107.839	-23.7386
71.000000	107.755	-23.9350
72.000000	107.697	-24.0620
73.000000	107.635	-24.3806
74.000000	107.552	-24.5894
75.000000	107.483	-24.7614
76.199997	107.395	-24.9424
77.500000	107.315	-25.2016
78.800003	107.213	-25.4046
80.000000	107.133	-25.6109
81.199997	107.039	-25.7241
82.500000	106.963	-25.8813
83.800003	106.863	-26.0602
85.000000	106.781	-26.1238
86.199997	106.700	-26.2695
87.500000	106.600	-26.3285
88.500000	106.537	-26.3728
90.000000	106.433	-26.4632
91.199997	106.354	-26.5540
92.500000	106.255	-26.5696
93.800003	106.176	-26.6027
95.000000	106.093	-26.6356
96.199997	106.013	-26.6811
97.500000	105.924	-26.6062
98.800003	105.852	-26.6124
100.000000	105.768	-26.5771
101.500000	105.674	-26.4981
103.000000	105.579	-26.3701
104.400002	105.498	-26.3172
106.000000	105.398	-26.2375
107.500000	105.304	-26.1225
109.000000	105.222	-25.9450
110.599998	105.133	-25.8011
112.000000	105.049	-25.6801
113.800003	104.944	-25.4335
115.000000	104.879	-25.3079
117.199997	104.767	-25.0333
118.000000	104.722	-24.9433
120.599998	104.605	-24.6180
122.000000	104.523	-24.3256
124.099998	104.418	-24.0157
125.000000	104.378	-23.8392
126.500000	104.309	-23.6354
128.000000	104.239	-23.3673
131.500000	104.095	-22.6811
132.000000	104.075	-22.5799
134.000000	103.994	-22.2069
136.000000	103.918	-21.7958
138.000000	103.840	-21.4144
140.000000	103.765	-21.0705
143.000000	103.666	-20.3875
145.000000	103.610	-19.9679
147.500000	103.527	-19.3782
150.000000	103.465	-18.9208
152.500000	103.402	-18.4159
155.000000	103.344	-17.8324
157.500000	103.293	-17.3147
160.000000	103.238	-16.7704
162.500000	103.194	-16.2458
165.000000	103.142	-15.6986
167.500000	103.093	-15.2144
170.000000	103.070	-14.7313
172.500000	103.035	-14.2301
175.000000	103.005	-13.7200
177.500000	102.975	-13.2356
180.000000	102.946	-12.8043
182.500000	102.927	-12.3468
185.000000	102.909	-11.9025
187.500000	102.892	-11.4052
190.000000	102.874	-10.9955
192.500000	102.856	-10.5755
195.000000	102.838	-10.1361
197.500000	102.834	-9.7784
200.000000	102.824	-9.3930
203.000000	102.812	-8.9668
206.000000	102.806	-8.5118
209.000000	102.798	-8.0452
212.000000	102.790	-7.6573
214.000000	102.789	-7.3713
218.000000	102.782	-6.8943
220.000000	102.784	-6.6651
224.000000	102.777	-6.1559
227.000000	102.765	-5.8616
230.000000	102.766	-5.5097
233.000000	102.785	-5.1420
236.000000	102.775	-4.8739
240.000000	102.762	-4.2784
243.000000	102.782	-4.0432
247.000000	102.799	-3.6854
250.000000	102.810	-3.3379
254.000000	102.813	-3.0543
258.000000	102.825	-2.7917
262.000000	102.830	-2.5062
265.000000	102.839	-2.3128
269.000000	102.848	-2.0969
272.000000	102.848	-1.9498
276.000000	102.846	-1.7182
280.000000	102.844	-1.5255
285.000000	102.846	-1.2843
290.000000	102.841	-1.0127
295.000000	102.837	-0.7374
300.000000	102.823	-0.5193
304.000000	102.828	-0.3830
307.000000	102.827	-0.2147
311.000000	102.818	-0.0388
315.000000	102.813	0.0974
320.000000	102.801	0.3052
325.000000	102.791	0.5194
330.000000	102.778	0.7325
335.000000	102.767	0.9142
340.000000	102.753	1.1013
345.000000	102.736	1.3046
350.000000	102.719	1.4931
355.000000	102.705	1.6703
360.000000	102.689	1.8718
365.000000	102.671	2.0395
370.000000	102.650	2.2305
375.000000	102.629	2.4210
382.000000	102.600	2.6887
387.000000	102.575	2.8860
395.000000	102.541	3.1754
400.000000	102.516	3.3760
406.000000	102.488	3.6317
412.000000	102.456	3.8652
418.000000	102.424	4.0898
425.000000	102.392	4.3647
431.000000	102.355	4.6091
437.000000	102.321	4.8523
444.000000	102.284	5.1664
450.000000	102.247	5.4271
455.000000	102.223	5.6090
462.000000	102.182	5.9597
468.000000	102.141	6.2380
475.000000	102.099	6.5497
482.000000	102.057	6.8885
487.000000	102.022	7.1362
494.000000	101.982	7.4719
500.000000	101.943	7.7926
508.000000	101.890	8.1900
515.000000	101.849	8.5630
522.000000	101.803	8.9518
530.000000	101.754	9.3838
538.000000	101.701	9.8250
545.000000	101.658	10.2366
552.000000	101.611	10.6397
560.000000	101.556	11.1168
570.000000	101.495	11.7326
580.000000	101.428	12.3366
590.000000	101.367	12.9734
600.000000	101.300	13.6295
608.000000	101.248	14.1753
615.000000	101.203	14.6633
622.000000	101.160	15.1716
630.000000	101.110	15.7579
640.000000	101.060	16.5562
650.000000	100.998	17.2755
660.000000	100.943	18.0102
670.000000	100.893	18.7620
680.000000	100.842	19.5342
690.000000	100.789	20.2864
700.000000	100.740	21.0615
710.000000	100.691	21.8693
720.000000	100.646	22.6912
730.000000	100.592	23.4960
740.000000	100.543	24.3401
750.000000	100.490	25.1838
762.000000	100.433	26.2212
775.000000	100.376	27.4570
788.000000	100.321	28.7112
800.000000	100.284	29.8563
812.000000	100.246	31.0511
825.000000	100.219	32.3268
838.000000	100.192	33.6276
850.000000	100.170	34.8000
862.000000	100.155	36.0586
875.000000	100.146	37.3683
885.000000	100.139	38.3795
900.000000	100.146	39.9062
912.000000	100.147	41.1362
925.000000	100.160	42.4601
938.000000	100.183	43.7676
950.000000	100.205	44.9873
962.000000	100.235	46.1811
975.000000	100.271	47.4803
988.000000	100.314	48.7335
1000.000000	100.361	49.8943
1015.000000	100.423	51.2923
1030.000000	100.494	52.6659
1044.000000	100.566	53.9056
1060.000000	100.648	55.2748
1075.000000	100.737	56.5304
1090.000000	100.827	57.7101
1106.000000	100.925	58.9116
1120.000000	101.014	59.9307
1138.000000	101.131	61.1696
1150.000000	101.205	61.9615
1172.000000	101.346	63.3280
1180.000000	101.396	63.7995
1206.000000	101.554	65.2555
1220.000000	101.636	66.0047
1241.000000	101.756	67.0731
1250.000000	101.805	67.5232
1265.000000	101.883	68.2261
1280.000000	101.957	68.9275
1315.000000	102.117	70.5114
1320.000000	102.140	70.7475
1340.000000	102.224	71.5929
1360.000000	102.300	72.4911
1380.000000	102.373	73.4004
1400.000000	102.439	74.2675
1430.000000	102.539	75.6155
1450.000000	102.601	76.5274
1475.000000	102.681	77.7050
1500.000000	102.758	78.8699
1525.000000	102.834	80.0858
1550.000000	102.913	81.2815
1575.000000	102.993	82.4938
1600.000000	103.077	83.7463
1625.000000	103.163	84.9932
1650.000000	103.254	86.2435
1675.000000	103.349	87.4670
1700.000000	103.450	88.7013
1725.000000	103.553	89.9140
1750.000000	103.661	91.1193
1775.000000	103.772	92.3235
1800.000000	103.890	93.4902
1825.000000	104.008	94.6229
1850.000000	104.130	95.7307
1875.000000	104.261	96.7973
1900.000000	104.392	97.8428
1925.000000	104.526	98.8596
1950.000000	104.667	99.8145
1975.000000	104.808	100.7338
2000.000000	104.949	101.6033
2030.000000	105.122	102.5666
2060.000000	105.296	103.4825
2090.000000	105.468	104.3082
2120.000000	105.639	105.0517
2140.000000	105.753	105.5167
2180.000000	105.973	106.3255
2200.000000	106.081	106.6754
2240.000000	106.288	107.2893
2270.000000	106.435	107.6604
2300.000000	106.572	107.9901
2330.000000	106.703	108.2420
2360.000000	106.820	108.4469
2400.000000	106.960	108.6654
2430.000000	107.052	108.7969
2470.000000	107.155	108.9442
2500.000000	107.222	109.0453
2540.000000	107.295	109.1762
2580.000000	107.351	109.3077
2620.000000	107.387	109.4558
2650.000000	107.405	109.5886
2690.000000	107.416	109.7981
2720.000000	107.415	109.9924
2760.000000	107.404	110.3160
2800.000000	107.386	110.6907
2850.000000	107.355	111.2373
2900.000000	107.318	111.8883
2950.000000	107.276	112.6181
3000.000000	107.231	113.4403
3040.000000	107.198	114.1467
3070.000000	107.172	114.6776
3110.000000	107.137	115.4391
3150.000000	107.107	116.2236
3200.000000	107.070	117.2532
3250.000000	107.038	118.2923
3300.000000	107.012	119.3654
3350.000000	106.988	120.4390
3400.000000	106.970	121.5245
3450.000000	106.954	122.5928
3500.000000	106.942	123.6510
3550.000000	106.932	124.6970
3600.000000	106.926	125.7035
3650.000000	106.926	126.7055
3700.000000	106.922	127.6442
3750.000000	106.918	128.5489
3820.000000	106.915	129.7755
3870.000000	106.910	130.5820
3950.000000	106.906	131.8143
4000.000000	106.908	132.5291
4060.000000	106.917	133.2444
4120.000000	106.928	133.7412
4180.000000	106.925	133.9110
4250.000000	106.878	133.6612
4310.000000	106.755	133.0429
4370.000000	106.512	132.2536
4440.000000	106.022	131.7161
4500.000000	105.452	132.4335
4550.000000	104.960	134.2416
4620.000000	104.409	138.4698
4680.000000	104.165	142.8376
4750.000000	104.122	147.6745
4820.000000	104.241	151.6882
4870.000000	104.372	153.9808
4940.000000	104.576	156.4467
5000.000000	104.734	157.9779
5080.000000	104.903	159.3990
5150.000000	104.995	160.2133
5220.000000	105.026	160.8123
5300.000000	104.990	161.3505
5380.000000	104.883	161.9148
5450.000000	104.735	162.5501
5520.000000	104.553	163.3783
5600.000000	104.316	164.6299
5700.000000	103.998	166.6501
5800.000000	103.683	169.1771
5900.000000	103.393	172.1117
6000.000000	103.141	175.4031
6080.000000	102.969	178.1857
6150.000000	102.849	-179.2351
6220.000000	102.750	-176.6177
6300.000000	102.677	-173.5472
6400.000000	102.636	-169.6633
6500.000000	102.655	-165.7960
6600.000000	102.736	-161.9952
6700.000000	102.888	-158.3486
6800.000000	103.104	-154.9128
6900.000000	103.398	-151.8299
7000.000000	103.749	-149.2422
7100.000000	104.149	-147.2699
7200.000000	104.575	-146.0775
7300.000000	104.941	-145.8044
7400.000000	105.236	-145.5110
7500.000000	105.545	-145.4781
7620.000000	105.916	-145.7159
7750.000000	106.406	-146.7354
7880.000000	106.893	-149.7402
8000.000000	107.128	-154.3071
8120.000000	107.008	-159.4800
8250.000000	106.515	-164.1057
8380.000000	105.823	-166.7768
8500.000000	105.200	-167.7144
8620.000000	104.611	-167.8096
8750.000000	104.025	-166.9156
8850.000000	103.645	-165.6564
9000.000000	103.227	-163.2604
9120.000000	102.992	-161.0988
9250.000000	102.860	-158.9900
9380.000000	102.801	-157.2301
9500.000000	102.762	-155.8968
9620.000000	102.722	-154.6998
9750.000000	102.667	-153.3118
9880.000000	102.610	-151.6209
10000.000000	102.617	-149.4116
10150.000000	102.904	-145.9453
10300.000000	103.666	-144.1345
10440.000000	104.506	-146.9930
10600.000000	104.803	-154.5317
10750.000000	104.269	-161.0105
10900.000000	103.352	-164.3002
11060.000000	102.346	-164.6605
11200.000000	101.583	-163.2512
11380.000000	100.806	-160.1304
11500.000000	100.391	-157.6398
11720.000000	99.849	-152.8409
11800.000000	99.702	-151.0611
12060.000000	99.457	-145.2258
12200.000000	99.470	-142.2463
12410.000000	99.690	-138.3062
12500.000000	99.864	-136.9289
12650.000000	100.256	-135.1412
12800.000000	100.781	-134.2127
13150.000000	102.476	-137.2976
13200.000000	102.752	-138.5132
13400.000000	103.858	-146.2742
13600.000000	104.608	-158.9430
13800.000000	104.518	-174.2135
14000.000000	103.601	172.2334
14300.000000	101.684	158.9058
14500.000000	100.485	153.5707
14750.000000	99.264	149.1838
15000.000000	98.462	145.7753
15250.000000	97.931	142.8726
15500.000000	97.768	139.1276
15750.000000	97.910	134.1393
16000.000000	98.339	127.4082
16250.000000	99.145	118.4957
16500.000000	100.420	104.9323
16750.000000	101.814	83.9319
17000.000000	102.783	54.8414
17250.000000	102.728	19.7864
17500.000000	101.551	-16.2011
17750.000000	99.813	-50.3661
18000.000000	98.000	-83.2692
18250.000000	96.492	-116.8448
18500.000000	95.412	-152.7839
18750.000000	94.721	166.3965
19000.000000	94.527	118.8047
19250.000000	94.701	61.4702
19500.000000	94.863	-8.8439
19750.000000	94.411	-95.4840
