* Measurement data measured by REW V5.31.3
* Source: USB-C to 3.5mm Headphone Jack Adapter, USB-C to 3.5mm Headphone Jack Adapter, 0, volume: 0.138
* Format: 256k Log Swept Sine, 1 sweep at -12.0 dBFS with no timing reference
* Dated: Sep 28, 2024 12:09:50 AM
* REW Settings:
*  C-weighting compensation: Off
*  Target level: 75.0 dB
* Note: 
* Measurement: R
* Smoothing: None
* Frequency Step: 1/48 octave
* Start Frequency: 20.300 Hz
*
* Freq(Hz)	SPL(dB)	Phase(degrees)
20.299999	105.947	4.1717
20.600000	105.947	3.6052
20.900000	105.939	3.1034
21.200001	105.930	2.6112
21.400000	105.923	2.2835
21.799999	105.911	1.6214
22.000000	105.905	1.2865
22.400000	105.892	0.6170
22.700001	105.880	0.1270
23.000000	105.866	-0.3430
23.299999	105.853	-0.7891
23.600000	105.840	-1.2142
24.000000	105.826	-1.7636
24.299999	105.817	-2.1753
24.700001	105.806	-2.7349
25.000000	105.796	-3.1612
25.400000	105.782	-3.7285
25.799999	105.765	-4.2806
26.200001	105.747	-4.8093
26.500000	105.733	-5.1904
26.900000	105.714	-5.6822
27.200001	105.701	-6.0428
27.600000	105.685	-6.5210
28.000000	105.670	-7.0066
28.500000	105.652	-7.6370
29.000000	105.629	-8.2856
29.500000	105.600	-8.9173
30.000000	105.567	-9.4934
30.400000	105.542	-9.9112
30.700001	105.524	-10.2102
31.100000	105.504	-10.6078
31.500000	105.486	-11.0192
32.000000	105.461	-11.5548
32.500000	105.433	-12.0961
33.000000	105.402	-12.6212
33.500000	105.370	-13.1227
34.000000	105.338	-13.6064
34.500000	105.306	-14.0824
35.000000	105.274	-14.5586
35.500000	105.242	-15.0364
36.000000	105.211	-15.5101
36.500000	105.180	-15.9714
37.000000	105.151	-16.4176
37.500000	105.122	-16.8543
38.200001	105.080	-17.4649
38.700001	105.046	-17.9011
39.500000	104.990	-18.5754
40.000000	104.957	-18.9785
40.599998	104.919	-19.4621
41.200001	104.879	-19.9544
41.799999	104.833	-20.4304
42.500000	104.777	-20.9398
43.099998	104.736	-21.3736
43.700001	104.698	-21.8447
44.400002	104.648	-22.4042
45.000000	104.603	-22.8380
45.500000	104.568	-23.1726
46.200001	104.523	-23.6521
46.799999	104.482	-24.0892
47.500000	104.428	-24.5875
48.200001	104.374	-25.0335
48.700001	104.339	-25.3292
49.400002	104.292	-25.7511
50.000000	104.248	-26.1288
50.799999	104.184	-26.6166
51.500000	104.131	-27.0305
52.200001	104.078	-27.4655
53.000000	104.015	-27.9268
53.799999	103.960	-28.3248
54.500000	103.917	-28.7505
55.200001	103.860	-29.2453
56.000000	103.784	-29.7068
57.000000	103.718	-30.1884
58.000000	103.649	-30.7764
59.000000	103.553	-31.2937
60.000000	103.463	-31.6858
60.799999	103.410	-31.9982
61.500000	103.367	-32.3578
62.200001	103.312	-32.7363
63.000000	103.245	-33.0948
64.000000	103.171	-33.5632
65.000000	103.086	-33.9941
66.000000	103.011	-34.3783
67.000000	102.932	-34.8474
68.000000	102.852	-35.2401
69.000000	102.770	-35.6668
70.000000	102.686	-35.9747
71.000000	102.625	-36.3165
72.000000	102.537	-36.7165
73.000000	102.448	-37.0231
74.000000	102.372	-37.4204
75.000000	102.293	-37.7527
76.199997	102.199	-38.1086
77.500000	102.093	-38.6106
78.800003	101.987	-38.9825
80.000000	101.897	-39.2725
81.199997	101.794	-39.6299
82.500000	101.702	-39.9117
83.800003	101.596	-40.2271
85.000000	101.497	-40.6206
86.199997	101.397	-40.9195
87.500000	101.312	-41.2025
88.500000	101.229	-41.4277
90.000000	101.113	-41.7233
91.199997	101.003	-41.9011
92.500000	100.908	-42.2442
93.800003	100.807	-42.4858
95.000000	100.713	-42.6124
96.199997	100.638	-42.7085
97.500000	100.532	-43.0875
98.800003	100.422	-43.1737
100.000000	100.342	-43.3872
101.500000	100.220	-43.5421
103.000000	100.129	-43.7615
104.400002	99.993	-44.1052
106.000000	99.892	-44.0241
107.500000	99.766	-44.2577
109.000000	99.653	-44.2986
110.599998	99.528	-44.4761
112.000000	99.437	-44.5297
113.800003	99.305	-44.5951
115.000000	99.215	-44.7310
117.199997	99.073	-44.7809
118.000000	99.007	-44.8520
120.599998	98.840	-44.7462
122.000000	98.721	-44.8328
124.099998	98.568	-44.9334
125.000000	98.504	-44.8569
126.500000	98.402	-44.9344
128.000000	98.307	-44.8425
131.500000	98.074	-44.7966
132.000000	98.049	-44.7591
134.000000	97.882	-44.4379
136.000000	97.747	-44.7322
138.000000	97.671	-44.6317
140.000000	97.524	-44.2498
143.000000	97.337	-44.1215
145.000000	97.211	-43.9210
147.500000	97.053	-43.8525
150.000000	96.863	-43.5629
152.500000	96.710	-43.2288
155.000000	96.550	-42.8847
157.500000	96.388	-42.5937
160.000000	96.267	-41.9097
162.500000	96.076	-41.2576
165.000000	95.961	-40.6700
167.500000	95.784	-39.9080
170.000000	95.778	-39.6302
172.500000	95.565	-38.8454
175.000000	95.561	-37.7996
177.500000	95.433	-37.6705
180.000000	95.383	-36.9561
182.500000	95.313	-36.6134
185.000000	95.277	-35.4393
187.500000	95.080	-34.5423
190.000000	95.020	-33.4878
192.500000	94.952	-33.4211
195.000000	95.001	-32.2706
197.500000	94.955	-31.5488
200.000000	94.972	-30.6201
203.000000	95.026	-30.2429
206.000000	95.064	-29.9684
209.000000	95.071	-29.8198
212.000000	95.074	-29.9607
214.000000	95.078	-29.8547
218.000000	95.020	-29.6985
220.000000	94.992	-29.5201
224.000000	94.935	-29.3190
227.000000	94.890	-29.1095
230.000000	94.852	-28.8738
233.000000	94.823	-28.6647
236.000000	94.816	-28.4130
240.000000	94.831	-28.2836
243.000000	94.887	-28.3359
247.000000	95.023	-29.2171
250.000000	95.141	-31.6623
254.000000	94.357	-38.3456
258.000000	92.978	-32.2851
262.000000	93.125	-26.6176
265.000000	93.283	-24.9535
269.000000	93.432	-23.6808
272.000000	93.493	-23.0707
276.000000	93.541	-22.4219
280.000000	93.570	-21.8379
285.000000	93.587	-21.2016
290.000000	93.593	-20.5553
295.000000	93.586	-20.0081
300.000000	93.584	-19.4955
304.000000	93.578	-19.0244
307.000000	93.573	-18.7051
311.000000	93.569	-18.3463
315.000000	93.565	-17.9787
320.000000	93.539	-17.4954
325.000000	93.535	-16.9861
330.000000	93.524	-16.5423
335.000000	93.515	-16.1018
340.000000	93.503	-15.6914
345.000000	93.496	-15.2552
350.000000	93.479	-14.8895
355.000000	93.478	-14.4912
360.000000	93.482	-14.0812
365.000000	93.467	-13.7475
370.000000	93.465	-13.3807
375.000000	93.456	-13.0221
382.000000	93.447	-12.5399
387.000000	93.437	-12.2019
395.000000	93.429	-11.6615
400.000000	93.414	-11.4214
406.000000	93.427	-11.0744
412.000000	93.413	-10.7052
418.000000	93.416	-10.3899
425.000000	93.418	-10.0433
431.000000	93.400	-9.7633
437.000000	93.397	-9.4746
444.000000	93.383	-9.1560
450.000000	93.381	-8.8139
455.000000	93.363	-8.6475
462.000000	93.352	-8.3365
468.000000	93.346	-8.0731
475.000000	93.324	-7.7741
482.000000	93.317	-7.4658
487.000000	93.309	-7.2322
494.000000	93.291	-6.9236
500.000000	93.280	-6.6469
508.000000	93.270	-6.3229
515.000000	93.258	-6.0483
522.000000	93.245	-5.7520
530.000000	93.230	-5.4114
538.000000	93.210	-5.1081
545.000000	93.201	-4.8483
552.000000	93.188	-4.5440
560.000000	93.173	-4.2111
570.000000	93.151	-3.8205
580.000000	93.128	-3.4184
590.000000	93.111	-3.0043
600.000000	93.088	-2.5655
608.000000	93.074	-2.3248
615.000000	93.067	-2.0106
622.000000	93.049	-1.7558
630.000000	93.032	-1.4223
640.000000	93.012	-1.0043
650.000000	92.990	-0.7072
660.000000	92.975	-0.2673
670.000000	92.956	0.1639
680.000000	92.932	0.5652
690.000000	92.910	0.9645
700.000000	92.890	1.4159
710.000000	92.870	1.8270
720.000000	92.852	2.2480
730.000000	92.829	2.6832
740.000000	92.820	3.1537
750.000000	92.794	3.6160
762.000000	92.773	4.1609
775.000000	92.762	4.7381
788.000000	92.741	5.3892
800.000000	92.739	5.9498
812.000000	92.723	6.5973
825.000000	92.710	7.2233
838.000000	92.702	7.8987
850.000000	92.699	8.4800
862.000000	92.700	9.0581
875.000000	92.703	9.7680
885.000000	92.703	10.2892
900.000000	92.721	11.1423
912.000000	92.730	11.7054
925.000000	92.744	12.4077
938.000000	92.766	13.1185
950.000000	92.788	13.7702
962.000000	92.812	14.3592
975.000000	92.850	15.0325
988.000000	92.885	15.6323
1000.000000	92.924	16.2714
1015.000000	92.981	16.9247
1030.000000	93.037	17.6063
1044.000000	93.091	18.1898
1060.000000	93.162	18.8512
1075.000000	93.228	19.4032
1090.000000	93.294	19.9155
1106.000000	93.366	20.4427
1120.000000	93.435	20.8481
1138.000000	93.513	21.3494
1150.000000	93.573	21.6404
1172.000000	93.671	22.1536
1180.000000	93.702	22.3086
1206.000000	93.807	22.7848
1220.000000	93.858	23.0730
1241.000000	93.933	23.3916
1250.000000	93.967	23.4686
1265.000000	94.011	23.7583
1280.000000	94.056	23.9796
1315.000000	94.150	24.5191
1320.000000	94.164	24.6044
1340.000000	94.216	24.8962
1360.000000	94.258	25.2144
1380.000000	94.306	25.5164
1400.000000	94.349	25.8728
1430.000000	94.407	26.3916
1450.000000	94.442	26.7471
1475.000000	94.497	27.2899
1500.000000	94.554	27.8152
1525.000000	94.606	28.3274
1550.000000	94.673	28.8895
1575.000000	94.731	29.3862
1600.000000	94.801	29.9138
1625.000000	94.862	30.3859
1650.000000	94.933	30.9687
1675.000000	94.990	31.5252
1700.000000	95.067	32.1132
1725.000000	95.143	32.6860
1750.000000	95.223	33.2467
1775.000000	95.314	33.8413
1800.000000	95.403	34.4014
1825.000000	95.498	34.9736
1850.000000	95.607	35.5085
1875.000000	95.710	36.0373
1900.000000	95.821	36.5620
1925.000000	95.940	37.0784
1950.000000	96.062	37.5515
1975.000000	96.191	38.0245
2000.000000	96.364	38.2610
2030.000000	96.496	38.8819
2060.000000	96.667	39.2841
2090.000000	96.848	39.6386
2120.000000	97.035	39.9206
2140.000000	97.160	40.0776
2180.000000	97.417	40.3037
2200.000000	97.549	40.3675
2240.000000	97.817	40.3819
2270.000000	98.019	40.2485
2300.000000	98.221	40.0566
2330.000000	98.423	39.7985
2360.000000	98.622	39.4378
2400.000000	98.886	38.7652
2430.000000	99.070	38.1739
2470.000000	99.306	37.2601
2500.000000	99.472	36.4482
2540.000000	99.674	35.3264
2580.000000	99.860	34.1227
2620.000000	100.027	32.8160
2650.000000	100.146	31.7579
2690.000000	100.284	30.2223
2720.000000	100.362	28.9940
2760.000000	100.429	27.3154
2800.000000	100.454	25.6636
2850.000000	100.438	23.8176
2900.000000	100.383	22.1616
2950.000000	100.306	20.7707
3000.000000	100.196	19.6439
3040.000000	100.139	18.8283
3070.000000	100.082	18.3242
3110.000000	100.011	17.7301
3150.000000	99.947	17.1918
3200.000000	99.864	16.5808
3250.000000	99.783	16.0261
3300.000000	99.708	15.5527
3350.000000	99.637	15.0788
3400.000000	99.573	14.6191
3450.000000	99.496	14.1071
3500.000000	99.418	13.6524
3550.000000	99.336	13.1530
3600.000000	99.233	12.7485
3650.000000	99.127	12.3364
3700.000000	99.013	11.9993
3750.000000	98.887	11.7348
3820.000000	98.698	11.4774
3870.000000	98.540	11.3459
3950.000000	98.244	11.4430
4000.000000	98.095	11.3008
4060.000000	97.789	12.5738
4120.000000	97.541	13.8726
4180.000000	97.331	15.7461
4250.000000	97.198	18.5559
4310.000000	97.223	21.1445
4370.000000	97.371	23.4471
4440.000000	97.661	25.4008
4500.000000	97.947	26.2785
4550.000000	98.183	26.4727
4620.000000	98.486	26.0298
4680.000000	98.675	25.0990
4750.000000	98.811	23.5442
4820.000000	98.817	21.7034
4870.000000	98.749	20.4275
4940.000000	98.542	18.7956
5000.000000	98.295	17.7329
5080.000000	97.829	17.2114
5150.000000	97.390	17.6905
5220.000000	96.959	19.0984
5300.000000	96.549	21.7144
5380.000000	96.278	25.0972
5450.000000	96.165	28.3145
5520.000000	96.184	31.4668
5600.000000	96.316	34.7004
5700.000000	96.603	37.9810
5800.000000	96.963	40.3413
5900.000000	97.363	41.8006
6000.000000	97.765	42.2211
6080.000000	98.036	42.3527
6150.000000	98.262	41.9487
6220.000000	98.444	41.2815
6300.000000	98.610	40.2517
6400.000000	98.730	38.7223
6500.000000	98.767	37.1362
6600.000000	98.725	35.6827
6700.000000	98.637	34.4976
6800.000000	98.518	33.5627
6900.000000	98.388	32.9717
7000.000000	98.281	32.6695
7100.000000	98.209	32.6097
7200.000000	98.218	32.5292
7300.000000	98.282	32.1770
7400.000000	98.391	31.5030
7500.000000	98.532	30.3937
7620.000000	98.731	28.4116
7750.000000	98.947	25.2128
7880.000000	99.082	20.8632
8000.000000	99.055	16.1773
8120.000000	98.837	10.9382
8250.000000	98.386	6.0024
8380.000000	97.805	2.1910
8500.000000	97.240	-0.2654
8620.000000	96.703	-1.9460
8750.000000	96.154	-2.9748
8850.000000	95.767	-3.3519
9000.000000	95.297	-3.0580
9120.000000	94.981	-2.3916
9250.000000	94.772	-1.3857
9380.000000	94.675	-0.2215
9500.000000	94.693	0.6774
9620.000000	94.802	1.3426
9750.000000	95.008	1.5351
9880.000000	95.287	0.9835
10000.000000	95.542	-0.0198
10150.000000	95.880	-3.3338
10300.000000	96.056	-7.5907
10440.000000	96.023	-12.2167
10600.000000	95.720	-17.5070
10750.000000	95.220	-21.5976
10900.000000	94.674	-24.6504
11060.000000	94.113	-26.9436
11200.000000	93.689	-28.6650
11380.000000	93.196	-30.9102
11500.000000	92.907	-32.3173
11720.000000	92.470	-35.3605
11800.000000	92.311	-36.5716
12060.000000	91.978	-40.0963
12200.000000	91.975	-42.2323
12410.000000	92.233	-46.5165
12500.000000	92.423	-48.9553
12650.000000	92.828	-53.8848
12800.000000	93.287	-60.0047
13150.000000	94.484	-79.4700
13200.000000	94.647	-82.8538
13400.000000	95.043	-98.0816
13600.000000	94.951	-114.7178
13800.000000	94.283	-130.3639
14000.000000	93.199	-143.1967
14300.000000	91.364	-156.1352
14500.000000	90.282	-161.3906
14750.000000	89.208	-165.6900
15000.000000	88.536	-168.6413
15250.000000	88.236	-171.1406
15500.000000	88.427	-174.3061
15750.000000	89.132	-179.4262
16000.000000	90.460	171.6443
16250.000000	92.377	154.8650
16500.000000	94.311	124.1277
16750.000000	94.129	80.3177
17000.000000	91.584	39.3529
17250.000000	88.262	5.7614
17500.000000	85.155	-24.0273
17750.000000	82.647	-54.9600
18000.000000	80.833	-88.6317
18250.000000	79.362	-130.6876
18500.000000	78.395	-176.3927
18750.000000	77.740	135.0264
19000.000000	77.340	83.3048
19250.000000	77.187	27.5991
19500.000000	77.080	-36.2618
19750.000000	76.667	-111.0718
