* Measurement data measured by REW V5.31.3
* Source: USB-C to 3.5mm Headphone Jack Adapter, , 0, volume: 0.138
* Format: 256k Log Swept Sine, 1 sweep at -12.0 dBFS with no timing reference
* Dated: Oct 16, 2025 2:47:55 PM
* REW Settings:
*  C-weighting compensation: Off
*  Target level: 75.0 dB
* Note: ; 
* Measurement: S2 R
* Smoothing: None
* Frequency Step: 1/48 octave
* Start Frequency: 20.000 Hz
*
* Freq(Hz)	SPL(dB)	Phase(degrees)
20.000000	106.521	8.0452
20.299999	106.531	7.0791
20.600000	106.540	6.1278
20.900000	106.546	5.1957
21.200001	106.551	4.2843
21.400000	106.554	3.6875
21.799999	106.560	2.5133
22.000000	106.563	1.9331
22.400000	106.568	0.7828
22.700001	106.571	-0.0719
23.000000	106.572	-0.9181
23.299999	106.572	-1.7539
23.600000	106.571	-2.5782
24.000000	106.568	-3.6599
24.299999	106.565	-4.4593
24.700001	106.558	-5.5099
25.000000	106.553	-6.2853
25.400000	106.543	-7.3001
25.799999	106.533	-8.2933
26.200001	106.523	-9.2699
26.500000	106.515	-9.9957
26.900000	106.503	-10.9586
27.200001	106.493	-11.6766
27.600000	106.478	-12.6226
28.000000	106.460	-13.5482
28.500000	106.437	-14.6717
29.000000	106.415	-15.7689
29.500000	106.395	-16.8592
30.000000	106.372	-17.9502
30.400000	106.351	-18.8154
30.700001	106.334	-19.4532
31.100000	106.310	-20.2840
31.500000	106.286	-21.0947
32.000000	106.257	-22.0921
32.500000	106.228	-23.0832
33.000000	106.197	-24.0667
33.500000	106.165	-25.0342
34.000000	106.132	-25.9839
34.500000	106.098	-26.9212
35.000000	106.064	-27.8485
35.500000	106.028	-28.7620
36.000000	105.992	-29.6593
36.500000	105.955	-30.5445
37.000000	105.918	-31.4213
37.500000	105.880	-32.2866
38.200001	105.827	-33.4729
38.700001	105.789	-34.3100
39.500000	105.727	-35.6379
40.000000	105.685	-36.4440
40.599998	105.637	-37.3823
41.200001	105.590	-38.3144
41.799999	105.542	-39.2429
42.500000	105.483	-40.2773
43.099998	105.439	-41.1376
43.700001	105.399	-42.0504
44.400002	105.338	-43.1743
45.000000	105.270	-44.0633
45.500000	105.216	-44.7126
46.200001	105.155	-45.5845
46.799999	105.110	-46.3922
47.500000	105.047	-47.3612
48.200001	104.980	-48.2716
48.700001	104.936	-48.9009
49.400002	104.876	-49.7973
50.000000	104.823	-50.5686
50.799999	104.751	-51.5745
51.500000	104.687	-52.4450
52.200001	104.622	-53.3020
53.000000	104.547	-54.2492
53.799999	104.472	-55.1761
54.500000	104.407	-55.9687
55.200001	104.344	-56.7459
56.000000	104.272	-57.6385
57.000000	104.180	-58.7309
58.000000	104.092	-59.8220
59.000000	103.993	-60.9011
60.000000	103.901	-61.8382
60.799999	103.842	-62.6581
61.500000	103.779	-63.4255
62.200001	103.708	-64.1176
63.000000	103.637	-64.8536
64.000000	103.549	-65.8107
65.000000	103.458	-66.7255
66.000000	103.370	-67.6386
67.000000	103.279	-68.5235
68.000000	103.191	-69.3997
69.000000	103.100	-70.2531
70.000000	103.014	-71.0918
71.000000	102.921	-71.9367
72.000000	102.833	-72.6850
73.000000	102.757	-73.4849
74.000000	102.671	-74.3083
75.000000	102.585	-75.0656
76.199997	102.487	-75.9720
77.500000	102.378	-76.9383
78.800003	102.270	-77.8574
80.000000	102.173	-78.6980
81.199997	102.075	-79.5161
82.500000	101.972	-80.3780
83.800003	101.869	-81.2300
85.000000	101.776	-81.9944
86.199997	101.684	-82.7511
87.500000	101.582	-83.5404
88.500000	101.508	-84.1194
90.000000	101.398	-85.0139
91.199997	101.308	-85.7021
92.500000	101.215	-86.4356
93.800003	101.117	-87.1649
95.000000	101.032	-87.7749
96.199997	100.951	-88.4184
97.500000	100.861	-89.0881
98.800003	100.773	-89.7406
100.000000	100.694	-90.3375
101.500000	100.595	-91.0536
103.000000	100.496	-91.7605
104.400002	100.410	-92.3553
106.000000	100.311	-93.1149
107.500000	100.218	-93.7629
109.000000	100.124	-94.4076
110.599998	100.031	-95.0674
112.000000	99.951	-95.6339
113.800003	99.846	-96.3526
115.000000	99.782	-96.7934
117.199997	99.660	-97.6367
118.000000	99.618	-97.9347
120.599998	99.480	-98.8600
122.000000	99.409	-99.3490
124.099998	99.305	-100.0667
125.000000	99.260	-100.3651
126.500000	99.188	-100.8465
128.000000	99.117	-101.3285
131.500000	98.960	-102.4150
132.000000	98.938	-102.5726
134.000000	98.849	-103.1445
136.000000	98.765	-103.7211
138.000000	98.682	-104.2754
140.000000	98.602	-104.8206
143.000000	98.487	-105.6141
145.000000	98.413	-106.1217
147.500000	98.323	-106.7371
150.000000	98.236	-107.3478
152.500000	98.154	-107.9252
155.000000	98.073	-108.4985
157.500000	97.996	-109.0602
160.000000	97.920	-109.5878
162.500000	97.849	-110.1194
165.000000	97.780	-110.6287
167.500000	97.714	-111.1229
170.000000	97.648	-111.6149
172.500000	97.587	-112.0937
175.000000	97.528	-112.5554
177.500000	97.471	-113.0035
180.000000	97.417	-113.4408
182.500000	97.362	-113.8886
185.000000	97.309	-114.2943
187.500000	97.260	-114.7467
190.000000	97.211	-115.1367
192.500000	97.166	-115.5445
195.000000	97.120	-115.9287
197.500000	97.074	-116.3094
200.000000	97.033	-116.6729
203.000000	96.984	-117.0954
206.000000	96.939	-117.5298
209.000000	96.894	-117.9201
212.000000	96.853	-118.3175
214.000000	96.829	-118.5670
218.000000	96.781	-119.0649
220.000000	96.757	-119.3379
224.000000	96.713	-119.8584
227.000000	96.682	-120.2368
230.000000	96.652	-120.6089
233.000000	96.622	-120.9818
236.000000	96.592	-121.3478
240.000000	96.557	-121.8214
243.000000	96.526	-122.1939
247.000000	96.492	-122.6450
250.000000	96.465	-122.9932
254.000000	96.429	-123.4494
258.000000	96.396	-123.8838
262.000000	96.362	-124.3022
265.000000	96.338	-124.6124
269.000000	96.303	-125.0098
272.000000	96.280	-125.3007
276.000000	96.252	-125.6826
280.000000	96.222	-126.0474
285.000000	96.187	-126.4824
290.000000	96.149	-126.9180
295.000000	96.115	-127.3312
300.000000	96.080	-127.7311
304.000000	96.053	-128.0558
307.000000	96.035	-128.2724
311.000000	96.007	-128.5585
315.000000	95.982	-128.8458
320.000000	95.949	-129.2001
325.000000	95.916	-129.5205
330.000000	95.883	-129.8219
335.000000	95.851	-130.1160
340.000000	95.819	-130.3815
345.000000	95.786	-130.6292
350.000000	95.757	-130.8616
355.000000	95.729	-131.0525
360.000000	95.706	-131.2415
365.000000	95.686	-131.4273
370.000000	95.670	-131.6397
375.000000	95.653	-131.8590
382.000000	95.619	-132.1736
387.000000	95.598	-132.3806
395.000000	95.563	-132.7007
400.000000	95.538	-132.8864
406.000000	95.508	-133.1127
412.000000	95.474	-133.3181
418.000000	95.438	-133.4974
425.000000	95.398	-133.6908
431.000000	95.363	-133.8276
437.000000	95.328	-133.9427
444.000000	95.286	-134.0388
450.000000	95.253	-134.1338
455.000000	95.223	-134.1815
462.000000	95.183	-134.2386
468.000000	95.150	-134.2792
475.000000	95.111	-134.2807
482.000000	95.071	-134.2818
487.000000	95.042	-134.2840
494.000000	95.005	-134.2646
500.000000	94.972	-134.2428
508.000000	94.929	-134.1526
515.000000	94.893	-134.0858
522.000000	94.854	-133.9962
530.000000	94.815	-133.8774
538.000000	94.771	-133.7291
545.000000	94.738	-133.5828
552.000000	94.703	-133.4173
560.000000	94.665	-133.2262
570.000000	94.614	-132.9557
580.000000	94.570	-132.6483
590.000000	94.525	-132.3190
600.000000	94.479	-131.9537
608.000000	94.444	-131.6611
615.000000	94.419	-131.3907
622.000000	94.392	-131.0895
630.000000	94.357	-130.7399
640.000000	94.321	-130.3025
650.000000	94.285	-129.8124
660.000000	94.250	-129.3123
670.000000	94.219	-128.7766
680.000000	94.190	-128.2400
690.000000	94.162	-127.6832
700.000000	94.137	-127.1099
710.000000	94.115	-126.5080
720.000000	94.092	-125.8857
730.000000	94.074	-125.2493
740.000000	94.059	-124.6071
750.000000	94.048	-123.9473
762.000000	94.035	-123.1253
775.000000	94.026	-122.2231
788.000000	94.021	-121.2798
800.000000	94.024	-120.4111
812.000000	94.030	-119.5242
825.000000	94.040	-118.5623
838.000000	94.059	-117.5500
850.000000	94.078	-116.6425
862.000000	94.103	-115.6893
875.000000	94.137	-114.7044
885.000000	94.164	-113.9270
900.000000	94.215	-112.7477
912.000000	94.260	-111.8238
925.000000	94.316	-110.8248
938.000000	94.380	-109.8351
950.000000	94.439	-108.9246
962.000000	94.508	-108.0493
975.000000	94.583	-107.1108
988.000000	94.665	-106.1850
1000.000000	94.747	-105.3651
1015.000000	94.851	-104.3677
1030.000000	94.963	-103.4038
1044.000000	95.070	-102.5645
1060.000000	95.196	-101.6292
1075.000000	95.315	-100.8214
1090.000000	95.441	-100.0481
1106.000000	95.571	-99.3004
1120.000000	95.687	-98.6653
1138.000000	95.835	-97.9494
1150.000000	95.932	-97.5115
1172.000000	96.106	-96.7544
1180.000000	96.168	-96.4955
1206.000000	96.364	-95.7452
1220.000000	96.459	-95.3943
1241.000000	96.603	-94.8955
1250.000000	96.661	-94.6903
1265.000000	96.753	-94.3829
1280.000000	96.841	-94.0811
1315.000000	97.029	-93.4142
1320.000000	97.054	-93.3277
1340.000000	97.148	-92.9614
1360.000000	97.234	-92.5986
1380.000000	97.314	-92.2300
1400.000000	97.386	-91.8477
1430.000000	97.491	-91.2555
1450.000000	97.552	-90.8408
1475.000000	97.622	-90.2906
1500.000000	97.692	-89.7408
1525.000000	97.754	-89.1336
1550.000000	97.816	-88.5122
1575.000000	97.874	-87.8571
1600.000000	97.930	-87.1771
1625.000000	97.987	-86.4667
1650.000000	98.043	-85.7379
1675.000000	98.102	-84.9877
1700.000000	98.159	-84.2273
1725.000000	98.218	-83.4371
1750.000000	98.279	-82.6463
1775.000000	98.340	-81.8466
1800.000000	98.405	-81.0453
1825.000000	98.471	-80.2186
1850.000000	98.539	-79.3902
1875.000000	98.611	-78.5835
1900.000000	98.684	-77.7580
1925.000000	98.759	-76.9458
1950.000000	98.840	-76.1394
1975.000000	98.920	-75.3390
2000.000000	99.004	-74.5492
2030.000000	99.106	-73.6358
2060.000000	99.214	-72.7406
2090.000000	99.323	-71.8701
2120.000000	99.433	-71.0430
2140.000000	99.509	-70.4903
2180.000000	99.659	-69.4551
2200.000000	99.737	-68.9610
2240.000000	99.892	-68.0389
2270.000000	100.007	-67.4196
2300.000000	100.124	-66.8048
2330.000000	100.234	-66.2484
2360.000000	100.344	-65.7496
2400.000000	100.487	-65.1367
2430.000000	100.590	-64.7311
2470.000000	100.717	-64.2393
2500.000000	100.808	-63.9276
2540.000000	100.919	-63.5383
2580.000000	101.018	-63.2198
2620.000000	101.106	-62.9132
2650.000000	101.162	-62.7042
2690.000000	101.224	-62.4416
2720.000000	101.263	-62.2389
2760.000000	101.307	-61.9603
2800.000000	101.339	-61.6322
2850.000000	101.370	-61.2035
2900.000000	101.390	-60.7152
2950.000000	101.404	-60.1814
3000.000000	101.417	-59.6022
3040.000000	101.426	-59.1264
3070.000000	101.431	-58.7590
3110.000000	101.441	-58.2799
3150.000000	101.450	-57.8039
3200.000000	101.461	-57.2093
3250.000000	101.470	-56.6475
3300.000000	101.475	-56.1163
3350.000000	101.476	-55.6407
3400.000000	101.471	-55.2070
3450.000000	101.455	-54.8312
3500.000000	101.427	-54.5002
3550.000000	101.385	-54.1948
3600.000000	101.325	-53.9097
3650.000000	101.250	-53.6011
3700.000000	101.156	-53.2462
3750.000000	101.047	-52.8316
3820.000000	100.877	-52.1212
3870.000000	100.751	-51.5047
3950.000000	100.551	-50.3746
4000.000000	100.430	-49.6239
4060.000000	100.292	-48.7402
4120.000000	100.148	-47.9266
4180.000000	99.988	-47.1836
4250.000000	99.757	-46.3499
4310.000000	99.505	-45.4950
4370.000000	99.214	-44.2578
4440.000000	98.865	-42.0745
4500.000000	98.623	-39.5741
4550.000000	98.491	-37.2281
4620.000000	98.424	-33.9136
4680.000000	98.469	-31.3639
4750.000000	98.591	-29.0273
4820.000000	98.743	-27.4177
4870.000000	98.839	-26.7026
4940.000000	98.941	-26.1752
5000.000000	98.976	-26.0904
5080.000000	98.940	-26.2702
5150.000000	98.826	-26.5268
5220.000000	98.644	-26.6946
5300.000000	98.369	-26.6779
5380.000000	98.032	-26.3301
5450.000000	97.712	-25.6680
5520.000000	97.379	-24.6818
5600.000000	97.003	-23.1741
5700.000000	96.554	-20.7994
5800.000000	96.137	-17.9656
5900.000000	95.779	-14.7607
6000.000000	95.474	-11.2887
6080.000000	95.278	-8.3406
6150.000000	95.145	-5.6247
6220.000000	95.045	-2.9078
6300.000000	94.967	0.3019
6400.000000	94.943	4.4060
6500.000000	94.993	8.4495
6600.000000	95.121	12.4126
6700.000000	95.335	16.3066
6800.000000	95.632	20.0029
6900.000000	96.007	23.4074
7000.000000	96.459	26.5012
7100.000000	96.992	29.1896
7200.000000	97.624	31.3477
7300.000000	98.316	32.6141
7400.000000	99.047	33.0202
7500.000000	99.795	32.3521
7620.000000	100.647	30.0202
7750.000000	101.407	25.6041
7880.000000	101.854	19.7351
8000.000000	101.917	14.0206
8120.000000	101.678	9.0238
8250.000000	101.207	5.1169
8380.000000	100.656	2.8706
8500.000000	100.157	1.9068
8620.000000	99.698	1.7123
8750.000000	99.254	2.0813
8850.000000	98.952	2.6687
9000.000000	98.567	3.8352
9120.000000	98.308	4.8864
9250.000000	98.077	5.9671
9380.000000	97.883	6.9279
9500.000000	97.720	7.6811
9620.000000	97.561	8.1973
9750.000000	97.380	8.5538
9880.000000	97.172	8.7461
10000.000000	96.930	8.8259
10150.000000	96.568	8.8669
10300.000000	96.165	9.7308
10440.000000	95.808	10.7540
10600.000000	95.503	11.9858
10750.000000	95.131	11.6681
10900.000000	94.411	12.6705
11060.000000	93.718	16.9513
11200.000000	93.393	20.9609
11380.000000	93.149	26.9392
11500.000000	93.218	29.9097
11720.000000	93.020	35.5430
11800.000000	93.125	38.7740
12060.000000	94.219	44.1169
12200.000000	94.304	42.0252
12410.000000	94.146	47.1554
12500.000000	94.421	49.6211
12650.000000	95.042	52.0769
12800.000000	95.776	53.3390
13150.000000	97.823	49.1233
13200.000000	98.102	47.5116
13400.000000	99.009	38.2319
13600.000000	99.259	25.6857
13800.000000	98.713	13.0285
14000.000000	97.608	2.5823
14300.000000	95.616	-7.2513
14500.000000	94.457	-11.3634
14750.000000	93.264	-15.6443
15000.000000	92.350	-19.9150
15250.000000	91.768	-24.9337
15500.000000	91.474	-31.2868
15750.000000	91.469	-39.6218
16000.000000	91.764	-50.5972
16250.000000	92.253	-65.0686
16500.000000	92.789	-84.0229
16750.000000	93.010	-107.3859
17000.000000	92.657	-133.0118
17250.000000	91.910	-158.4099
17500.000000	91.038	176.0176
17750.000000	89.992	150.1302
18000.000000	88.977	124.5507
18250.000000	88.402	98.2003
18500.000000	88.486	66.6924
18750.000000	88.796	26.2728
19000.000000	88.974	-23.9969
19250.000000	88.824	-85.2167
19500.000000	88.151	-160.2609
19750.000000	86.381	108.0949
