* Measurement data measured by REW V5.31.3
* Source: USB-C to 3.5mm Headphone Jack Adapter, USB-C to 3.5mm Headphone Jack Adapter, 0, volume: 0.138
* Format: 256k Log Swept Sine, 1 sweep at -12.0 dBFS with no timing reference
* Dated: Sep 13, 2025 11:26:56 PM
* REW Settings:
*  C-weighting compensation: Off
*  Target level: 75.0 dB
* Note: 
* Measurement: L
* Smoothing: None
* Frequency Step: 1/48 octave
* Start Frequency: 20.300 Hz
*
* Freq(Hz)	SPL(dB)	Phase(degrees)
20.299999	97.469	18.9429
20.600000	97.479	18.4178
20.900000	97.482	17.8924
21.200001	97.483	17.3446
21.400000	97.484	16.9786
21.799999	97.491	16.2679
22.000000	97.499	15.9290
22.400000	97.522	15.2824
22.700001	97.543	14.8176
23.000000	97.561	14.3645
23.299999	97.574	13.9212
23.600000	97.579	13.4892
24.000000	97.573	12.9334
24.299999	97.563	12.5300
24.700001	97.546	12.0027
25.000000	97.535	11.6099
25.400000	97.528	11.0874
25.799999	97.532	10.5715
26.200001	97.544	10.0725
26.500000	97.556	9.7141
26.900000	97.573	9.2579
27.200001	97.583	8.9269
27.600000	97.591	8.4837
28.000000	97.591	8.0146
28.500000	97.579	7.3630
29.000000	97.553	6.6579
29.500000	97.521	5.9782
30.000000	97.495	5.4105
30.400000	97.487	5.0437
30.700001	97.490	4.7963
31.100000	97.500	4.4677
31.500000	97.509	4.1189
32.000000	97.508	3.6734
32.500000	97.494	3.2651
33.000000	97.479	2.8979
33.500000	97.474	2.5077
34.000000	97.476	2.0281
34.500000	97.473	1.4643
35.000000	97.462	0.8856
35.500000	97.446	0.3530
36.000000	97.433	-0.1263
36.500000	97.425	-0.5796
37.000000	97.419	-1.0224
37.500000	97.409	-1.4415
38.200001	97.387	-1.9595
38.700001	97.370	-2.3024
39.500000	97.349	-2.9127
40.000000	97.336	-3.3477
40.599998	97.318	-3.8520
41.200001	97.303	-4.2646
41.799999	97.295	-4.6147
42.500000	97.283	-5.0661
43.099998	97.254	-5.4833
43.700001	97.218	-5.8339
44.400002	97.199	-6.2092
45.000000	97.200	-6.6659
45.500000	97.193	-7.1411
46.200001	97.160	-7.7528
46.799999	97.132	-8.1314
47.500000	97.110	-8.5020
48.200001	97.084	-8.8361
48.700001	97.064	-9.0403
49.400002	97.041	-9.4172
50.000000	97.014	-9.8999
50.799999	96.965	-10.4809
51.500000	96.953	-10.7667
52.200001	96.964	-11.1238
53.000000	96.918	-11.6379
53.799999	96.839	-11.8813
54.500000	96.835	-12.1616
55.200001	96.860	-12.8838
56.000000	96.822	-13.7757
57.000000	96.710	-14.0601
58.000000	96.666	-14.1446
59.000000	96.667	-14.7722
60.000000	96.642	-15.4035
60.799999	96.603	-15.6665
61.500000	96.568	-15.9173
62.200001	96.529	-16.3178
63.000000	96.481	-16.7908
64.000000	96.439	-17.1578
65.000000	96.407	-17.4921
66.000000	96.364	-17.9283
67.000000	96.318	-18.4307
68.000000	96.260	-18.8189
69.000000	96.214	-19.1252
70.000000	96.168	-19.6431
71.000000	96.109	-20.0653
72.000000	96.071	-20.3370
73.000000	96.027	-20.7094
74.000000	95.971	-21.1098
75.000000	95.928	-21.5273
76.199997	95.879	-22.0314
77.500000	95.779	-22.3847
78.800003	95.728	-22.7512
80.000000	95.663	-23.2903
81.199997	95.620	-23.4913
82.500000	95.552	-24.0345
83.800003	95.475	-24.3712
85.000000	95.415	-24.6986
86.199997	95.344	-25.0448
87.500000	95.264	-25.4302
88.500000	95.215	-25.6911
90.000000	95.146	-26.0900
91.199997	95.073	-26.4292
92.500000	94.989	-26.6803
93.800003	94.928	-26.9774
95.000000	94.875	-27.2753
96.199997	94.812	-27.5482
97.500000	94.736	-27.9025
98.800003	94.664	-28.1556
100.000000	94.608	-28.3821
101.500000	94.511	-28.6707
103.000000	94.440	-28.9942
104.400002	94.363	-29.2173
106.000000	94.254	-29.4908
107.500000	94.191	-29.7645
109.000000	94.093	-29.9979
110.599998	93.995	-30.2650
112.000000	93.896	-30.3519
113.800003	93.813	-30.7652
115.000000	93.771	-30.5990
117.199997	93.603	-31.0285
118.000000	93.566	-31.5487
120.599998	93.542	-31.4904
122.000000	93.306	-31.5846
124.099998	93.212	-31.7404
125.000000	93.190	-31.6297
126.500000	93.091	-31.9392
128.000000	93.042	-32.0195
131.500000	92.840	-32.0781
132.000000	92.831	-32.1733
134.000000	92.700	-32.4112
136.000000	92.636	-32.3244
138.000000	92.473	-32.4837
140.000000	92.347	-32.0657
143.000000	92.215	-32.5340
145.000000	92.097	-32.2576
147.500000	91.934	-32.0730
150.000000	91.831	-32.4132
152.500000	91.652	-32.1032
155.000000	91.584	-31.7384
157.500000	91.473	-32.0854
160.000000	91.300	-32.3276
162.500000	91.214	-31.8410
165.000000	91.093	-31.2620
167.500000	90.970	-31.2668
170.000000	90.873	-30.9224
172.500000	90.793	-30.4944
175.000000	90.660	-30.2351
177.500000	90.525	-30.0363
180.000000	90.420	-29.7483
182.500000	90.330	-29.5984
185.000000	90.231	-28.9211
187.500000	90.182	-28.5398
190.000000	90.041	-28.2751
192.500000	89.933	-27.9744
195.000000	89.817	-27.4866
197.500000	89.779	-27.1052
200.000000	89.702	-26.5794
203.000000	89.627	-26.2989
206.000000	89.534	-25.8661
209.000000	89.418	-25.2418
212.000000	89.399	-24.9464
214.000000	89.304	-24.4766
218.000000	89.209	-23.8053
220.000000	89.157	-23.4286
224.000000	89.045	-22.7763
227.000000	88.988	-22.1827
230.000000	88.908	-21.7307
233.000000	88.857	-21.2297
236.000000	88.806	-20.6705
240.000000	88.698	-19.9722
243.000000	88.665	-19.3972
247.000000	88.602	-18.5694
250.000000	88.559	-18.0615
254.000000	88.502	-17.4600
258.000000	88.451	-16.6572
262.000000	88.407	-15.9635
265.000000	88.369	-15.4609
269.000000	88.331	-14.7833
272.000000	88.302	-14.2110
276.000000	88.278	-13.5481
280.000000	88.246	-12.9277
285.000000	88.225	-12.1079
290.000000	88.189	-11.3786
295.000000	88.163	-10.6325
300.000000	88.144	-9.8475
304.000000	88.140	-9.3254
307.000000	88.128	-8.8669
311.000000	88.122	-8.2072
315.000000	88.115	-7.7431
320.000000	88.107	-7.0506
325.000000	88.116	-6.3998
330.000000	88.112	-5.7445
335.000000	88.119	-5.2094
340.000000	88.137	-4.5926
345.000000	88.149	-3.9459
350.000000	88.156	-3.4778
355.000000	88.182	-3.0372
360.000000	88.167	-2.6405
365.000000	88.243	-2.3165
370.000000	88.240	-1.9862
375.000000	88.249	-1.5629
382.000000	88.248	-1.1885
387.000000	88.242	-0.8133
395.000000	88.251	-0.3552
400.000000	88.253	-0.0287
406.000000	88.242	0.3640
412.000000	88.241	0.7687
418.000000	88.239	1.1362
425.000000	88.246	1.6218
431.000000	88.244	1.9811
437.000000	88.239	2.4141
444.000000	88.237	2.7405
450.000000	88.232	3.1529
455.000000	88.229	3.4755
462.000000	88.241	3.8451
468.000000	88.226	4.1385
475.000000	88.230	4.5634
482.000000	88.225	5.0266
487.000000	88.222	5.2697
494.000000	88.228	5.6396
500.000000	88.210	5.9612
508.000000	88.206	6.3481
515.000000	88.205	6.7956
522.000000	88.195	7.0629
530.000000	88.177	7.6672
538.000000	88.207	7.9929
545.000000	88.188	8.3887
552.000000	88.193	8.7922
560.000000	88.182	9.1499
570.000000	88.187	9.6397
580.000000	88.181	10.2003
590.000000	88.170	10.6074
600.000000	88.173	11.0812
608.000000	88.157	11.4718
615.000000	88.151	11.8409
622.000000	88.132	12.1660
630.000000	88.128	12.6494
640.000000	88.112	13.0926
650.000000	88.108	13.5834
660.000000	88.094	14.2011
670.000000	88.077	14.7041
680.000000	88.058	15.2997
690.000000	88.056	15.9271
700.000000	88.035	16.4629
710.000000	88.031	17.0678
720.000000	88.013	17.6928
730.000000	88.014	18.3427
740.000000	88.014	18.9617
750.000000	88.012	19.6012
762.000000	88.008	20.4122
775.000000	88.022	21.3523
788.000000	88.011	22.2450
800.000000	88.041	23.1114
812.000000	88.063	24.0191
825.000000	88.093	25.0219
838.000000	88.147	26.0540
850.000000	88.200	26.9839
862.000000	88.273	27.8655
875.000000	88.377	28.7420
885.000000	88.461	29.2968
900.000000	88.585	29.9710
912.000000	88.679	30.4112
925.000000	88.768	30.7084
938.000000	88.838	31.0612
950.000000	88.888	31.3972
962.000000	88.946	31.6730
975.000000	88.990	32.1146
988.000000	89.040	32.5736
1000.000000	89.091	33.0187
1015.000000	89.151	33.5267
1030.000000	89.222	34.0903
1044.000000	89.290	34.5857
1060.000000	89.370	35.1607
1075.000000	89.451	35.6134
1090.000000	89.537	36.1306
1106.000000	89.629	36.5222
1120.000000	89.709	36.9172
1138.000000	89.818	37.2995
1150.000000	89.881	37.5628
1172.000000	90.014	37.9506
1180.000000	90.056	38.0602
1206.000000	90.198	38.3995
1220.000000	90.271	38.6007
1241.000000	90.371	38.7690
1250.000000	90.416	38.8592
1265.000000	90.484	38.9587
1280.000000	90.545	39.0649
1315.000000	90.690	39.2893
1320.000000	90.706	39.3433
1340.000000	90.784	39.4485
1360.000000	90.851	39.5574
1380.000000	90.919	39.7122
1400.000000	90.980	39.8420
1430.000000	91.072	40.0253
1450.000000	91.130	40.1917
1475.000000	91.205	40.3865
1500.000000	91.282	40.5610
1525.000000	91.351	40.8090
1550.000000	91.425	41.0172
1575.000000	91.499	41.2654
1600.000000	91.573	41.4780
1625.000000	91.657	41.7351
1650.000000	91.739	41.9986
1675.000000	91.826	42.2602
1700.000000	91.913	42.4651
1725.000000	92.006	42.7169
1750.000000	92.103	42.9053
1775.000000	92.202	43.0829
1800.000000	92.297	43.2721
1825.000000	92.405	43.4549
1850.000000	92.513	43.5808
1875.000000	92.622	43.6837
1900.000000	92.734	43.7853
1925.000000	92.846	43.8309
1950.000000	92.966	43.9009
1975.000000	93.080	43.8727
2000.000000	93.203	43.8348
2030.000000	93.347	43.7793
2060.000000	93.491	43.6536
2090.000000	93.636	43.4864
2120.000000	93.779	43.2655
2140.000000	93.875	43.0993
2180.000000	94.059	42.7052
2200.000000	94.157	42.4810
2240.000000	94.337	41.9852
2270.000000	94.465	41.5358
2300.000000	94.593	41.0947
2330.000000	94.718	40.5990
2360.000000	94.835	40.0897
2400.000000	94.986	39.3632
2430.000000	95.091	38.7709
2470.000000	95.222	38.0030
2500.000000	95.309	37.3820
2540.000000	95.426	36.5767
2580.000000	95.529	35.7597
2620.000000	95.619	34.9295
2650.000000	95.675	34.3255
2690.000000	95.752	33.5303
2720.000000	95.799	32.9604
2760.000000	95.856	32.1921
2800.000000	95.903	31.4572
2850.000000	95.945	30.6417
2900.000000	95.979	29.8659
2950.000000	96.003	29.2342
3000.000000	96.023	28.6535
3040.000000	96.045	28.2907
3070.000000	96.070	28.0263
3110.000000	96.097	27.6500
3150.000000	96.128	27.2568
3200.000000	96.156	26.6973
3250.000000	96.176	26.1567
3300.000000	96.185	25.6128
3350.000000	96.188	25.0653
3400.000000	96.183	24.5293
3450.000000	96.164	23.9420
3500.000000	96.137	23.2973
3550.000000	96.086	22.6474
3600.000000	96.015	21.9362
3650.000000	95.918	21.2108
3700.000000	95.781	20.4863
3750.000000	95.604	19.7276
3820.000000	95.263	18.8967
3870.000000	94.958	18.5869
3950.000000	94.352	18.9308
4000.000000	93.921	19.9715
4060.000000	93.419	22.1877
4120.000000	92.988	25.5515
4180.000000	92.704	29.6624
4250.000000	92.608	34.8974
4310.000000	92.715	39.0808
4370.000000	92.939	42.5804
4440.000000	93.294	45.7025
4500.000000	93.619	47.5403
4550.000000	93.872	48.5686
4620.000000	94.188	49.4250
4680.000000	94.413	49.7320
4750.000000	94.622	49.8259
4820.000000	94.767	49.7410
4870.000000	94.831	49.5882
4940.000000	94.898	49.4588
5000.000000	94.926	49.2934
5080.000000	94.942	49.1708
5150.000000	94.939	49.0717
5220.000000	94.932	48.9575
5300.000000	94.924	48.8280
5380.000000	94.911	48.5485
5450.000000	94.908	48.1936
5520.000000	94.896	47.7142
5600.000000	94.882	46.9485
5700.000000	94.843	45.6598
5800.000000	94.776	44.0525
5900.000000	94.661	42.1491
6000.000000	94.507	40.0473
6080.000000	94.340	38.3622
6150.000000	94.167	36.8800
6220.000000	93.993	35.4512
6300.000000	93.766	33.9539
6400.000000	93.470	32.2345
6500.000000	93.178	30.7640
6600.000000	92.899	29.6272
6700.000000	92.674	28.8079
6800.000000	92.507	28.1974
6900.000000	92.362	27.7098
7000.000000	92.278	28.0477
7100.000000	92.547	27.6246
7200.000000	92.622	26.0011
7300.000000	92.695	24.9026
7400.000000	92.805	23.7993
7500.000000	92.968	22.5380
7620.000000	93.195	20.6338
7750.000000	93.427	17.7318
7880.000000	93.591	13.9947
8000.000000	93.614	9.7433
8120.000000	93.398	5.2223
8250.000000	92.916	0.9310
8380.000000	92.283	-2.2957
8500.000000	91.592	-4.3655
8620.000000	90.866	-5.5207
8750.000000	90.054	-5.7713
8850.000000	89.434	-5.4473
9000.000000	88.553	-4.0817
9120.000000	87.901	-2.5591
9250.000000	87.294	-0.6068
9380.000000	86.767	1.3982
9500.000000	86.350	3.2904
9620.000000	86.007	4.9544
9750.000000	85.718	6.3637
9880.000000	85.546	7.2834
10000.000000	85.438	7.5209
10150.000000	85.329	6.8035
10300.000000	85.227	5.4471
10440.000000	85.122	3.9722
10600.000000	85.110	2.7263
10750.000000	85.270	1.3172
10900.000000	85.492	-0.4133
11060.000000	85.781	-2.5413
11200.000000	86.066	-4.4454
11380.000000	86.448	-6.5534
11500.000000	86.708	-7.7062
11720.000000	87.235	-9.3136
11800.000000	87.431	-9.7688
12060.000000	88.193	-11.0721
12200.000000	88.631	-12.0197
12410.000000	89.280	-14.3073
12500.000000	89.512	-15.5091
12650.000000	89.799	-18.1869
12800.000000	89.973	-20.7985
13150.000000	89.955	-25.6277
13200.000000	89.926	-26.0341
13400.000000	89.878	-27.8045
13600.000000	89.926	-29.3577
13800.000000	90.087	-31.7880
14000.000000	90.325	-36.0452
14300.000000	90.600	-47.5176
14500.000000	90.358	-59.3067
14750.000000	89.110	-75.8359
15000.000000	86.949	-89.7525
15250.000000	84.545	-99.7300
15500.000000	82.395	-107.4717
15750.000000	80.645	-115.3608
16000.000000	79.199	-124.9844
16250.000000	78.136	-136.3937
16500.000000	77.464	-148.4890
16750.000000	77.521	-162.2615
17000.000000	78.496	-178.8639
17250.000000	79.903	160.0414
17500.000000	81.435	135.3282
17750.000000	83.281	106.3977
18000.000000	85.222	70.0494
18250.000000	86.196	21.4758
18500.000000	84.826	-29.6424
18750.000000	82.473	-73.6290
19000.000000	80.250	-114.7652
19250.000000	78.596	-159.0698
19500.000000	77.156	147.7882
19750.000000	75.353	83.0965
