* Measurement data measured by REW V5.20
* Source: USB-C to 3.5mm Headphone Jack Adapter, USB-C to 3.5mm Headphone Jack Adapter, 0, volume: 0.138
* Format: 256k Log Swept Sine, 1 sweep at -12.0 dBFS with no timing reference
* Dated: Jan 3, 2024 6:35:43 PM
* REW Settings:
*  C-weighting compensation: Off
*  Target level: 75.0 dB
* Note: 
* Measurement: L
* Smoothing: None
* Frequency Step: 1/48 octave
* Start Frequency: 20.300 Hz
*
* Freq(Hz)	SPL(dB)	Phase(degrees)
20.299999	103.968475	25.0402
20.600000	103.984116	24.3550
20.900000	103.990906	23.7485
21.200001	103.996048	23.1614
21.400000	104.000549	22.7776
21.799999	104.014160	22.0194
22.000000	104.023338	21.6421
22.400000	104.044785	20.8899
22.700001	104.061356	20.3306
23.000000	104.076660	19.7806
23.299999	104.089798	19.2442
23.600000	104.100662	18.7231
24.000000	104.112404	18.0495
24.299999	104.119980	17.5543
24.700001	104.129234	16.8981
25.000000	104.135605	16.4055
25.400000	104.142975	15.7495
25.799999	104.148529	15.1022
26.200001	104.152122	14.4738
26.500000	104.153816	14.0189
26.900000	104.155403	13.4335
27.200001	104.156578	13.0069
27.600000	104.158440	12.4468
28.000000	104.160538	11.8902
28.500000	104.162758	11.1984
29.000000	104.164307	10.5219
29.500000	104.166031	9.8703
30.000000	104.168732	9.2390
30.400000	104.171082	8.7392
30.700001	104.172279	8.3638
31.100000	104.172379	7.8619
31.500000	104.170334	7.3617
32.000000	104.164711	6.7468
32.500000	104.156143	6.1531
33.000000	104.146126	5.5876
33.500000	104.137230	5.0431
34.000000	104.130943	4.4922
34.500000	104.125015	3.9138
35.000000	104.115906	3.3274
35.500000	104.104660	2.7801
36.000000	104.097076	2.2880
36.500000	104.094589	1.8091
37.000000	104.088242	1.3000
37.500000	104.067802	0.7846
38.200001	104.025314	0.1714
38.700001	104.007347	-0.2063
39.500000	104.010483	-0.9541
40.000000	104.010429	-1.5274
40.599998	103.995346	-2.1643
41.200001	103.977188	-2.6775
41.799999	103.964424	-3.1637
42.500000	103.944244	-3.7913
43.099998	103.918976	-4.3188
43.700001	103.897675	-4.8007
44.400002	103.880722	-5.3668
45.000000	103.862930	-5.8654
45.500000	103.844009	-6.2639
46.200001	103.817078	-6.7998
46.799999	103.794746	-7.2669
47.500000	103.766800	-7.8066
48.200001	103.740356	-8.3159
48.700001	103.723610	-8.6790
49.400002	103.698380	-9.1971
50.000000	103.674316	-9.6198
50.799999	103.644600	-10.1561
51.500000	103.613968	-10.6604
52.200001	103.567642	-11.1610
53.000000	103.515579	-11.6329
53.799999	103.494446	-12.1259
54.500000	103.482658	-12.6658
55.200001	103.454590	-13.1531
56.000000	103.418137	-13.5612
57.000000	103.372177	-14.2091
58.000000	103.308517	-14.8790
59.000000	103.301437	-15.4219
60.000000	103.277588	-16.2000
60.799999	103.198715	-16.5949
61.500000	103.145546	-16.7801
62.200001	103.116821	-17.1282
63.000000	103.076935	-17.6554
64.000000	103.027618	-18.1451
65.000000	102.983948	-18.6535
66.000000	102.920815	-19.1857
67.000000	102.864990	-19.6695
68.000000	102.815651	-20.1508
69.000000	102.760307	-20.6460
70.000000	102.699417	-21.1057
71.000000	102.647766	-21.5612
72.000000	102.593880	-22.0281
73.000000	102.541374	-22.4652
74.000000	102.476952	-22.8959
75.000000	102.413712	-23.2549
76.199997	102.352242	-23.8329
77.500000	102.286049	-24.2684
78.800003	102.214859	-24.6753
80.000000	102.127090	-25.1670
81.199997	102.054184	-25.7045
82.500000	101.985382	-26.1546
83.800003	101.893883	-26.5932
85.000000	101.822105	-27.0056
86.199997	101.752342	-27.3936
87.500000	101.675438	-27.7986
88.500000	101.611298	-28.1030
90.000000	101.512726	-28.5635
91.199997	101.442154	-28.8564
92.500000	101.365677	-29.2386
93.800003	101.285660	-29.5268
95.000000	101.212593	-29.9631
96.199997	101.121834	-30.2309
97.500000	101.051643	-30.4817
98.800003	100.961945	-30.8173
100.000000	100.903938	-31.0528
101.500000	100.792923	-31.4712
103.000000	100.703842	-31.6981
104.400002	100.620232	-31.9186
106.000000	100.507362	-32.2236
107.500000	100.412613	-32.4420
109.000000	100.329628	-32.6923
110.599998	100.204720	-32.9056
112.000000	100.120918	-33.1241
113.800003	100.031174	-33.3195
115.000000	99.946739	-33.4400
117.199997	99.806213	-33.7671
118.000000	99.747643	-33.8672
120.599998	99.598953	-34.0990
122.000000	99.518616	-34.1682
124.099998	99.382866	-34.3313
125.000000	99.331161	-34.3723
126.500000	99.235474	-34.4403
128.000000	99.148849	-34.4860
131.500000	98.937828	-34.6589
132.000000	98.908157	-34.6767
134.000000	98.794250	-34.6487
136.000000	98.673584	-34.6949
138.000000	98.565102	-34.6886
140.000000	98.450836	-34.6632
143.000000	98.281914	-34.6198
145.000000	98.172089	-34.5316
147.500000	98.040558	-34.4282
150.000000	97.905952	-34.3167
152.500000	97.780167	-34.1378
155.000000	97.663452	-34.0405
157.500000	97.526634	-33.7947
160.000000	97.403915	-33.5520
162.500000	97.291252	-33.3561
165.000000	97.174103	-33.1062
167.500000	97.063805	-32.8092
170.000000	96.950096	-32.5386
172.500000	96.843460	-32.2117
175.000000	96.741631	-31.9423
177.500000	96.637115	-31.5956
180.000000	96.534142	-31.1552
182.500000	96.437378	-30.8441
185.000000	96.348763	-30.5995
187.500000	96.266731	-30.1345
190.000000	96.191742	-30.0390
192.500000	96.112206	-29.3900
195.000000	96.019821	-29.1850
197.500000	95.918602	-28.6062
200.000000	95.879021	-28.2876
203.000000	95.789841	-27.7620
206.000000	95.670303	-27.2801
209.000000	95.620430	-26.7267
212.000000	95.544945	-26.2954
214.000000	95.493195	-25.9700
218.000000	95.401230	-25.4452
220.000000	95.372314	-25.0243
224.000000	95.261887	-24.3368
227.000000	95.200989	-23.8274
230.000000	95.152420	-23.3611
233.000000	95.119797	-22.8712
236.000000	95.067398	-22.3632
240.000000	95.008163	-21.6953
243.000000	94.942657	-21.2653
247.000000	94.886063	-20.6383
250.000000	94.844261	-20.1071
254.000000	94.794006	-19.5496
258.000000	94.748070	-18.9053
262.000000	94.704872	-18.2707
265.000000	94.676895	-17.7285
269.000000	94.646019	-17.1784
272.000000	94.616394	-16.7340
276.000000	94.590080	-16.1455
280.000000	94.563942	-15.5621
285.000000	94.533447	-14.8532
290.000000	94.509735	-14.0310
295.000000	94.510239	-13.2996
300.000000	94.540268	-12.5703
304.000000	94.540207	-12.2354
307.000000	94.543732	-11.8910
311.000000	94.552383	-11.6522
315.000000	94.530235	-11.5221
320.000000	94.533272	-11.1203
325.000000	94.504944	-10.8144
330.000000	94.507576	-10.2095
335.000000	94.464912	-9.8661
340.000000	94.446739	-9.4708
345.000000	94.432747	-9.0574
350.000000	94.416206	-8.7015
355.000000	94.403847	-8.2867
360.000000	94.386673	-7.8267
365.000000	94.381683	-7.4852
370.000000	94.374664	-7.0985
375.000000	94.366837	-6.7771
382.000000	94.346352	-6.2400
387.000000	94.338348	-5.8859
395.000000	94.330307	-5.3213
400.000000	94.323158	-4.9656
406.000000	94.303513	-4.4985
412.000000	94.307144	-4.2896
418.000000	94.266243	-3.8531
425.000000	94.296768	-3.4658
431.000000	94.253296	-2.9884
437.000000	94.223251	-2.6206
444.000000	94.200523	-2.3090
450.000000	94.170906	-1.6395
455.000000	94.112251	-1.0132
462.000000	94.117783	1.0013
468.000000	94.474892	1.4183
475.000000	94.466042	0.0665
482.000000	94.428741	0.0738
487.000000	94.386627	0.1433
494.000000	94.366730	0.4356
500.000000	94.338570	0.5725
508.000000	94.316597	0.8671
515.000000	94.283218	1.1284
522.000000	94.240883	1.4435
530.000000	94.206909	2.0303
538.000000	94.211601	2.6161
545.000000	94.203705	2.9326
552.000000	94.226929	3.3159
560.000000	94.194763	3.6815
570.000000	94.201828	4.1026
580.000000	94.187836	4.5912
590.000000	94.173065	5.0216
600.000000	94.164948	5.4466
608.000000	94.154060	5.8257
615.000000	94.144165	6.1452
622.000000	94.140030	6.4484
630.000000	94.125610	6.8415
640.000000	94.114136	7.3061
650.000000	94.097969	7.7833
660.000000	94.070023	8.2708
670.000000	94.075409	8.7341
680.000000	94.061516	9.2053
690.000000	94.051613	9.6868
700.000000	94.045891	10.2000
710.000000	94.032593	10.6749
720.000000	94.021461	11.1882
730.000000	94.016052	11.6791
740.000000	94.007935	12.1885
750.000000	93.999390	12.7127
762.000000	93.994606	13.3306
775.000000	93.989693	14.0005
788.000000	93.985573	14.7286
800.000000	93.983627	15.3547
812.000000	93.986069	16.0200
825.000000	93.986252	16.7255
838.000000	93.990814	17.4698
850.000000	94.000427	18.1674
862.000000	94.013275	18.8676
875.000000	94.031158	19.5985
885.000000	94.043030	20.2130
900.000000	94.095253	20.9847
912.000000	94.105148	21.7705
925.000000	94.141502	22.5092
938.000000	94.181145	23.2534
950.000000	94.221283	23.9413
962.000000	94.266045	24.6018
975.000000	94.320221	25.2745
988.000000	94.377350	25.9708
1000.000000	94.431358	26.5497
1015.000000	94.510216	27.2832
1030.000000	94.586464	27.9895
1044.000000	94.659157	28.5719
1060.000000	94.754326	29.2516
1075.000000	94.843994	29.7920
1090.000000	94.926399	30.3106
1106.000000	95.026878	30.8255
1120.000000	95.112671	31.2129
1138.000000	95.216835	31.6561
1150.000000	95.290642	31.9434
1172.000000	95.414009	32.3911
1180.000000	95.459351	32.5255
1206.000000	95.595085	32.9073
1220.000000	95.663979	33.0803
1241.000000	95.760544	33.3327
1250.000000	95.800972	33.4236
1265.000000	95.862381	33.5563
1280.000000	95.923706	33.6868
1315.000000	96.045113	33.9698
1320.000000	96.062393	34.0177
1340.000000	96.123596	34.1801
1360.000000	96.179718	34.3488
1380.000000	96.229034	34.4918
1400.000000	96.280357	34.7018
1430.000000	96.350143	35.0109
1450.000000	96.393707	35.2061
1475.000000	96.447144	35.4969
1500.000000	96.497528	35.8945
1525.000000	96.546021	36.1447
1550.000000	96.595505	36.5028
1575.000000	96.645073	36.8737
1600.000000	96.699883	37.2446
1625.000000	96.752579	37.6422
1650.000000	96.805969	38.0484
1675.000000	96.865402	38.4668
1700.000000	96.925270	38.8927
1725.000000	96.990417	39.3035
1750.000000	97.057877	39.7452
1775.000000	97.130585	40.1860
1800.000000	97.202499	40.5888
1825.000000	97.282700	41.0250
1850.000000	97.363884	41.4378
1875.000000	97.453354	41.8112
1900.000000	97.545540	42.2130
1925.000000	97.639206	42.5556
1950.000000	97.732933	42.9150
1975.000000	97.834427	43.2449
2000.000000	97.941025	43.5554
2030.000000	98.069801	43.8743
2060.000000	98.204292	44.1577
2090.000000	98.341499	44.4206
2120.000000	98.482361	44.6222
2140.000000	98.580978	44.7439
2180.000000	98.780586	44.8940
2200.000000	98.877777	44.9391
2240.000000	99.082344	44.9479
2270.000000	99.240265	44.8767
2300.000000	99.396736	44.7534
2330.000000	99.555565	44.5599
2360.000000	99.716492	44.3122
2400.000000	99.926277	43.8554
2430.000000	100.083824	43.4312
2470.000000	100.285248	42.7521
2500.000000	100.435509	42.1191
2540.000000	100.624695	41.1697
2580.000000	100.798264	40.0165
2620.000000	100.954933	38.7404
2650.000000	101.051926	37.6898
2690.000000	101.149101	36.1793
2720.000000	101.196365	35.0066
2760.000000	101.222298	33.4753
2800.000000	101.210358	32.0489
2850.000000	101.152176	30.5050
2900.000000	101.070435	29.2477
2950.000000	100.976768	28.2593
3000.000000	100.881645	27.5160
3040.000000	100.812485	27.0587
3070.000000	100.765053	26.7699
3110.000000	100.707962	26.4646
3150.000000	100.656578	26.2229
3200.000000	100.603287	26.0254
3250.000000	100.567024	25.9119
3300.000000	100.553848	25.8328
3350.000000	100.560280	25.6599
3400.000000	100.569679	25.3758
3450.000000	100.577515	25.0068
3500.000000	100.572617	24.6172
3550.000000	100.558418	24.2321
3600.000000	100.541306	23.8665
3650.000000	100.515869	23.5331
3700.000000	100.493088	23.1992
3750.000000	100.460121	22.8674
3820.000000	100.401787	22.4711
3870.000000	100.344803	22.2139
3950.000000	100.224670	22.1383
4000.000000	100.160568	22.3924
4060.000000	100.121872	22.8582
4120.000000	100.128868	23.3125
4180.000000	100.162888	23.6038
4250.000000	100.212990	23.7852
4310.000000	100.257568	23.8063
4370.000000	100.298767	23.7542
4440.000000	100.339760	23.6247
4500.000000	100.371094	23.4453
4550.000000	100.393555	23.2700
4620.000000	100.417130	22.9693
4680.000000	100.427856	22.6801
4750.000000	100.437798	22.2857
4820.000000	100.429810	21.8803
4870.000000	100.421036	21.5590
4940.000000	100.399002	21.1144
5000.000000	100.359680	20.6814
5080.000000	100.292404	20.1649
5150.000000	100.217079	19.7677
5220.000000	100.128593	19.4089
5300.000000	100.018585	19.1245
5380.000000	99.900940	18.9401
5450.000000	99.797218	18.8682
5520.000000	99.696823	18.8491
5600.000000	99.582947	18.8874
5700.000000	99.452576	19.0141
5800.000000	99.336037	19.1228
5900.000000	99.232613	19.2106
6000.000000	99.137604	19.2128
6080.000000	99.066193	19.1442
6150.000000	99.005249	18.9944
6220.000000	98.938370	18.7632
6300.000000	98.853119	18.4084
6400.000000	98.720215	17.8615
6500.000000	98.551270	17.2475
6600.000000	98.346184	16.7386
6700.000000	98.108749	16.3874
6800.000000	97.851784	16.3643
6900.000000	97.602264	16.6645
7000.000000	97.368217	17.2829
7100.000000	97.180725	18.4458
7200.000000	97.131409	19.8327
7300.000000	97.169922	20.6528
7400.000000	97.230400	21.3811
7500.000000	97.405022	21.8279
7620.000000	97.705002	21.0125
7750.000000	97.926949	18.7660
7880.000000	98.005478	15.8470
8000.000000	97.963600	13.0597
8120.000000	97.833549	10.2739
8250.000000	97.603203	7.4965
8380.000000	97.308487	5.0216
8500.000000	96.997200	3.0675
8620.000000	96.640862	1.4270
8750.000000	96.224403	0.1459
8850.000000	95.898666	-0.4075
9000.000000	95.414795	-0.6452
9120.000000	95.070389	-0.3018
9250.000000	94.737274	0.4793
9380.000000	94.455055	1.5743
9500.000000	94.262955	2.7628
9620.000000	94.144623	4.0889
9750.000000	94.066498	5.6258
9880.000000	94.074005	7.0657
10000.000000	94.178108	8.2515
10150.000000	94.328781	9.4577
10300.000000	94.604843	10.1147
10440.000000	94.950874	10.0206
10600.000000	95.413010	8.7651
10750.000000	95.845688	6.2490
10900.000000	96.228622	2.3070
11060.000000	96.473206	-3.3295
11200.000000	96.477814	-9.0345
11380.000000	96.179291	-16.3644
11500.000000	95.832619	-20.6832
11720.000000	95.096779	-27.1620
11800.000000	94.841202	-29.1546
12060.000000	94.119896	-35.2218
12200.000000	93.774612	-38.6217
12410.000000	93.239822	-43.8196
12500.000000	92.995224	-45.9687
12650.000000	92.631882	-49.1083
12800.000000	92.347321	-51.9598
13150.000000	92.154266	-57.9917
13200.000000	92.191498	-58.8811
13400.000000	92.512947	-62.9545
13600.000000	93.120132	-68.2109
13800.000000	93.971825	-75.1253
14000.000000	95.015495	-84.8959
14300.000000	96.520187	-105.8207
14500.000000	97.086563	-123.9955
14750.000000	96.864204	-147.8987
15000.000000	95.838402	-169.9107
15250.000000	94.877556	174.7792
15500.000000	94.147408	160.3448
15750.000000	93.892365	146.0997
16000.000000	94.217239	130.0034
16250.000000	94.937012	107.0816
16500.000000	96.497391	86.5086
16750.000000	99.379341	45.1613
17000.000000	100.545013	-25.4799
17250.000000	96.149460	-94.2399
17500.000000	91.489960	-142.2578
17750.000000	88.239395	173.8177
18000.000000	85.575058	125.1769
18250.000000	82.253082	75.2838
18500.000000	78.486153	31.2823
18750.000000	75.238274	-6.1904
19000.000000	73.042915	-42.0152
19250.000000	71.758423	-83.4280
19500.000000	70.917252	-135.8792
19750.000000	70.208214	158.8662
