* Measurement data measured by REW V5.31.3
* Source: USB-C to 3.5mm Headphone Jack Adapter, USB-C to 3.5mm Headphone Jack Adapter, 0, volume: 0.138
* Format: 256k Log Swept Sine, 1 sweep at -12.0 dBFS with no timing reference
* Dated: Sep 28, 2024 12:08:09 AM
* REW Settings:
*  C-weighting compensation: Off
*  Target level: 75.0 dB
* Note: 
* Measurement: L
* Smoothing: None
* Frequency Step: 1/48 octave
* Start Frequency: 20.300 Hz
*
* Freq(Hz)	SPL(dB)	Phase(degrees)
20.299999	106.139	4.7548
20.600000	106.129	4.2162
20.900000	106.116	3.7381
21.200001	106.105	3.2532
21.400000	106.099	2.9193
21.799999	106.089	2.2322
22.000000	106.084	1.8869
22.400000	106.075	1.2137
22.700001	106.068	0.7377
23.000000	106.061	0.2854
23.299999	106.055	-0.1533
23.600000	106.049	-0.5917
24.000000	106.037	-1.1893
24.299999	106.025	-1.6441
24.700001	106.004	-2.2412
25.000000	105.987	-2.6703
25.400000	105.966	-3.2137
25.799999	105.951	-3.7384
26.200001	105.939	-4.2617
26.500000	105.930	-4.6558
26.900000	105.915	-5.1744
27.200001	105.902	-5.5527
27.600000	105.883	-6.0472
28.000000	105.865	-6.5498
28.500000	105.842	-7.2191
29.000000	105.812	-7.9125
29.500000	105.775	-8.5536
30.000000	105.740	-9.0845
30.400000	105.721	-9.4501
30.700001	105.712	-9.7201
31.100000	105.702	-10.1054
31.500000	105.689	-10.5259
32.000000	105.663	-11.0672
32.500000	105.632	-11.5853
33.000000	105.602	-12.0837
33.500000	105.576	-12.5939
34.000000	105.549	-13.1199
34.500000	105.518	-13.6301
35.000000	105.485	-14.1013
35.500000	105.454	-14.5467
36.000000	105.425	-14.9952
36.500000	105.396	-15.4590
37.000000	105.366	-15.9316
37.500000	105.334	-16.4021
38.200001	105.287	-17.0346
38.700001	105.252	-17.4514
39.500000	105.200	-18.0759
40.000000	105.169	-18.4747
40.599998	105.130	-18.9691
41.200001	105.090	-19.4562
41.799999	105.051	-19.9347
42.500000	105.005	-20.4971
43.099998	104.961	-20.9537
43.700001	104.919	-21.3691
44.400002	104.878	-21.8685
45.000000	104.840	-22.3417
45.500000	104.803	-22.7253
46.200001	104.748	-23.1920
46.799999	104.707	-23.5667
47.500000	104.661	-24.0437
48.200001	104.612	-24.5447
48.700001	104.578	-24.8992
49.400002	104.528	-25.3871
50.000000	104.482	-25.7710
50.799999	104.419	-26.2113
51.500000	104.368	-26.6070
52.200001	104.315	-27.0570
53.000000	104.255	-27.5709
53.799999	104.201	-28.0624
54.500000	104.151	-28.4779
55.200001	104.094	-28.8511
56.000000	104.031	-29.2605
57.000000	103.956	-29.8226
58.000000	103.882	-30.3908
59.000000	103.801	-30.9161
60.000000	103.723	-31.3667
60.799999	103.669	-31.7770
61.500000	103.616	-32.1525
62.200001	103.558	-32.4615
63.000000	103.496	-32.7810
64.000000	103.415	-33.2478
65.000000	103.331	-33.7316
66.000000	103.249	-34.1705
67.000000	103.177	-34.5443
68.000000	103.107	-34.9742
69.000000	103.022	-35.3422
70.000000	102.943	-35.6969
71.000000	102.854	-36.0931
72.000000	102.782	-36.4030
73.000000	102.713	-36.8224
74.000000	102.617	-37.1100
75.000000	102.543	-37.4495
76.199997	102.438	-37.9912
77.500000	102.355	-38.2608
78.800003	102.251	-38.7791
80.000000	102.143	-39.1129
81.199997	102.068	-39.4277
82.500000	101.951	-39.7351
83.800003	101.848	-40.0947
85.000000	101.757	-40.5468
86.199997	101.660	-40.7130
87.500000	101.560	-41.0584
88.500000	101.471	-41.3190
90.000000	101.356	-41.5768
91.199997	101.256	-41.8444
92.500000	101.165	-42.2324
93.800003	101.052	-42.4061
95.000000	100.974	-42.5527
96.199997	100.881	-42.7558
97.500000	100.779	-42.9023
98.800003	100.675	-43.1558
100.000000	100.579	-43.3562
101.500000	100.468	-43.4355
103.000000	100.337	-43.7400
104.400002	100.307	-44.4174
106.000000	100.131	-44.0416
107.500000	100.009	-44.2693
109.000000	99.890	-44.3412
110.599998	99.768	-44.5567
112.000000	99.672	-44.5382
113.800003	99.507	-44.6968
115.000000	99.424	-44.9085
117.199997	99.278	-45.0555
118.000000	99.179	-45.0408
120.599998	99.145	-45.9884
122.000000	98.961	-44.7673
124.099998	98.769	-45.1623
125.000000	98.733	-45.0472
126.500000	98.638	-45.0080
128.000000	98.558	-45.0626
131.500000	98.237	-44.7747
132.000000	98.211	-44.6090
134.000000	98.050	-44.9242
136.000000	98.044	-44.9736
138.000000	97.834	-44.3685
140.000000	97.632	-44.3956
143.000000	97.441	-44.1183
145.000000	97.409	-44.0288
147.500000	97.169	-43.2750
150.000000	96.991	-42.9277
152.500000	96.919	-42.7926
155.000000	96.727	-42.4802
157.500000	96.597	-41.7744
160.000000	96.433	-41.2206
162.500000	96.325	-40.5107
165.000000	96.151	-39.8316
167.500000	96.095	-39.0761
170.000000	96.066	-38.5439
172.500000	96.006	-37.5986
175.000000	95.938	-37.8301
177.500000	95.759	-37.0168
180.000000	95.829	-36.9566
182.500000	95.691	-37.5133
185.000000	95.706	-36.2580
187.500000	95.508	-36.1426
190.000000	95.419	-35.2430
192.500000	95.298	-34.9928
195.000000	95.252	-34.3786
197.500000	95.155	-33.9065
200.000000	95.100	-33.4349
203.000000	95.021	-32.7960
206.000000	94.956	-32.1304
209.000000	94.901	-31.4562
212.000000	94.842	-30.8941
214.000000	94.799	-30.4579
218.000000	94.752	-29.7926
220.000000	94.723	-29.3887
224.000000	94.657	-28.6395
227.000000	94.616	-28.1049
230.000000	94.593	-27.6166
233.000000	94.554	-27.0441
236.000000	94.539	-26.5759
240.000000	94.527	-25.8749
243.000000	94.533	-25.5060
247.000000	94.528	-25.2793
250.000000	94.497	-25.1360
254.000000	94.458	-24.8299
258.000000	94.416	-24.7347
262.000000	94.325	-24.4846
265.000000	94.250	-24.2839
269.000000	94.166	-23.6856
272.000000	94.113	-23.2076
276.000000	94.052	-22.6454
280.000000	94.013	-22.0212
285.000000	93.961	-21.2273
290.000000	93.928	-20.5634
295.000000	93.897	-19.9305
300.000000	93.864	-19.3631
304.000000	93.830	-18.9949
307.000000	93.808	-18.7340
311.000000	93.744	-18.3822
315.000000	93.648	-17.8291
320.000000	93.566	-16.4131
325.000000	93.668	-15.0675
330.000000	93.748	-14.7596
335.000000	93.770	-14.4637
340.000000	93.772	-14.1343
345.000000	93.768	-13.7429
350.000000	93.764	-13.3540
355.000000	93.769	-12.9416
360.000000	93.774	-12.5343
365.000000	93.770	-12.1605
370.000000	93.777	-11.8650
375.000000	93.783	-11.5470
382.000000	93.780	-11.1342
387.000000	93.783	-10.8599
395.000000	93.772	-10.4216
400.000000	93.772	-10.0948
406.000000	93.767	-9.8520
412.000000	93.755	-9.5688
418.000000	93.750	-9.2092
425.000000	93.735	-8.8608
431.000000	93.728	-8.5749
437.000000	93.721	-8.2637
444.000000	93.707	-7.9394
450.000000	93.703	-7.6378
455.000000	93.693	-7.4194
462.000000	93.685	-7.0988
468.000000	93.678	-6.8297
475.000000	93.661	-6.4741
482.000000	93.655	-6.1634
487.000000	93.649	-5.9543
494.000000	93.637	-5.6637
500.000000	93.632	-5.3652
508.000000	93.615	-5.0312
515.000000	93.607	-4.7520
522.000000	93.596	-4.4597
530.000000	93.584	-4.1422
538.000000	93.573	-3.8152
545.000000	93.562	-3.4924
552.000000	93.551	-3.2598
560.000000	93.536	-2.9094
570.000000	93.519	-2.5357
580.000000	93.504	-2.1457
590.000000	93.487	-1.7722
600.000000	93.466	-1.3152
608.000000	93.453	-1.0641
615.000000	93.437	-0.8050
622.000000	93.424	-0.5522
630.000000	93.411	-0.2221
640.000000	93.390	0.1558
650.000000	93.376	0.5805
660.000000	93.357	0.9829
670.000000	93.335	1.3594
680.000000	93.313	1.7725
690.000000	93.299	2.1933
700.000000	93.276	2.6124
710.000000	93.263	3.0422
720.000000	93.239	3.4267
730.000000	93.229	3.8618
740.000000	93.206	4.3072
750.000000	93.196	4.7411
762.000000	93.171	5.2969
775.000000	93.152	5.8871
788.000000	93.132	6.4957
800.000000	93.120	7.1402
812.000000	93.105	7.6582
825.000000	93.095	8.3247
838.000000	93.090	8.9874
850.000000	93.083	9.6382
862.000000	93.081	10.2589
875.000000	93.085	10.9372
885.000000	93.090	11.4573
900.000000	93.097	12.2481
912.000000	93.112	12.8992
925.000000	93.129	13.6069
938.000000	93.149	14.2954
950.000000	93.174	14.9018
962.000000	93.200	15.5180
975.000000	93.233	16.1874
988.000000	93.270	16.8499
1000.000000	93.310	17.4086
1015.000000	93.363	18.1243
1030.000000	93.420	18.7846
1044.000000	93.476	19.3716
1060.000000	93.543	20.0323
1075.000000	93.612	20.6208
1090.000000	93.679	21.1507
1106.000000	93.753	21.6757
1120.000000	93.820	22.0980
1138.000000	93.905	22.6196
1150.000000	93.958	22.9081
1172.000000	94.061	23.4480
1180.000000	94.091	23.6087
1206.000000	94.205	24.1186
1220.000000	94.262	24.3449
1241.000000	94.339	24.6682
1250.000000	94.368	24.8629
1265.000000	94.423	25.0648
1280.000000	94.471	25.2838
1315.000000	94.573	25.7619
1320.000000	94.589	25.8235
1340.000000	94.642	26.1081
1360.000000	94.688	26.3807
1380.000000	94.735	26.6642
1400.000000	94.781	26.9583
1430.000000	94.838	27.4105
1450.000000	94.875	27.7363
1475.000000	94.922	28.1410
1500.000000	94.968	28.5902
1525.000000	95.012	29.1020
1550.000000	95.058	29.6587
1575.000000	95.111	30.2409
1600.000000	95.163	30.7820
1625.000000	95.230	31.3594
1650.000000	95.302	31.9597
1675.000000	95.368	32.5199
1700.000000	95.443	33.0838
1725.000000	95.522	33.6359
1750.000000	95.607	34.2144
1775.000000	95.694	34.7547
1800.000000	95.783	35.3432
1825.000000	95.882	35.8635
1850.000000	95.980	36.3902
1875.000000	96.092	36.8901
1900.000000	96.203	37.3962
1925.000000	96.323	37.8572
1950.000000	96.443	38.2913
1975.000000	96.571	38.7224
2000.000000	96.709	39.1354
2030.000000	96.862	39.5090
2060.000000	97.031	39.8455
2090.000000	97.205	40.1605
2120.000000	97.380	40.4219
2140.000000	97.499	40.5340
2180.000000	97.746	40.7059
2200.000000	97.871	40.7289
2240.000000	98.124	40.6700
2270.000000	98.313	40.5565
2300.000000	98.501	40.3477
2330.000000	98.693	40.0466
2360.000000	98.876	39.6580
2400.000000	99.111	38.9945
2430.000000	99.282	38.4315
2470.000000	99.496	37.5249
2500.000000	99.643	36.7878
2540.000000	99.824	35.7482
2580.000000	99.986	34.6342
2620.000000	100.136	33.4866
2650.000000	100.243	32.5718
2690.000000	100.373	31.2246
2720.000000	100.450	30.1307
2760.000000	100.523	28.6270
2800.000000	100.559	27.1281
2850.000000	100.558	25.3642
2900.000000	100.516	23.8149
2950.000000	100.450	22.4380
3000.000000	100.372	21.3318
3040.000000	100.304	20.5261
3070.000000	100.251	20.0155
3110.000000	100.184	19.3975
3150.000000	100.118	18.8571
3200.000000	100.039	18.2715
3250.000000	99.960	17.7205
3300.000000	99.886	17.1914
3350.000000	99.810	16.7309
3400.000000	99.736	16.2502
3450.000000	99.660	15.7925
3500.000000	99.580	15.3328
3550.000000	99.491	14.8860
3600.000000	99.394	14.4398
3650.000000	99.276	14.0097
3700.000000	99.147	13.6842
3750.000000	99.010	13.4282
3820.000000	98.787	13.1923
3870.000000	98.609	13.2287
3950.000000	98.315	13.6658
4000.000000	98.153	14.3838
4060.000000	97.888	15.1728
4120.000000	97.671	16.6480
4180.000000	97.516	18.6350
4250.000000	97.457	21.2714
4310.000000	97.533	23.5379
4370.000000	97.725	25.3799
4440.000000	98.023	26.4698
4500.000000	98.251	26.6086
4550.000000	98.402	26.4527
4620.000000	98.571	25.8303
4680.000000	98.668	24.9579
4750.000000	98.703	23.6485
4820.000000	98.626	22.1858
4870.000000	98.501	21.1863
4940.000000	98.231	20.1000
5000.000000	97.920	19.7235
5080.000000	97.466	20.1867
5150.000000	97.077	21.4960
5220.000000	96.751	23.5227
5300.000000	96.480	26.4776
5380.000000	96.349	29.7136
5450.000000	96.345	32.5077
5520.000000	96.413	35.0618
5600.000000	96.569	37.6068
5700.000000	96.835	40.1578
5800.000000	97.143	41.8959
5900.000000	97.464	43.0603
6000.000000	97.774	43.6318
6080.000000	98.003	43.4197
6150.000000	98.171	43.0485
6220.000000	98.312	42.4367
6300.000000	98.425	41.6828
6400.000000	98.507	40.5155
6500.000000	98.525	39.3864
6600.000000	98.498	38.2621
6700.000000	98.429	37.2879
6800.000000	98.333	36.5264
6900.000000	98.232	35.9939
7000.000000	98.144	35.6913
7100.000000	98.101	35.5205
7200.000000	98.084	35.3607
7300.000000	98.142	35.2596
7400.000000	98.278	34.6859
7500.000000	98.429	33.5143
7620.000000	98.607	31.4856
7750.000000	98.790	28.6524
7880.000000	98.919	24.9083
8000.000000	98.937	20.6318
8120.000000	98.823	16.3589
8250.000000	98.540	11.8221
8380.000000	98.152	7.9373
8500.000000	97.739	4.9880
8620.000000	97.300	2.6618
8750.000000	96.829	0.9348
8850.000000	96.496	0.0990
9000.000000	96.070	-0.4126
9120.000000	95.805	-0.3434
9250.000000	95.640	0.0042
9380.000000	95.586	0.4357
9500.000000	95.626	0.5720
9620.000000	95.731	0.3983
9750.000000	95.923	-0.2812
9880.000000	96.158	-1.6935
10000.000000	96.361	-3.7289
10150.000000	96.614	-7.5838
10300.000000	96.695	-12.5342
10440.000000	96.558	-17.7192
10600.000000	96.121	-23.5061
10750.000000	95.518	-27.9423
10900.000000	94.857	-31.0873
11060.000000	94.203	-33.4908
11200.000000	93.715	-35.2767
11380.000000	93.132	-37.7041
11500.000000	92.755	-39.4298
11720.000000	92.077	-42.1218
11800.000000	91.841	-42.9374
12060.000000	91.389	-44.1474
12200.000000	91.467	-44.7817
12410.000000	92.006	-47.7132
12500.000000	92.326	-50.0527
12650.000000	92.912	-55.1631
12800.000000	93.503	-61.8428
13150.000000	94.763	-82.5868
13200.000000	94.901	-86.1585
13400.000000	95.217	-101.8568
13600.000000	94.967	-118.5283
13800.000000	94.112	-133.6405
14000.000000	92.882	-145.5480
14300.000000	90.973	-157.0154
14500.000000	89.880	-161.4846
14750.000000	88.789	-165.3295
15000.000000	88.038	-168.0566
15250.000000	87.643	-170.3202
15500.000000	87.606	-173.1980
15750.000000	88.015	-177.0476
16000.000000	88.968	176.4097
16250.000000	90.543	165.0558
16500.000000	92.723	143.9688
16750.000000	94.381	107.4707
17000.000000	93.661	61.5872
17250.000000	91.068	20.6614
17500.000000	88.157	-16.0631
17750.000000	85.235	-51.8281
18000.000000	82.413	-87.5653
18250.000000	80.369	-126.3160
18500.000000	78.782	-167.0716
18750.000000	77.915	147.7604
19000.000000	77.609	98.7589
19250.000000	77.614	42.6934
19500.000000	77.656	-22.6722
19750.000000	77.305	-100.6450
