* Measurement data measured by REW V5.31.3
* Source: USB-C to 3.5mm Headphone Jack Adapter, USB-C to 3.5mm Headphone Jack Adapter, 0, volume: 0.138
* Format: 256k Log Swept Sine, 1 sweep at -12.0 dBFS with no timing reference
* Dated: Jun 23, 2025 6:11:28 PM
* REW Settings:
*  C-weighting compensation: Off
*  Target level: 75.0 dB
* Note: ; Light gray stock tips
* Measurement: L
* Smoothing: None
* Frequency Step: 1/48 octave
* Start Frequency: 20.300 Hz
*
* Freq(Hz)	SPL(dB)	Phase(degrees)
20.299999	104.328	-175.5178
20.600000	104.303	-176.1196
20.900000	104.269	-176.6472
21.200001	104.234	-177.1484
21.400000	104.213	-177.4690
21.799999	104.175	-178.0852
22.000000	104.159	-178.3851
22.400000	104.133	-178.9774
22.700001	104.114	-179.4221
23.000000	104.094	-179.8704
23.299999	104.072	179.6784
23.600000	104.045	179.2276
24.000000	104.004	178.6357
24.299999	103.971	178.2054
24.700001	103.926	177.6564
25.000000	103.894	177.2648
25.400000	103.854	176.7684
25.799999	103.819	176.2977
26.200001	103.785	175.8475
26.500000	103.759	175.5195
26.900000	103.723	175.0891
27.200001	103.694	174.7679
27.600000	103.653	174.3393
28.000000	103.610	173.9136
28.500000	103.555	173.3981
29.000000	103.503	172.9127
29.500000	103.456	172.4526
30.000000	103.410	172.0012
30.400000	103.372	171.6420
30.700001	103.341	171.3771
31.100000	103.298	171.0375
31.500000	103.253	170.7179
32.000000	103.201	170.3400
32.500000	103.155	169.9682
33.000000	103.112	169.5916
33.500000	103.068	169.2192
34.000000	103.020	168.8710
34.500000	102.970	168.5564
35.000000	102.920	168.2659
35.500000	102.870	167.9817
36.000000	102.822	167.6947
36.500000	102.772	167.4111
37.000000	102.724	167.1418
37.500000	102.677	166.8871
38.200001	102.615	166.5288
38.700001	102.571	166.2632
39.500000	102.498	165.8629
40.000000	102.452	165.6497
40.599998	102.400	165.4143
41.200001	102.346	165.1744
41.799999	102.289	164.9382
42.500000	102.220	164.7028
43.099998	102.169	164.5292
43.700001	102.123	164.3490
44.400002	102.070	164.1249
45.000000	102.022	163.9435
45.500000	101.982	163.8005
46.200001	101.926	163.5946
46.799999	101.878	163.4174
47.500000	101.822	163.2375
48.200001	101.769	163.0780
48.700001	101.730	162.9668
49.400002	101.672	162.8368
50.000000	101.623	162.7483
50.799999	101.563	162.5946
51.500000	101.509	162.4362
52.200001	101.459	162.3158
53.000000	101.413	162.1624
53.799999	101.359	162.0011
54.500000	101.305	161.9757
55.200001	101.260	161.9680
56.000000	101.205	161.8167
57.000000	101.123	161.6387
58.000000	101.069	161.5326
59.000000	101.019	161.4333
60.000000	100.964	161.3741
60.799999	100.906	161.2867
61.500000	100.852	161.2922
62.200001	100.816	161.3270
63.000000	100.783	161.2486
64.000000	100.716	161.1610
65.000000	100.660	161.2024
66.000000	100.613	161.1288
67.000000	100.553	161.0771
68.000000	100.506	161.0901
69.000000	100.465	161.0125
70.000000	100.408	160.9930
71.000000	100.360	161.0741
72.000000	100.318	161.0559
73.000000	100.268	161.0255
74.000000	100.226	161.0592
75.000000	100.189	161.0862
76.199997	100.135	161.1178
77.500000	100.075	161.1188
78.800003	100.024	161.1123
80.000000	99.974	161.1150
81.199997	99.929	161.2459
82.500000	99.887	161.1631
83.800003	99.828	161.2694
85.000000	99.798	161.2776
86.199997	99.746	161.2757
87.500000	99.697	161.3845
88.500000	99.675	161.4854
90.000000	99.630	161.4525
91.199997	99.591	161.5255
92.500000	99.551	161.5658
93.800003	99.514	161.6255
95.000000	99.479	161.6742
96.199997	99.444	161.7382
97.500000	99.410	161.7932
98.800003	99.377	161.8493
100.000000	99.344	161.9095
101.500000	99.304	161.9719
103.000000	99.268	162.0406
104.400002	99.233	162.1061
106.000000	99.195	162.1697
107.500000	99.159	162.2501
109.000000	99.126	162.3345
110.599998	99.091	162.3862
112.000000	99.062	162.4527
113.800003	99.025	162.5443
115.000000	99.001	162.5991
117.199997	98.957	162.7118
118.000000	98.942	162.7686
120.599998	98.890	162.8231
122.000000	98.874	162.9313
124.099998	98.833	163.0231
125.000000	98.819	163.0582
126.500000	98.793	163.1355
128.000000	98.767	163.2109
131.500000	98.711	163.3370
132.000000	98.703	163.3605
134.000000	98.671	163.4440
136.000000	98.643	163.5285
138.000000	98.610	163.6136
140.000000	98.585	163.7099
143.000000	98.542	163.8126
145.000000	98.514	163.8970
147.500000	98.481	163.9893
150.000000	98.447	164.0823
152.500000	98.416	164.1700
155.000000	98.384	164.2609
157.500000	98.355	164.3507
160.000000	98.324	164.4360
162.500000	98.293	164.5248
165.000000	98.263	164.5961
167.500000	98.233	164.6923
170.000000	98.205	164.7763
172.500000	98.176	164.8574
175.000000	98.143	164.9560
177.500000	98.109	165.0048
180.000000	98.082	165.1469
182.500000	98.051	165.2822
185.000000	98.021	165.4213
187.500000	97.991	165.6039
190.000000	97.971	165.8113
192.500000	97.958	166.0453
195.000000	97.959	166.2280
197.500000	97.967	166.3386
200.000000	97.976	166.3695
203.000000	97.973	166.3085
206.000000	97.956	166.2699
209.000000	97.933	166.2296
212.000000	97.906	166.2162
214.000000	97.890	166.2094
218.000000	97.854	166.2525
220.000000	97.835	166.2715
224.000000	97.800	166.3353
227.000000	97.775	166.3860
230.000000	97.750	166.4516
233.000000	97.726	166.4982
236.000000	97.701	166.5661
240.000000	97.658	166.6783
243.000000	97.650	166.7159
247.000000	97.620	166.7780
250.000000	97.599	166.8360
254.000000	97.569	166.9290
258.000000	97.541	166.9962
262.000000	97.511	167.0828
265.000000	97.492	167.1445
269.000000	97.466	167.2444
272.000000	97.448	167.3139
276.000000	97.425	167.4033
280.000000	97.404	167.4680
285.000000	97.377	167.5628
290.000000	97.348	167.6182
295.000000	97.319	167.6588
300.000000	97.289	167.6937
304.000000	97.261	167.7508
307.000000	97.244	167.8066
311.000000	97.218	167.8343
315.000000	97.191	167.8851
320.000000	97.156	167.9478
325.000000	97.124	168.0225
330.000000	97.092	168.1179
335.000000	97.057	168.1682
340.000000	97.025	168.2574
345.000000	96.992	168.3265
350.000000	96.957	168.3971
355.000000	96.926	168.4912
360.000000	96.890	168.5674
365.000000	96.858	168.6724
370.000000	96.827	168.7565
375.000000	96.793	168.8358
382.000000	96.749	168.9732
387.000000	96.715	169.0604
395.000000	96.662	169.2105
400.000000	96.630	169.3063
406.000000	96.592	169.4161
412.000000	96.555	169.5435
418.000000	96.514	169.6708
425.000000	96.468	169.8037
431.000000	96.428	169.9456
437.000000	96.389	170.0984
444.000000	96.343	170.2616
450.000000	96.302	170.4235
455.000000	96.271	170.5640
462.000000	96.226	170.7425
468.000000	96.186	170.9234
475.000000	96.148	171.1066
482.000000	96.107	171.2957
487.000000	96.076	171.4438
494.000000	96.033	171.6309
500.000000	95.999	171.8106
508.000000	95.954	172.0544
515.000000	95.910	172.2540
522.000000	95.867	172.4675
530.000000	95.821	172.7129
538.000000	95.774	172.9689
545.000000	95.732	173.1920
552.000000	95.693	173.4271
560.000000	95.646	173.6940
570.000000	95.588	174.0468
580.000000	95.529	174.4050
590.000000	95.476	174.7716
600.000000	95.417	175.1985
608.000000	95.373	175.4629
615.000000	95.333	175.7678
622.000000	95.296	176.0607
630.000000	95.257	176.3853
640.000000	95.203	176.8054
650.000000	95.153	177.2601
660.000000	95.099	177.7301
670.000000	95.053	178.1789
680.000000	95.010	178.6473
690.000000	94.962	179.1628
700.000000	94.919	179.6407
710.000000	94.875	-179.8579
720.000000	94.832	-179.3516
730.000000	94.798	-178.8146
740.000000	94.760	-178.2599
750.000000	94.725	-177.7021
762.000000	94.686	-177.0482
775.000000	94.643	-176.2781
788.000000	94.607	-175.5434
800.000000	94.576	-174.8289
812.000000	94.549	-174.0729
825.000000	94.528	-173.2631
838.000000	94.509	-172.4387
850.000000	94.499	-171.6915
862.000000	94.490	-170.9501
875.000000	94.484	-170.0884
885.000000	94.485	-169.4617
900.000000	94.500	-168.5355
912.000000	94.506	-167.7343
925.000000	94.524	-166.9269
938.000000	94.549	-166.1001
950.000000	94.577	-165.3446
962.000000	94.609	-164.6513
975.000000	94.649	-163.8678
988.000000	94.690	-163.1201
1000.000000	94.735	-162.4661
1015.000000	94.797	-161.6420
1030.000000	94.862	-160.8756
1044.000000	94.932	-160.2202
1060.000000	95.013	-159.4786
1075.000000	95.090	-158.8431
1090.000000	95.175	-158.2708
1106.000000	95.262	-157.7009
1120.000000	95.341	-157.2660
1138.000000	95.438	-156.7451
1150.000000	95.504	-156.4071
1172.000000	95.622	-155.9205
1180.000000	95.662	-155.7483
1206.000000	95.791	-155.2897
1220.000000	95.857	-155.0867
1241.000000	95.949	-154.8068
1250.000000	95.985	-154.7032
1265.000000	96.045	-154.5349
1280.000000	96.098	-154.3726
1315.000000	96.213	-154.0616
1320.000000	96.227	-153.9913
1340.000000	96.282	-153.8361
1360.000000	96.332	-153.6527
1380.000000	96.379	-153.4718
1400.000000	96.420	-153.2695
1430.000000	96.475	-152.9670
1450.000000	96.508	-152.7442
1475.000000	96.547	-152.4461
1500.000000	96.582	-152.1193
1525.000000	96.622	-151.7555
1550.000000	96.656	-151.3907
1575.000000	96.692	-150.9968
1600.000000	96.726	-150.5917
1625.000000	96.764	-150.1661
1650.000000	96.802	-149.7025
1675.000000	96.842	-149.2442
1700.000000	96.886	-148.7820
1725.000000	96.931	-148.2940
1750.000000	96.981	-147.8095
1775.000000	97.032	-147.3107
1800.000000	97.088	-146.8177
1825.000000	97.142	-146.3373
1850.000000	97.203	-145.8235
1875.000000	97.269	-145.3396
1900.000000	97.337	-144.8701
1925.000000	97.407	-144.3761
1950.000000	97.481	-143.9091
1975.000000	97.556	-143.4323
2000.000000	97.638	-143.0054
2030.000000	97.739	-142.4800
2060.000000	97.843	-141.9617
2090.000000	97.953	-141.5093
2120.000000	98.068	-141.0674
2140.000000	98.147	-140.7933
2180.000000	98.307	-140.2747
2200.000000	98.391	-140.0354
2240.000000	98.560	-139.6096
2270.000000	98.689	-139.3556
2300.000000	98.823	-139.1458
2330.000000	98.959	-138.9621
2360.000000	99.096	-138.8116
2400.000000	99.278	-138.7049
2430.000000	99.417	-138.6774
2470.000000	99.600	-138.7136
2500.000000	99.737	-138.7768
2540.000000	99.919	-138.9467
2580.000000	100.097	-139.1943
2620.000000	100.274	-139.5451
2650.000000	100.405	-139.8395
2690.000000	100.576	-140.2901
2720.000000	100.704	-140.7029
2760.000000	100.871	-141.3284
2800.000000	101.034	-142.0778
2850.000000	101.223	-143.2126
2900.000000	101.383	-144.5506
2950.000000	101.508	-145.9969
3000.000000	101.596	-147.5131
3040.000000	101.639	-148.7393
3070.000000	101.659	-149.6393
3110.000000	101.666	-150.8288
3150.000000	101.654	-151.9623
3200.000000	101.618	-153.2848
3250.000000	101.563	-154.5008
3300.000000	101.493	-155.6049
3350.000000	101.412	-156.6082
3400.000000	101.324	-157.4989
3450.000000	101.227	-158.3080
3500.000000	101.127	-159.0405
3550.000000	101.020	-159.6861
3600.000000	100.910	-160.2441
3650.000000	100.802	-160.7238
3700.000000	100.691	-161.1254
3750.000000	100.580	-161.4839
3820.000000	100.426	-161.8792
3870.000000	100.318	-162.0758
3950.000000	100.155	-162.2967
4000.000000	100.061	-162.4001
4060.000000	99.950	-162.5409
4120.000000	99.842	-162.6288
4180.000000	99.729	-162.7310
4250.000000	99.599	-162.8042
4310.000000	99.482	-162.7973
4370.000000	99.374	-162.7401
4440.000000	99.251	-162.6438
4500.000000	99.156	-162.5039
4550.000000	99.087	-162.4130
4620.000000	98.997	-162.3062
4680.000000	98.921	-162.3187
4750.000000	98.829	-162.3996
4820.000000	98.721	-162.5229
4870.000000	98.634	-162.6075
4940.000000	98.504	-162.7224
5000.000000	98.380	-162.7342
5080.000000	98.210	-162.7107
5150.000000	98.050	-162.5918
5220.000000	97.897	-162.3540
5300.000000	97.719	-161.9712
5380.000000	97.549	-161.4975
5450.000000	97.418	-160.9634
5520.000000	97.294	-160.4131
5600.000000	97.173	-159.7664
5700.000000	97.046	-159.0279
5800.000000	96.928	-158.3480
5900.000000	96.811	-157.7755
6000.000000	96.686	-157.2425
6080.000000	96.578	-156.7378
6150.000000	96.483	-156.2793
6220.000000	96.382	-155.7394
6300.000000	96.282	-154.9968
6400.000000	96.161	-153.9200
6500.000000	96.075	-152.6802
6600.000000	96.027	-151.2545
6700.000000	96.025	-149.7079
6800.000000	96.079	-148.1513
6900.000000	96.199	-146.5690
7000.000000	96.390	-145.0359
7100.000000	96.650	-143.6617
7200.000000	96.995	-142.6384
7300.000000	97.428	-142.2021
7400.000000	97.798	-142.0813
7500.000000	98.409	-141.9138
7620.000000	99.217	-143.8802
7750.000000	100.097	-147.9898
7880.000000	100.871	-154.8383
8000.000000	101.257	-163.6015
8120.000000	101.024	-173.5740
8250.000000	99.514	179.0902
8380.000000	101.705	-164.8927
8500.000000	101.253	164.0587
8620.000000	99.501	156.7456
8750.000000	98.008	153.0160
8850.000000	97.008	151.5652
9000.000000	95.704	150.9514
9120.000000	94.808	151.3127
9250.000000	93.972	152.2341
9380.000000	93.255	153.4677
9500.000000	92.703	154.8718
9620.000000	92.231	156.2810
9750.000000	91.812	157.6499
9880.000000	91.472	158.8938
10000.000000	91.227	159.8390
10150.000000	90.987	160.4269
10300.000000	90.786	160.7695
10440.000000	90.643	159.7470
10600.000000	90.397	158.3824
10750.000000	90.152	157.0968
10900.000000	89.940	155.5493
11060.000000	89.732	152.8686
11200.000000	89.475	149.9989
11380.000000	88.968	145.9548
11500.000000	88.559	143.4150
11720.000000	87.727	139.7800
11800.000000	87.422	138.7028
12060.000000	86.583	136.3257
12200.000000	86.253	135.2481
12410.000000	85.891	133.8514
12500.000000	85.799	133.2464
12650.000000	85.728	131.9771
12800.000000	85.738	130.4594
13150.000000	86.152	125.8098
13200.000000	86.261	124.9815
13400.000000	86.725	121.1700
13600.000000	87.349	116.7655
13800.000000	88.119	111.1529
14000.000000	88.991	104.4109
14300.000000	90.564	91.9575
14500.000000	91.813	81.0680
14750.000000	93.450	62.9527
15000.000000	94.849	38.5083
15250.000000	95.327	8.5223
15500.000000	94.570	-22.3980
15750.000000	93.009	-50.0344
16000.000000	91.171	-74.0465
16250.000000	89.466	-95.8273
16500.000000	87.973	-117.6490
16750.000000	86.658	-140.5460
17000.000000	85.544	-165.3216
17250.000000	84.666	167.4265
17500.000000	84.026	136.7338
17750.000000	83.625	101.0888
18000.000000	82.971	58.5053
18250.000000	80.578	15.2155
18500.000000	81.805	7.7200
18750.000000	85.937	-67.3753
19000.000000	85.237	-140.3082
19250.000000	83.655	147.6984
19500.000000	81.532	72.2432
19750.000000	78.931	-9.5228
