* Measurement data measured by REW V5.31.3
* Source: USB-C to 3.5mm Headphone Jack Adapter, USB-C to 3.5mm Headphone Jack Adapter, 0, volume: 0.138
* Format: 256k Log Swept Sine, 1 sweep at -12.0 dBFS with no timing reference
* Dated: Jun 23, 2025 6:16:23 PM
* REW Settings:
*  C-weighting compensation: Off
*  Target level: 75.0 dB
* Note: ; 
* Measurement: R
* Smoothing: None
* Frequency Step: 1/48 octave
* Start Frequency: 20.300 Hz
*
* Freq(Hz)	SPL(dB)	Phase(degrees)
20.299999	105.025	-176.0136
20.600000	105.003	-176.5279
20.900000	104.973	-176.9778
21.200001	104.943	-177.4193
21.400000	104.924	-177.7166
21.799999	104.890	-178.3272
22.000000	104.874	-178.6397
22.400000	104.843	-179.2651
22.700001	104.818	-179.7166
23.000000	104.794	179.8595
23.299999	104.769	179.4670
23.600000	104.746	179.1011
24.000000	104.717	178.6359
24.299999	104.695	178.2903
24.700001	104.666	177.8243
25.000000	104.643	177.4734
25.400000	104.611	177.0127
25.799999	104.578	176.5674
26.200001	104.546	176.1360
26.500000	104.523	175.8167
26.900000	104.493	175.3924
27.200001	104.470	175.0758
27.600000	104.437	174.6617
28.000000	104.402	174.2632
28.500000	104.358	173.7912
29.000000	104.315	173.3425
29.500000	104.274	172.9099
30.000000	104.234	172.4902
30.400000	104.203	172.1632
30.700001	104.180	171.9231
31.100000	104.148	171.6099
31.500000	104.115	171.3058
32.000000	104.074	170.9396
32.500000	104.032	170.5850
33.000000	103.992	170.2322
33.500000	103.952	169.8765
34.000000	103.912	169.5251
34.500000	103.870	169.1904
35.000000	103.830	168.8769
35.500000	103.791	168.5781
36.000000	103.752	168.2846
36.500000	103.713	167.9929
37.000000	103.674	167.7048
37.500000	103.635	167.4242
38.200001	103.580	167.0511
38.700001	103.540	166.8034
39.500000	103.478	166.4352
40.000000	103.440	166.2079
40.599998	103.395	165.9206
41.200001	103.349	165.6204
41.799999	103.302	165.3358
42.500000	103.249	165.0602
43.099998	103.208	164.8616
43.700001	103.168	164.6600
44.400002	103.118	164.4042
45.000000	103.072	164.1849
45.500000	103.034	164.0067
46.200001	102.986	163.7550
46.799999	102.945	163.5438
47.500000	102.895	163.3247
48.200001	102.846	163.1232
48.700001	102.811	162.9734
49.400002	102.762	162.7579
50.000000	102.722	162.5823
50.799999	102.671	162.3651
51.500000	102.627	162.1824
52.200001	102.582	161.9930
53.000000	102.527	161.7658
53.799999	102.472	161.5861
54.500000	102.430	161.4859
55.200001	102.393	161.3718
56.000000	102.344	161.1956
57.000000	102.275	161.0133
58.000000	102.221	160.8480
59.000000	102.170	160.6882
60.000000	102.118	160.5426
60.799999	102.070	160.4021
61.500000	102.026	160.2964
62.200001	101.986	160.2059
63.000000	101.940	160.1039
64.000000	101.882	159.9897
65.000000	101.825	159.8597
66.000000	101.770	159.7327
67.000000	101.721	159.6081
68.000000	101.669	159.4919
69.000000	101.618	159.4016
70.000000	101.570	159.3157
71.000000	101.522	159.2336
72.000000	101.471	159.1538
73.000000	101.421	159.0959
74.000000	101.376	159.0164
75.000000	101.328	158.9537
76.199997	101.271	158.9053
77.500000	101.211	158.8143
78.800003	101.159	158.7253
80.000000	101.109	158.6763
81.199997	101.057	158.6272
82.500000	101.001	158.5666
83.800003	100.949	158.5448
85.000000	100.900	158.5070
86.199997	100.851	158.4648
87.500000	100.804	158.4596
88.500000	100.765	158.4274
90.000000	100.708	158.3953
91.199997	100.665	158.3594
92.500000	100.615	158.3795
93.800003	100.568	158.3650
95.000000	100.529	158.3562
96.199997	100.487	158.3490
97.500000	100.444	158.3398
98.800003	100.396	158.3278
100.000000	100.359	158.3569
101.500000	100.311	158.3443
103.000000	100.264	158.3760
104.400002	100.222	158.3742
106.000000	100.172	158.3975
107.500000	100.127	158.4141
109.000000	100.082	158.4304
110.599998	100.040	158.4503
112.000000	99.998	158.4824
113.800003	99.948	158.5196
115.000000	99.917	158.5294
117.199997	99.856	158.5779
118.000000	99.834	158.5848
120.599998	99.777	158.5829
122.000000	99.736	158.6996
124.099998	99.681	158.7316
125.000000	99.662	158.7610
126.500000	99.626	158.8007
128.000000	99.592	158.8317
131.500000	99.512	158.9162
132.000000	99.500	158.9296
134.000000	99.457	158.9940
136.000000	99.412	159.0502
138.000000	99.371	159.1005
140.000000	99.331	159.1642
143.000000	99.269	159.2507
145.000000	99.228	159.3122
147.500000	99.180	159.3863
150.000000	99.131	159.4639
152.500000	99.087	159.5415
155.000000	99.040	159.6408
157.500000	98.993	159.7109
160.000000	98.950	159.7944
162.500000	98.905	159.8795
165.000000	98.861	159.9659
167.500000	98.820	160.0524
170.000000	98.778	160.1423
172.500000	98.736	160.2273
175.000000	98.698	160.3423
177.500000	98.656	160.4235
180.000000	98.612	160.5829
182.500000	98.578	160.6604
185.000000	98.539	160.7894
187.500000	98.503	160.9158
190.000000	98.468	161.0572
192.500000	98.435	161.1838
195.000000	98.404	161.3398
197.500000	98.374	161.4976
200.000000	98.346	161.6528
203.000000	98.319	161.8409
206.000000	98.298	162.0349
209.000000	98.283	162.1999
212.000000	98.272	162.2917
214.000000	98.265	162.3309
218.000000	98.243	162.3804
220.000000	98.226	162.3861
224.000000	98.194	162.3981
227.000000	98.168	162.4281
230.000000	98.143	162.4359
233.000000	98.111	162.4664
236.000000	98.083	162.4962
240.000000	98.040	162.4433
243.000000	98.013	162.5889
247.000000	97.969	162.6720
250.000000	97.944	162.7214
254.000000	97.902	162.8052
258.000000	97.861	162.8657
262.000000	97.825	162.9610
265.000000	97.794	163.0114
269.000000	97.760	163.1160
272.000000	97.730	163.1922
276.000000	97.692	163.2678
280.000000	97.656	163.3796
285.000000	97.615	163.5132
290.000000	97.576	163.6263
295.000000	97.539	163.7449
300.000000	97.505	163.8857
304.000000	97.467	163.9341
307.000000	97.451	163.9771
311.000000	97.417	164.0529
315.000000	97.387	164.1263
320.000000	97.345	164.1915
325.000000	97.302	164.2878
330.000000	97.263	164.3737
335.000000	97.222	164.4703
340.000000	97.181	164.5713
345.000000	97.139	164.6750
350.000000	97.098	164.7706
355.000000	97.055	164.8698
360.000000	97.016	164.9807
365.000000	96.977	165.1136
370.000000	96.934	165.2274
375.000000	96.891	165.3362
382.000000	96.834	165.5090
387.000000	96.794	165.6347
395.000000	96.728	165.8669
400.000000	96.688	165.9999
406.000000	96.642	166.1910
412.000000	96.597	166.3877
418.000000	96.550	166.5978
425.000000	96.505	166.8312
431.000000	96.465	167.0361
437.000000	96.423	167.2270
444.000000	96.379	167.4272
450.000000	96.346	167.6204
455.000000	96.317	167.7715
462.000000	96.271	167.9442
468.000000	96.233	168.1290
475.000000	96.188	168.3003
482.000000	96.140	168.4949
487.000000	96.102	168.6349
494.000000	96.059	168.8491
500.000000	96.018	169.0309
508.000000	95.962	169.2837
515.000000	95.918	169.5123
522.000000	95.872	169.7431
530.000000	95.817	170.0000
538.000000	95.768	170.3074
545.000000	95.719	170.5287
552.000000	95.674	170.7863
560.000000	95.621	171.0911
570.000000	95.555	171.4678
580.000000	95.492	171.8672
590.000000	95.428	172.2710
600.000000	95.373	172.7039
608.000000	95.316	173.0370
615.000000	95.275	173.3411
622.000000	95.234	173.6806
630.000000	95.188	174.0280
640.000000	95.129	174.4861
650.000000	95.074	174.9683
660.000000	95.019	175.4839
670.000000	94.964	175.9727
680.000000	94.916	176.4705
690.000000	94.865	176.9947
700.000000	94.813	177.5295
710.000000	94.767	178.0837
720.000000	94.722	178.6437
730.000000	94.679	179.2115
740.000000	94.640	179.7739
750.000000	94.600	-179.6254
762.000000	94.557	-178.9243
775.000000	94.513	-178.1425
788.000000	94.471	-177.3226
800.000000	94.441	-176.5631
812.000000	94.411	-175.8048
825.000000	94.386	-174.9551
838.000000	94.365	-174.0998
850.000000	94.348	-173.3014
862.000000	94.337	-172.5217
875.000000	94.332	-171.6627
885.000000	94.330	-170.9817
900.000000	94.340	-169.9987
912.000000	94.341	-169.1811
925.000000	94.359	-168.3312
938.000000	94.381	-167.4874
950.000000	94.404	-166.7043
962.000000	94.433	-165.9413
975.000000	94.469	-165.1590
988.000000	94.508	-164.3687
1000.000000	94.549	-163.6762
1015.000000	94.609	-162.8193
1030.000000	94.674	-162.0287
1044.000000	94.735	-161.2939
1060.000000	94.818	-160.5587
1075.000000	94.893	-159.8723
1090.000000	94.971	-159.2500
1106.000000	95.055	-158.6418
1120.000000	95.130	-158.1664
1138.000000	95.226	-157.5777
1150.000000	95.291	-157.2342
1172.000000	95.402	-156.6822
1180.000000	95.443	-156.4880
1206.000000	95.567	-155.9219
1220.000000	95.632	-155.6769
1241.000000	95.722	-155.3537
1250.000000	95.760	-155.2075
1265.000000	95.817	-155.0158
1280.000000	95.868	-154.8119
1315.000000	95.980	-154.3956
1320.000000	96.000	-154.3440
1340.000000	96.051	-154.0862
1360.000000	96.100	-153.8610
1380.000000	96.142	-153.6322
1400.000000	96.186	-153.3659
1430.000000	96.239	-152.9595
1450.000000	96.273	-152.6942
1475.000000	96.313	-152.3284
1500.000000	96.349	-151.9495
1525.000000	96.387	-151.5356
1550.000000	96.422	-151.1093
1575.000000	96.460	-150.6557
1600.000000	96.497	-150.1807
1625.000000	96.536	-149.6881
1650.000000	96.575	-149.1825
1675.000000	96.617	-148.6938
1700.000000	96.666	-148.1582
1725.000000	96.711	-147.6361
1750.000000	96.760	-147.1044
1775.000000	96.815	-146.5455
1800.000000	96.871	-146.0155
1825.000000	96.931	-145.4624
1850.000000	96.993	-144.9106
1875.000000	97.059	-144.3822
1900.000000	97.129	-143.8671
1925.000000	97.201	-143.3033
1950.000000	97.277	-142.8042
1975.000000	97.357	-142.2573
2000.000000	97.439	-141.7841
2030.000000	97.547	-141.2028
2060.000000	97.655	-140.6593
2090.000000	97.770	-140.1294
2120.000000	97.888	-139.6196
2140.000000	97.971	-139.3089
2180.000000	98.138	-138.7240
2200.000000	98.226	-138.4675
2240.000000	98.402	-137.9789
2270.000000	98.540	-137.6652
2300.000000	98.679	-137.3793
2330.000000	98.822	-137.1625
2360.000000	98.963	-136.9868
2400.000000	99.159	-136.8282
2430.000000	99.306	-136.7739
2470.000000	99.499	-136.7797
2500.000000	99.644	-136.8487
2540.000000	99.835	-137.0031
2580.000000	100.023	-137.2742
2620.000000	100.209	-137.6081
2650.000000	100.344	-137.9314
2690.000000	100.520	-138.4548
2720.000000	100.644	-138.8975
2760.000000	100.801	-139.5657
2800.000000	100.948	-140.3128
2850.000000	101.118	-141.3667
2900.000000	101.264	-142.5214
2950.000000	101.387	-143.7737
3000.000000	101.482	-145.0955
3040.000000	101.538	-146.1750
3070.000000	101.566	-146.9825
3110.000000	101.590	-148.0607
3150.000000	101.596	-149.1151
3200.000000	101.581	-150.3696
3250.000000	101.546	-151.5575
3300.000000	101.492	-152.6264
3350.000000	101.425	-153.5835
3400.000000	101.351	-154.4492
3450.000000	101.269	-155.2351
3500.000000	101.178	-155.8979
3550.000000	101.088	-156.4829
3600.000000	100.995	-157.0083
3650.000000	100.902	-157.4271
3700.000000	100.808	-157.8113
3750.000000	100.715	-158.1178
3820.000000	100.587	-158.4663
3870.000000	100.497	-158.6570
3950.000000	100.360	-158.8649
4000.000000	100.281	-158.9577
4060.000000	100.188	-159.0558
4120.000000	100.098	-159.0881
4180.000000	100.014	-159.1432
4250.000000	99.921	-159.1586
4310.000000	99.846	-159.1725
4370.000000	99.772	-159.1860
4440.000000	99.690	-159.2307
4500.000000	99.623	-159.2682
4550.000000	99.568	-159.2948
4620.000000	99.488	-159.3365
4680.000000	99.422	-159.4157
4750.000000	99.339	-159.5398
4820.000000	99.253	-159.6753
4870.000000	99.187	-159.7922
4940.000000	99.089	-159.9494
5000.000000	98.998	-160.0791
5080.000000	98.869	-160.2329
5150.000000	98.743	-160.3017
5220.000000	98.613	-160.3344
5300.000000	98.464	-160.2807
5380.000000	98.308	-160.0920
5450.000000	98.180	-159.8891
5520.000000	98.062	-159.6270
5600.000000	97.939	-159.2693
5700.000000	97.794	-158.8078
5800.000000	97.663	-158.4111
5900.000000	97.534	-158.0843
6000.000000	97.394	-157.7323
6080.000000	97.287	-157.3513
6150.000000	97.188	-156.9932
6220.000000	97.094	-156.5650
6300.000000	96.992	-155.9669
6400.000000	96.880	-155.1155
6500.000000	96.803	-154.0749
6600.000000	96.759	-152.9468
6700.000000	96.762	-151.7528
6800.000000	96.819	-150.4797
6900.000000	96.934	-149.2728
7000.000000	97.107	-148.1826
7100.000000	97.353	-147.1938
7200.000000	97.680	-146.5324
7300.000000	98.084	-146.2976
7400.000000	98.532	-146.6693
7500.000000	99.096	-147.6411
7620.000000	99.813	-150.5564
7750.000000	100.537	-155.9866
7880.000000	100.974	-163.9761
8000.000000	100.766	-172.1999
8120.000000	100.571	-171.5376
8250.000000	100.789	171.7738
8380.000000	98.759	171.4897
8500.000000	100.169	162.5997
8620.000000	98.583	155.0939
8750.000000	97.233	152.3585
8850.000000	96.344	151.4683
9000.000000	95.189	151.3415
9120.000000	94.387	151.9526
9250.000000	93.638	153.0779
9380.000000	93.005	154.4556
9500.000000	92.507	155.7670
9620.000000	92.088	157.0588
9750.000000	91.720	158.3842
9880.000000	91.423	159.4572
10000.000000	91.223	160.2299
10150.000000	90.988	160.7192
10300.000000	90.869	160.4404
10440.000000	90.709	159.3307
10600.000000	90.526	157.3788
10750.000000	90.249	154.8787
10900.000000	89.891	152.1231
11060.000000	89.383	149.2770
11200.000000	88.875	146.9239
11380.000000	88.159	144.3801
11500.000000	87.649	143.1365
11720.000000	86.844	141.8280
11800.000000	86.597	141.7262
12060.000000	86.005	140.8799
12200.000000	85.826	140.3033
12410.000000	85.733	139.0957
12500.000000	85.734	138.1291
12650.000000	85.785	136.1197
12800.000000	85.774	133.9133
13150.000000	86.337	130.6362
13200.000000	86.501	129.9345
13400.000000	87.185	126.0540
13600.000000	87.984	120.9550
13800.000000	88.942	114.8066
14000.000000	90.013	107.2874
14300.000000	91.836	93.3024
14500.000000	93.266	80.7595
14750.000000	95.067	59.6095
15000.000000	96.333	30.6664
15250.000000	96.228	-2.9371
15500.000000	94.740	-34.0385
15750.000000	92.708	-60.0892
16000.000000	90.568	-82.8971
16250.000000	88.512	-102.8573
16500.000000	86.917	-122.7175
16750.000000	85.516	-144.4102
17000.000000	84.337	-168.4261
17250.000000	83.363	165.3141
17500.000000	82.558	135.7939
17750.000000	82.113	102.9152
18000.000000	81.821	64.2290
18250.000000	80.714	22.3610
18500.000000	80.625	0.8682
18750.000000	85.426	-57.4926
19000.000000	85.710	-133.6812
19250.000000	84.505	152.4810
19500.000000	82.647	75.5051
19750.000000	80.247	-9.1293
