* Measurement data measured by REW V5.31.3
* Source: USB-C to 3.5mm Headphone Jack Adapter, USB-C to 3.5mm Headphone Jack Adapter, 0, volume: 0.138
* Format: 256k Log Swept Sine, 1 sweep at -12.0 dBFS with no timing reference
* Dated: Jun 19, 2025 3:23:30 PM
* REW Settings:
*  C-weighting compensation: Off
*  Target level: 75.0 dB
* Note: ; 
* Measurement: R
* Smoothing: None
* Frequency Step: 1/48 octave
* Start Frequency: 20.300 Hz
*
* Freq(Hz)	SPL(dB)	Phase(degrees)
20.299999	103.997	6.4014
20.600000	103.999	5.8884
20.900000	103.995	5.4059
21.200001	103.987	4.9014
21.400000	103.981	4.5521
21.799999	103.964	3.8440
22.000000	103.954	3.4984
22.400000	103.934	2.8493
22.700001	103.920	2.4100
23.000000	103.910	2.0022
23.299999	103.905	1.6061
23.600000	103.903	1.1993
24.000000	103.899	0.6173
24.299999	103.892	0.1556
24.700001	103.875	-0.4652
25.000000	103.857	-0.9116
25.400000	103.834	-1.4636
25.799999	103.815	-1.9742
26.200001	103.801	-2.4691
26.500000	103.793	-2.8427
26.900000	103.781	-3.3461
27.200001	103.770	-3.7214
27.600000	103.751	-4.2065
28.000000	103.732	-4.6684
28.500000	103.708	-5.2232
29.000000	103.689	-5.7806
29.500000	103.670	-6.3587
30.000000	103.648	-6.9470
30.400000	103.626	-7.4045
30.700001	103.607	-7.7295
31.100000	103.581	-8.1344
31.500000	103.556	-8.5148
32.000000	103.527	-8.9831
32.500000	103.501	-9.4687
33.000000	103.473	-9.9705
33.500000	103.443	-10.4687
34.000000	103.412	-10.9489
34.500000	103.382	-11.4125
35.000000	103.352	-11.8642
35.500000	103.322	-12.3030
36.000000	103.292	-12.7296
36.500000	103.263	-13.1535
37.000000	103.234	-13.5850
37.500000	103.204	-14.0214
38.200001	103.159	-14.6124
38.700001	103.127	-15.0079
39.500000	103.077	-15.6172
40.000000	103.046	-16.0062
40.599998	103.006	-16.4910
41.200001	102.960	-16.9725
41.799999	102.913	-17.4097
42.500000	102.865	-17.8530
43.099998	102.832	-18.2359
43.700001	102.796	-18.6647
44.400002	102.740	-19.1533
45.000000	102.691	-19.5002
45.500000	102.659	-19.7820
46.200001	102.622	-20.2701
46.799999	102.582	-20.7491
47.500000	102.528	-21.2429
48.200001	102.480	-21.6507
48.700001	102.449	-21.9230
49.400002	102.400	-22.2755
50.000000	102.357	-22.5816
50.799999	102.295	-23.0985
51.500000	102.234	-23.5667
52.200001	102.186	-23.9157
53.000000	102.147	-24.2658
53.799999	102.085	-24.6471
54.500000	102.008	-25.0074
55.200001	101.928	-25.4588
56.000000	101.850	-25.9572
57.000000	101.810	-26.3503
58.000000	101.769	-26.7834
59.000000	101.669	-27.1042
60.000000	101.588	-27.5118
60.799999	101.525	-27.9502
61.500000	101.470	-28.2311
62.200001	101.420	-28.4746
63.000000	101.358	-28.7922
64.000000	101.278	-29.1734
65.000000	101.205	-29.5606
66.000000	101.124	-29.9042
67.000000	101.047	-30.2026
68.000000	100.972	-30.5553
69.000000	100.889	-30.8911
70.000000	100.811	-31.1925
71.000000	100.735	-31.4817
72.000000	100.661	-31.7570
73.000000	100.579	-32.0405
74.000000	100.496	-32.2730
75.000000	100.423	-32.5322
76.199997	100.328	-32.8512
77.500000	100.232	-33.1034
78.800003	100.131	-33.3910
80.000000	100.035	-33.6376
81.199997	99.946	-33.8776
82.500000	99.848	-34.1266
83.800003	99.744	-34.3382
85.000000	99.653	-34.5171
86.199997	99.560	-34.6956
87.500000	99.464	-34.8438
88.500000	99.392	-34.9767
90.000000	99.279	-35.1717
91.199997	99.190	-35.2812
92.500000	99.095	-35.3786
93.800003	98.996	-35.5212
95.000000	98.911	-35.6139
96.199997	98.830	-35.6624
97.500000	98.734	-35.7152
98.800003	98.639	-35.7743
100.000000	98.557	-35.8018
101.500000	98.454	-35.8403
103.000000	98.351	-35.8464
104.400002	98.258	-35.8662
106.000000	98.150	-35.8580
107.500000	98.055	-35.8179
109.000000	97.957	-35.7884
110.599998	97.855	-35.7399
112.000000	97.765	-35.6754
113.800003	97.654	-35.5984
115.000000	97.583	-35.5215
117.199997	97.451	-35.3613
118.000000	97.404	-35.3123
120.599998	97.258	-35.0412
122.000000	97.178	-34.9454
124.099998	97.064	-34.7285
125.000000	97.015	-34.6277
126.500000	96.941	-34.4659
128.000000	96.861	-34.2793
131.500000	96.689	-33.8461
132.000000	96.665	-33.7787
134.000000	96.573	-33.4988
136.000000	96.483	-33.2171
138.000000	96.396	-32.9196
140.000000	96.312	-32.6185
143.000000	96.190	-32.1575
145.000000	96.113	-31.8455
147.500000	96.021	-31.4409
150.000000	95.936	-31.0255
152.500000	95.850	-30.6048
155.000000	95.769	-30.2013
157.500000	95.699	-29.7594
160.000000	95.623	-29.3341
162.500000	95.558	-28.8884
165.000000	95.495	-28.4715
167.500000	95.434	-28.0301
170.000000	95.374	-27.6070
172.500000	95.320	-27.1612
175.000000	95.269	-26.7509
177.500000	95.219	-26.3234
180.000000	95.203	-25.8982
182.500000	95.129	-25.3544
185.000000	95.093	-24.9205
187.500000	95.060	-24.4205
190.000000	95.040	-23.9213
192.500000	95.027	-23.4005
195.000000	95.034	-22.9720
197.500000	95.036	-22.6165
200.000000	95.051	-22.3851
203.000000	95.044	-22.1670
206.000000	95.032	-21.9568
209.000000	95.010	-21.7240
212.000000	94.991	-21.4561
214.000000	94.976	-21.2666
218.000000	94.950	-20.8895
220.000000	94.937	-20.7124
224.000000	94.927	-20.3185
227.000000	94.921	-20.0508
230.000000	94.919	-19.7968
233.000000	94.917	-19.6165
236.000000	94.911	-19.4313
240.000000	94.913	-19.2569
243.000000	94.900	-19.0669
247.000000	94.888	-18.8734
250.000000	94.883	-18.7328
254.000000	94.868	-18.5448
258.000000	94.859	-18.3566
262.000000	94.850	-18.1890
265.000000	94.841	-18.0510
269.000000	94.832	-17.8873
272.000000	94.822	-17.7629
276.000000	94.814	-17.6125
280.000000	94.803	-17.4562
285.000000	94.791	-17.2659
290.000000	94.783	-17.0818
295.000000	94.780	-16.9257
300.000000	94.779	-16.7450
304.000000	94.776	-16.6823
307.000000	94.775	-16.6346
311.000000	94.771	-16.5974
315.000000	94.762	-16.5359
320.000000	94.753	-16.4966
325.000000	94.743	-16.4485
330.000000	94.728	-16.4073
335.000000	94.715	-16.3641
340.000000	94.701	-16.3010
345.000000	94.685	-16.2575
350.000000	94.672	-16.1953
355.000000	94.661	-16.1722
360.000000	94.651	-16.1372
365.000000	94.639	-16.1300
370.000000	94.627	-16.1346
375.000000	94.613	-16.1453
382.000000	94.589	-16.2269
387.000000	94.568	-16.2537
395.000000	94.531	-16.2867
400.000000	94.505	-16.2892
406.000000	94.473	-16.3154
412.000000	94.444	-16.3154
418.000000	94.410	-16.3156
425.000000	94.374	-16.3059
431.000000	94.339	-16.3068
437.000000	94.306	-16.2866
444.000000	94.265	-16.2699
450.000000	94.232	-16.2248
455.000000	94.203	-16.2053
462.000000	94.160	-16.1593
468.000000	94.125	-16.1305
475.000000	94.083	-16.0758
482.000000	94.040	-16.0070
487.000000	94.011	-15.9787
494.000000	93.967	-15.9142
500.000000	93.933	-15.8465
508.000000	93.884	-15.7468
515.000000	93.840	-15.6553
522.000000	93.799	-15.5615
530.000000	93.750	-15.4726
538.000000	93.701	-15.3518
545.000000	93.658	-15.2275
552.000000	93.615	-15.1083
560.000000	93.564	-14.9531
570.000000	93.505	-14.7574
580.000000	93.442	-14.5422
590.000000	93.381	-14.2978
600.000000	93.320	-14.0800
608.000000	93.273	-13.8545
615.000000	93.232	-13.6629
622.000000	93.195	-13.5168
630.000000	93.148	-13.2478
640.000000	93.091	-12.9597
650.000000	93.036	-12.6286
660.000000	92.979	-12.3347
670.000000	92.924	-11.9639
680.000000	92.876	-11.6362
690.000000	92.827	-11.2831
700.000000	92.776	-10.8955
710.000000	92.727	-10.5156
720.000000	92.683	-10.1063
730.000000	92.638	-9.6703
740.000000	92.594	-9.2360
750.000000	92.555	-8.7773
762.000000	92.513	-8.2258
775.000000	92.466	-7.5608
788.000000	92.427	-6.8828
800.000000	92.389	-6.2339
812.000000	92.361	-5.5340
825.000000	92.329	-4.7715
838.000000	92.308	-3.9688
850.000000	92.300	-3.1678
862.000000	92.300	-2.3332
875.000000	92.310	-1.3973
885.000000	92.329	-0.6832
900.000000	92.382	0.3991
912.000000	92.445	1.1749
925.000000	92.524	1.9616
938.000000	92.615	2.6151
950.000000	92.706	3.0960
962.000000	92.788	3.4547
975.000000	92.871	3.7961
988.000000	92.946	4.0846
1000.000000	93.005	4.3054
1015.000000	93.074	4.6576
1030.000000	93.142	4.9903
1044.000000	93.201	5.3093
1060.000000	93.278	5.7003
1075.000000	93.350	6.0245
1090.000000	93.428	6.3821
1106.000000	93.512	6.7156
1120.000000	93.592	6.9639
1138.000000	93.691	7.2449
1150.000000	93.756	7.4295
1172.000000	93.879	7.7039
1180.000000	93.925	7.7892
1206.000000	94.068	8.0018
1220.000000	94.150	8.0951
1241.000000	94.263	8.2061
1250.000000	94.312	8.2424
1265.000000	94.389	8.2620
1280.000000	94.465	8.3012
1315.000000	94.637	8.3275
1320.000000	94.664	8.3136
1340.000000	94.757	8.3142
1360.000000	94.851	8.2872
1380.000000	94.942	8.2824
1400.000000	95.031	8.2462
1430.000000	95.168	8.2384
1450.000000	95.254	8.2129
1475.000000	95.369	8.1910
1500.000000	95.481	8.1804
1525.000000	95.597	8.1397
1550.000000	95.716	8.1074
1575.000000	95.836	8.0695
1600.000000	95.961	8.0393
1625.000000	96.088	7.9783
1650.000000	96.216	7.9187
1675.000000	96.350	7.8215
1700.000000	96.489	7.7005
1725.000000	96.629	7.5892
1750.000000	96.773	7.4228
1775.000000	96.916	7.2381
1800.000000	97.067	6.9889
1825.000000	97.221	6.7388
1850.000000	97.371	6.4312
1875.000000	97.527	6.0918
1900.000000	97.680	5.7348
1925.000000	97.835	5.3285
1950.000000	97.991	4.8745
1975.000000	98.144	4.3862
2000.000000	98.300	3.8620
2030.000000	98.483	3.1799
2060.000000	98.664	2.4073
2090.000000	98.839	1.6095
2120.000000	99.009	0.7344
2140.000000	99.121	0.1408
2180.000000	99.332	-1.1458
2200.000000	99.432	-1.8112
2240.000000	99.623	-3.1916
2270.000000	99.752	-4.2802
2300.000000	99.873	-5.3854
2330.000000	99.984	-6.5206
2360.000000	100.082	-7.6746
2400.000000	100.194	-9.1961
2430.000000	100.266	-10.3455
2470.000000	100.341	-11.8415
2500.000000	100.388	-12.9275
2540.000000	100.436	-14.3256
2580.000000	100.470	-15.6631
2620.000000	100.486	-16.9308
2650.000000	100.488	-17.8518
2690.000000	100.483	-18.9851
2720.000000	100.471	-19.7734
2760.000000	100.447	-20.7554
2800.000000	100.417	-21.6084
2850.000000	100.372	-22.5719
2900.000000	100.319	-23.3605
2950.000000	100.267	-24.0198
3000.000000	100.215	-24.5179
3040.000000	100.180	-24.8143
3070.000000	100.158	-24.9893
3110.000000	100.135	-25.2044
3150.000000	100.116	-25.3571
3200.000000	100.104	-25.5054
3250.000000	100.101	-25.6475
3300.000000	100.108	-25.7640
3350.000000	100.117	-25.8920
3400.000000	100.137	-26.0318
3450.000000	100.157	-26.1988
3500.000000	100.180	-26.3903
3550.000000	100.205	-26.5994
3600.000000	100.226	-26.8470
3650.000000	100.248	-27.1340
3700.000000	100.268	-27.4305
3750.000000	100.281	-27.7895
3820.000000	100.296	-28.2943
3870.000000	100.295	-28.6989
3950.000000	100.276	-29.3985
4000.000000	100.252	-29.8324
4060.000000	100.208	-30.3526
4120.000000	100.156	-30.8267
4180.000000	100.092	-31.3007
4250.000000	100.004	-31.7687
4310.000000	99.922	-32.1552
4370.000000	99.836	-32.5184
4440.000000	99.728	-32.9629
4500.000000	99.624	-33.4258
4550.000000	99.522	-33.8098
4620.000000	99.342	-34.3788
4680.000000	99.155	-34.7947
4750.000000	98.900	-35.0837
4820.000000	98.617	-35.0916
4870.000000	98.407	-34.9136
4940.000000	98.109	-34.3581
5000.000000	97.863	-33.6854
5080.000000	97.548	-32.5541
5150.000000	97.283	-31.3646
5220.000000	97.033	-29.9583
5300.000000	96.766	-28.1746
5380.000000	96.533	-26.1035
5450.000000	96.356	-24.1355
5520.000000	96.211	-22.0972
5600.000000	96.074	-19.6534
5700.000000	95.958	-16.4944
5800.000000	95.905	-13.2479
5900.000000	95.920	-10.0048
6000.000000	95.997	-6.7797
6080.000000	96.100	-4.2509
6150.000000	96.230	-2.1316
6220.000000	96.389	-0.0794
6300.000000	96.617	2.0698
6400.000000	96.955	4.4139
6500.000000	97.333	6.2461
6600.000000	97.741	7.5398
6700.000000	98.152	8.2574
6800.000000	98.549	8.3704
6900.000000	98.897	7.9447
7000.000000	99.172	7.1256
7100.000000	99.371	6.1033
7200.000000	99.501	5.0700
7300.000000	99.573	4.0291
7400.000000	99.578	3.0726
7500.000000	99.538	2.3308
7620.000000	99.449	1.8317
7750.000000	99.349	1.7663
7880.000000	99.307	1.8514
8000.000000	99.312	1.5052
8120.000000	99.282	0.4163
8250.000000	99.098	-1.3290
8380.000000	98.737	-2.9835
8500.000000	98.272	-4.0893
8620.000000	97.708	-4.6406
8750.000000	97.006	-4.3549
8850.000000	96.439	-3.4518
9000.000000	95.598	-1.0579
9120.000000	94.967	1.6928
9250.000000	94.340	5.2435
9380.000000	93.798	9.3052
9500.000000	93.365	13.3343
9620.000000	93.016	17.5903
9750.000000	92.734	22.1965
9880.000000	92.545	26.8412
10000.000000	92.450	30.8923
10150.000000	92.422	35.7197
10300.000000	92.494	40.1768
10440.000000	92.672	43.8119
10600.000000	93.023	47.1118
10750.000000	93.445	48.8835
10900.000000	93.893	49.0427
11060.000000	94.294	47.2770
11200.000000	94.452	44.2975
11380.000000	94.223	39.9378
11500.000000	93.844	38.0632
11720.000000	93.043	37.1336
11800.000000	92.777	37.7934
12060.000000	92.331	42.3198
12200.000000	92.482	45.1421
12410.000000	93.162	47.5401
12500.000000	93.559	47.4179
12650.000000	94.240	45.6282
12800.000000	94.811	41.8870
13150.000000	95.294	30.0006
13200.000000	95.256	28.4159
13400.000000	95.036	22.9661
13600.000000	94.778	19.0983
13800.000000	94.650	16.3422
14000.000000	94.704	13.8595
14300.000000	95.250	9.2536
14500.000000	95.947	4.1211
14750.000000	97.040	-6.7011
15000.000000	97.963	-24.5641
15250.000000	97.916	-47.7534
15500.000000	96.704	-70.0802
15750.000000	95.122	-87.6446
16000.000000	93.737	-103.9512
16250.000000	92.956	-115.2165
16500.000000	93.351	-132.4538
16750.000000	94.650	-164.0832
17000.000000	93.048	158.5191
17250.000000	92.943	124.8648
17500.000000	89.658	85.5183
17750.000000	87.618	61.7132
18000.000000	86.749	34.3876
18250.000000	86.274	1.4674
18500.000000	85.737	-37.6667
18750.000000	84.759	-81.9319
19000.000000	83.287	-129.2623
19250.000000	81.656	178.6200
19500.000000	79.985	120.4973
19750.000000	78.356	50.9683
