* Measurement data measured by REW V5.31.3
* Source: USB-C to 3.5mm Headphone Jack Adapter, , 0, volume: 0.138
* Format: 256k Log Swept Sine, 1 sweep at -12.0 dBFS with no timing reference
* Dated: Nov 11, 2025 8:22:50 PM
* REW Settings:
*  C-weighting compensation: Off
*  Target level: 75.0 dB
* Note: ; 
* Measurement: L
* Smoothing: None
* Frequency Step: 1/48 octave
* Start Frequency: 20.000 Hz
*
* Freq(Hz)	SPL(dB)	Phase(degrees)
20.000000	107.079	5.6801
20.299999	107.073	5.1543
20.600000	107.067	4.6412
20.900000	107.060	4.1402
21.200001	107.054	3.6498
21.400000	107.049	3.3277
21.799999	107.040	2.6924
22.000000	107.036	2.3785
22.400000	107.025	1.7591
22.700001	107.017	1.3033
23.000000	107.007	0.8564
23.299999	106.997	0.4189
23.600000	106.987	-0.0100
24.000000	106.973	-0.5705
24.299999	106.962	-0.9834
24.700001	106.947	-1.5249
25.000000	106.935	-1.9248
25.400000	106.919	-2.4511
25.799999	106.903	-2.9715
26.200001	106.885	-3.4855
26.500000	106.871	-3.8643
26.900000	106.851	-4.3567
27.200001	106.836	-4.7154
27.600000	106.817	-5.1834
28.000000	106.798	-5.6470
28.500000	106.776	-6.2299
29.000000	106.752	-6.8141
29.500000	106.726	-7.3869
30.000000	106.698	-7.9388
30.400000	106.675	-8.3667
30.700001	106.659	-8.6823
31.100000	106.637	-9.0982
31.500000	106.615	-9.5088
32.000000	106.586	-10.0137
32.500000	106.558	-10.5084
33.000000	106.529	-10.9941
33.500000	106.499	-11.4723
34.000000	106.469	-11.9434
34.500000	106.438	-12.4062
35.000000	106.407	-12.8594
35.500000	106.375	-13.3040
36.000000	106.344	-13.7434
36.500000	106.312	-14.1796
37.000000	106.279	-14.6093
37.500000	106.246	-15.0277
38.200001	106.199	-15.5957
38.700001	106.166	-15.9959
39.500000	106.113	-16.6285
40.000000	106.079	-17.0130
40.599998	106.039	-17.4682
41.200001	105.998	-17.9278
41.799999	105.954	-18.3800
42.500000	105.901	-18.8623
43.099998	105.860	-19.2488
43.700001	105.825	-19.6632
44.400002	105.777	-20.1940
45.000000	105.727	-20.6243
45.500000	105.684	-20.9326
46.200001	105.632	-21.3225
46.799999	105.594	-21.6763
47.500000	105.549	-22.1264
48.200001	105.499	-22.5821
48.700001	105.460	-22.9001
49.400002	105.404	-23.3259
50.000000	105.355	-23.6595
50.799999	105.293	-24.0670
51.500000	105.245	-24.4313
52.200001	105.195	-24.8175
53.000000	105.134	-25.2497
53.799999	105.073	-25.6617
54.500000	105.019	-26.0212
55.200001	104.963	-26.3705
56.000000	104.899	-26.7437
57.000000	104.824	-27.1985
58.000000	104.749	-27.6723
59.000000	104.667	-28.1337
60.000000	104.588	-28.5245
60.799999	104.530	-28.8432
61.500000	104.477	-29.1328
62.200001	104.422	-29.3994
63.000000	104.363	-29.7097
64.000000	104.279	-30.1136
65.000000	104.195	-30.4246
66.000000	104.123	-30.7776
67.000000	104.041	-31.1550
68.000000	103.967	-31.4914
69.000000	103.888	-31.9029
70.000000	103.797	-32.1790
71.000000	103.733	-32.3917
72.000000	103.662	-32.7678
73.000000	103.566	-32.9888
74.000000	103.498	-33.0999
75.000000	103.440	-33.4103
76.199997	103.332	-33.8601
77.500000	103.217	-34.0662
78.800003	103.134	-34.4906
80.000000	103.019	-34.7290
81.199997	102.951	-34.9174
82.500000	102.840	-35.1866
83.800003	102.761	-35.2962
85.000000	102.676	-35.5810
86.199997	102.579	-35.8346
87.500000	102.463	-35.9935
88.500000	102.395	-36.0687
90.000000	102.293	-36.3082
91.199997	102.200	-36.4913
92.500000	102.098	-36.5235
93.800003	102.017	-36.6472
95.000000	101.926	-36.7929
96.199997	101.843	-36.8934
97.500000	101.761	-37.1087
98.800003	101.639	-37.3585
100.000000	101.536	-37.1943
101.500000	101.455	-37.2044
103.000000	101.350	-37.2432
104.400002	101.255	-37.2926
106.000000	101.152	-37.4020
107.500000	101.046	-37.4886
109.000000	100.945	-37.5229
110.599998	100.852	-37.5491
112.000000	100.764	-37.5399
113.800003	100.649	-37.4643
115.000000	100.584	-37.7733
117.199997	100.382	-37.1670
118.000000	100.360	-37.2298
120.599998	100.216	-37.2266
122.000000	100.128	-37.1090
124.099998	100.008	-36.9865
125.000000	99.958	-36.9017
126.500000	99.874	-36.8260
128.000000	99.784	-36.7072
131.500000	99.599	-36.4186
132.000000	99.574	-36.3810
134.000000	99.471	-36.1506
136.000000	99.360	-35.9348
138.000000	99.255	-35.7327
140.000000	99.151	-35.5663
143.000000	99.016	-35.1670
145.000000	98.916	-34.7246
147.500000	98.814	-34.3647
150.000000	98.680	-34.1674
152.500000	98.584	-33.9385
155.000000	98.494	-33.5680
157.500000	98.389	-33.0943
160.000000	98.281	-32.6861
162.500000	98.196	-32.3881
165.000000	98.104	-31.9520
167.500000	98.014	-31.5457
170.000000	97.929	-31.1750
172.500000	97.854	-30.6790
175.000000	97.769	-30.3510
177.500000	97.691	-29.6670
180.000000	97.617	-29.3503
182.500000	97.547	-28.9250
185.000000	97.495	-28.3162
187.500000	97.439	-27.8010
190.000000	97.389	-27.5204
192.500000	97.359	-26.7669
195.000000	97.254	-27.0180
197.500000	97.358	-26.2472
200.000000	97.233	-25.7691
203.000000	97.205	-25.5524
206.000000	97.114	-24.6114
209.000000	97.087	-24.5204
212.000000	97.038	-24.1246
214.000000	97.013	-23.8457
218.000000	96.955	-23.2763
220.000000	96.923	-23.0078
224.000000	96.871	-22.4124
227.000000	96.830	-22.0253
230.000000	96.796	-21.6163
233.000000	96.750	-21.2782
236.000000	96.732	-20.8375
240.000000	96.706	-20.2502
243.000000	96.682	-19.8418
247.000000	96.658	-19.4008
250.000000	96.646	-19.0756
254.000000	96.608	-18.6551
258.000000	96.583	-18.2399
262.000000	96.555	-17.7853
265.000000	96.531	-17.4868
269.000000	96.511	-17.1331
272.000000	96.491	-16.8243
276.000000	96.466	-16.4479
280.000000	96.446	-16.1067
285.000000	96.414	-15.6075
290.000000	96.384	-15.3310
295.000000	96.373	-14.7383
300.000000	96.344	-14.3181
304.000000	96.332	-14.0111
307.000000	96.319	-13.7610
311.000000	96.303	-13.4522
315.000000	96.289	-13.1433
320.000000	96.272	-12.7809
325.000000	96.251	-12.4031
330.000000	96.232	-12.0569
335.000000	96.214	-11.7103
340.000000	96.197	-11.3785
345.000000	96.181	-11.0401
350.000000	96.166	-10.7130
355.000000	96.152	-10.4087
360.000000	96.136	-10.0925
365.000000	96.122	-9.8039
370.000000	96.104	-9.5233
375.000000	96.092	-9.2228
382.000000	96.070	-8.8231
387.000000	96.052	-8.5577
395.000000	96.030	-8.1296
400.000000	96.011	-7.8482
406.000000	95.996	-7.5364
412.000000	95.979	-7.2171
418.000000	95.962	-6.9024
425.000000	95.943	-6.5161
431.000000	95.927	-6.2179
437.000000	95.915	-5.9043
444.000000	95.899	-5.5875
450.000000	95.885	-5.3099
455.000000	95.876	-5.0951
462.000000	95.860	-4.8044
468.000000	95.842	-4.5711
475.000000	95.820	-4.2797
482.000000	95.795	-3.9935
487.000000	95.779	-3.7874
494.000000	95.753	-3.4698
500.000000	95.734	-3.2197
508.000000	95.707	-2.8746
515.000000	95.679	-2.5578
522.000000	95.656	-2.2510
530.000000	95.628	-1.8828
538.000000	95.599	-1.5097
545.000000	95.574	-1.1975
552.000000	95.550	-0.8615
560.000000	95.523	-0.4822
570.000000	95.486	0.0020
580.000000	95.452	0.4987
590.000000	95.420	0.9883
600.000000	95.389	1.5063
608.000000	95.363	1.9070
615.000000	95.341	2.2748
622.000000	95.320	2.6329
630.000000	95.297	3.0502
640.000000	95.268	3.5718
650.000000	95.241	4.1249
660.000000	95.213	4.6554
670.000000	95.190	5.2324
680.000000	95.167	5.7677
690.000000	95.143	6.3193
700.000000	95.123	6.8909
710.000000	95.103	7.4421
720.000000	95.082	8.0270
730.000000	95.065	8.6172
740.000000	95.048	9.1920
750.000000	95.029	9.8116
762.000000	95.013	10.5277
775.000000	95.002	11.3210
788.000000	94.985	12.1574
800.000000	94.976	12.9094
812.000000	94.968	13.7032
825.000000	94.969	14.5313
838.000000	94.969	15.3928
850.000000	94.974	16.1950
862.000000	94.984	17.0171
875.000000	94.994	17.8861
885.000000	95.012	18.5793
900.000000	95.036	19.5933
912.000000	95.063	20.4268
925.000000	95.098	21.3112
938.000000	95.139	22.1920
950.000000	95.180	22.9876
962.000000	95.227	23.7714
975.000000	95.283	24.6236
988.000000	95.344	25.4467
1000.000000	95.407	26.1453
1015.000000	95.488	27.0232
1030.000000	95.573	27.8423
1044.000000	95.653	28.5891
1060.000000	95.747	29.4016
1075.000000	95.840	30.1112
1090.000000	95.932	30.8201
1106.000000	96.038	31.5162
1120.000000	96.132	32.0981
1138.000000	96.250	32.7987
1150.000000	96.331	33.2238
1172.000000	96.478	33.9593
1180.000000	96.530	34.2010
1206.000000	96.700	34.9672
1220.000000	96.791	35.3382
1241.000000	96.919	35.8569
1250.000000	96.976	36.0724
1265.000000	97.065	36.4113
1280.000000	97.153	36.7367
1315.000000	97.352	37.4577
1320.000000	97.380	37.5559
1340.000000	97.489	37.9516
1360.000000	97.598	38.3394
1380.000000	97.703	38.7205
1400.000000	97.809	39.0914
1430.000000	97.966	39.6462
1450.000000	98.072	40.0225
1475.000000	98.205	40.4746
1500.000000	98.339	40.9199
1525.000000	98.476	41.3583
1550.000000	98.615	41.7675
1575.000000	98.760	42.1700
1600.000000	98.907	42.5423
1625.000000	99.057	42.8900
1650.000000	99.212	43.2010
1675.000000	99.371	43.4754
1700.000000	99.532	43.6889
1725.000000	99.696	43.8724
1750.000000	99.863	43.9948
1775.000000	100.031	44.0796
1800.000000	100.196	44.0872
1825.000000	100.365	44.0372
1850.000000	100.532	43.9401
1875.000000	100.697	43.7781
1900.000000	100.859	43.5498
1925.000000	101.020	43.2623
1950.000000	101.173	42.9192
1975.000000	101.322	42.5204
2000.000000	101.469	42.0612
2030.000000	101.632	41.4597
2060.000000	101.787	40.7929
2090.000000	101.930	40.0519
2120.000000	102.063	39.2732
2140.000000	102.145	38.7299
2180.000000	102.292	37.5774
2200.000000	102.358	36.9821
2240.000000	102.469	35.7551
2270.000000	102.539	34.8181
2300.000000	102.593	33.8681
2330.000000	102.636	32.9221
2360.000000	102.663	31.9818
2400.000000	102.681	30.7622
2430.000000	102.680	29.8678
2470.000000	102.659	28.7480
2500.000000	102.634	27.9490
2540.000000	102.580	26.9455
2580.000000	102.515	26.0508
2620.000000	102.437	25.2562
2650.000000	102.372	24.7422
2690.000000	102.275	24.1403
2720.000000	102.202	23.7687
2760.000000	102.102	23.3574
2800.000000	102.000	23.0724
2850.000000	101.875	22.8666
2900.000000	101.758	22.7953
2950.000000	101.650	22.8651
3000.000000	101.554	23.0299
3040.000000	101.488	23.2276
3070.000000	101.444	23.4132
3110.000000	101.394	23.6776
3150.000000	101.354	23.9687
3200.000000	101.315	24.3502
3250.000000	101.291	24.7412
3300.000000	101.281	25.1122
3350.000000	101.281	25.4479
3400.000000	101.290	25.7536
3450.000000	101.306	25.9995
3500.000000	101.326	26.2078
3550.000000	101.345	26.3837
3600.000000	101.370	26.5511
3650.000000	101.400	26.7049
3700.000000	101.438	26.8318
3750.000000	101.487	26.8968
3820.000000	101.560	26.7976
3870.000000	101.607	26.5979
3950.000000	101.657	26.1423
4000.000000	101.672	25.8047
4060.000000	101.670	25.4390
4120.000000	101.658	25.1400
4180.000000	101.643	24.9260
4250.000000	101.630	24.7393
4310.000000	101.630	24.5997
4370.000000	101.640	24.3478
4440.000000	101.627	23.9538
4500.000000	101.619	23.7182
4550.000000	101.619	23.4451
4620.000000	101.607	22.8994
4680.000000	101.557	22.3625
4750.000000	101.484	22.0507
4820.000000	101.445	21.7953
4870.000000	101.422	21.5094
4940.000000	101.380	20.9290
5000.000000	101.322	20.3530
5080.000000	101.201	19.5430
5150.000000	101.053	18.9338
5220.000000	100.881	18.4771
5300.000000	100.656	18.1648
5380.000000	100.408	18.1211
5450.000000	100.180	18.3607
5520.000000	99.953	18.9039
5600.000000	99.710	19.8430
5700.000000	99.450	21.4217
5800.000000	99.241	23.4198
5900.000000	99.109	25.6952
6000.000000	99.063	28.0923
6080.000000	99.089	30.0553
6150.000000	99.168	31.6905
6220.000000	99.288	33.2226
6300.000000	99.478	34.6978
6400.000000	99.773	35.9790
6500.000000	100.114	36.4915
6600.000000	100.430	36.2038
6700.000000	100.659	35.1673
6800.000000	100.756	33.8286
6900.000000	100.716	32.8786
7000.000000	100.609	32.9308
7100.000000	100.585	34.5844
7200.000000	100.917	36.2010
7300.000000	101.381	36.2944
7400.000000	101.846	34.9069
7500.000000	102.210	32.4699
7620.000000	102.476	29.0003
7750.000000	102.620	25.1809
7880.000000	102.678	21.3819
8000.000000	102.684	17.8081
8120.000000	102.635	14.0951
8250.000000	102.522	9.9601
8380.000000	102.359	5.6540
8500.000000	102.166	1.3582
8620.000000	101.886	-3.4539
8750.000000	101.396	-9.2260
8850.000000	100.816	-13.6240
9000.000000	99.615	-18.5976
9120.000000	98.540	-20.3226
9250.000000	97.445	-20.1291
9380.000000	96.529	-18.5456
9500.000000	95.854	-16.3535
9620.000000	95.333	-13.8608
9750.000000	94.924	-11.1477
9880.000000	94.645	-8.4901
10000.000000	94.506	-6.2592
10150.000000	94.450	-3.8748
10300.000000	94.482	-2.1214
10440.000000	94.578	-0.9538
10600.000000	94.759	0.1228
10750.000000	95.058	0.6013
10900.000000	95.431	0.0349
11060.000000	95.844	-1.5411
11200.000000	96.203	-3.8029
11380.000000	96.621	-7.7096
11500.000000	96.908	-11.0141
11720.000000	97.224	-19.1725
11800.000000	97.229	-22.4594
12060.000000	96.903	-32.3340
12200.000000	96.643	-36.8985
12410.000000	96.302	-43.2607
12500.000000	96.184	-46.0898
12650.000000	95.974	-51.1470
12800.000000	95.708	-56.6153
13150.000000	94.812	-69.1776
13200.000000	94.668	-70.8233
13400.000000	94.134	-77.0015
13600.000000	93.704	-82.8311
13800.000000	93.430	-88.7977
14000.000000	93.339	-95.3152
14300.000000	93.511	-107.4032
14500.000000	93.782	-117.7683
14750.000000	94.100	-133.7099
15000.000000	94.180	-152.5498
15250.000000	93.934	-172.9165
15500.000000	93.385	167.0890
15750.000000	92.792	148.2592
16000.000000	92.344	130.1288
16250.000000	92.185	111.6904
16500.000000	92.377	91.8244
16750.000000	92.943	68.6080
17000.000000	93.750	39.7596
17250.000000	94.160	2.8864
17500.000000	93.593	-37.0708
17750.000000	92.641	-78.9712
18000.000000	91.008	-124.0450
18250.000000	88.721	-169.3936
18500.000000	86.344	145.4213
18750.000000	84.130	97.6783
19000.000000	82.285	44.9006
19250.000000	80.843	-17.2997
19500.000000	79.514	-92.1639
19750.000000	77.905	177.8818
