* Measurement data measured by REW V5.31.3
* Source: USB-C to 3.5mm Headphone Jack Adapter, , 0, volume: 0.138
* Format: 256k Log Swept Sine, 1 sweep at -12.0 dBFS with no timing reference
* Dated: Sep 29, 2025 4:21:53 PM
* REW Settings:
*  C-weighting compensation: Off
*  Target level: 75.0 dB
* Note: ; 
* Measurement: R
* Smoothing: None
* Frequency Step: 1/48 octave
* Start Frequency: 20.000 Hz
*
* Freq(Hz)	SPL(dB)	Phase(degrees)
20.000000	106.615	12.1681
20.299999	106.618	11.5472
20.600000	106.621	10.9112
20.900000	106.622	10.2580
21.200001	106.618	9.5988
21.400000	106.613	9.1663
21.799999	106.596	8.3416
22.000000	106.586	7.9547
22.400000	106.569	7.2248
22.700001	106.558	6.6975
23.000000	106.550	6.1700
23.299999	106.542	5.6339
23.600000	106.531	5.0918
24.000000	106.513	4.3805
24.299999	106.496	3.8710
24.700001	106.473	3.2308
25.000000	106.458	2.7700
25.400000	106.440	2.1593
25.799999	106.423	1.5363
26.200001	106.403	0.9065
26.500000	106.386	0.4419
26.900000	106.361	-0.1544
27.200001	106.342	-0.5834
27.600000	106.318	-1.1408
28.000000	106.295	-1.6931
28.500000	106.266	-2.3822
29.000000	106.235	-3.0589
29.500000	106.202	-3.7142
30.000000	106.169	-4.3507
30.400000	106.143	-4.8486
30.700001	106.122	-5.2141
31.100000	106.095	-5.6899
31.500000	106.069	-6.1546
32.000000	106.036	-6.7285
32.500000	106.002	-7.2999
33.000000	105.966	-7.8616
33.500000	105.929	-8.4035
34.000000	105.892	-8.9259
34.500000	105.855	-9.4383
35.000000	105.819	-9.9473
35.500000	105.781	-10.4523
36.000000	105.742	-10.9492
36.500000	105.702	-11.4340
37.000000	105.661	-11.9024
37.500000	105.620	-12.3532
38.200001	105.565	-12.9687
38.700001	105.527	-13.4091
39.500000	105.461	-14.1048
40.000000	105.419	-14.5184
40.599998	105.370	-14.9984
41.200001	105.321	-15.4785
41.799999	105.270	-15.9546
42.500000	105.208	-16.4778
43.099998	105.157	-16.9015
43.700001	105.107	-17.3250
44.400002	105.048	-17.8214
45.000000	104.995	-18.2354
45.500000	104.951	-18.5702
46.200001	104.889	-19.0234
46.799999	104.837	-19.3963
47.500000	104.777	-19.8277
48.200001	104.717	-20.2631
48.700001	104.671	-20.5612
49.400002	104.609	-20.9531
50.000000	104.558	-21.2883
50.799999	104.487	-21.7272
51.500000	104.426	-22.0716
52.200001	104.371	-22.4294
53.000000	104.302	-22.8908
53.799999	104.222	-23.2873
54.500000	104.157	-23.5684
55.200001	104.098	-23.8736
56.000000	104.025	-24.2315
57.000000	103.936	-24.6127
58.000000	103.852	-25.0385
59.000000	103.755	-25.4442
60.000000	103.666	-25.7647
60.799999	103.601	-26.0508
61.500000	103.540	-26.3147
62.200001	103.477	-26.5543
63.000000	103.406	-26.8032
64.000000	103.320	-27.0994
65.000000	103.234	-27.3810
66.000000	103.148	-27.6576
67.000000	103.061	-27.9082
68.000000	102.976	-28.1638
69.000000	102.887	-28.3955
70.000000	102.804	-28.5898
71.000000	102.722	-28.8254
72.000000	102.634	-29.0249
73.000000	102.551	-29.2008
74.000000	102.466	-29.3819
75.000000	102.380	-29.5194
76.199997	102.285	-29.6647
77.500000	102.183	-29.8664
78.800003	102.074	-30.0163
80.000000	101.981	-30.1532
81.199997	101.882	-30.2765
82.500000	101.782	-30.3687
83.800003	101.680	-30.4599
85.000000	101.588	-30.5072
86.199997	101.500	-30.5552
87.500000	101.402	-30.6031
88.500000	101.328	-30.6201
90.000000	101.218	-30.6461
91.199997	101.130	-30.6474
92.500000	101.038	-30.6357
93.800003	100.948	-30.6214
95.000000	100.863	-30.5891
96.199997	100.781	-30.5496
97.500000	100.692	-30.4992
98.800003	100.605	-30.4385
100.000000	100.525	-30.3773
101.500000	100.430	-30.2751
103.000000	100.336	-30.1524
104.400002	100.252	-30.0514
106.000000	100.153	-29.8495
107.500000	100.068	-29.7356
109.000000	99.979	-29.5747
110.599998	99.885	-29.3951
112.000000	99.810	-29.2260
113.800003	99.712	-28.9969
115.000000	99.653	-28.8181
117.199997	99.532	-28.5277
118.000000	99.494	-28.4194
120.599998	99.365	-27.9824
122.000000	99.300	-27.8254
124.099998	99.206	-27.5063
125.000000	99.165	-27.3529
126.500000	99.102	-27.0966
128.000000	99.038	-26.8498
131.500000	98.895	-26.2413
132.000000	98.875	-26.1499
134.000000	98.800	-25.8001
136.000000	98.728	-25.4492
138.000000	98.658	-25.0521
140.000000	98.591	-24.6999
143.000000	98.497	-24.1328
145.000000	98.435	-23.7742
147.500000	98.366	-23.3032
150.000000	98.298	-22.8339
152.500000	98.233	-22.3758
155.000000	98.173	-21.9153
157.500000	98.114	-21.4257
160.000000	98.048	-20.8999
162.500000	98.009	-20.5362
165.000000	97.963	-20.0898
167.500000	97.922	-19.6327
170.000000	97.881	-19.1796
172.500000	97.842	-18.7517
175.000000	97.803	-18.3258
177.500000	97.769	-17.9021
180.000000	97.737	-17.4844
182.500000	97.708	-17.0812
185.000000	97.681	-16.6832
187.500000	97.654	-16.2799
190.000000	97.631	-15.9039
192.500000	97.608	-15.5337
195.000000	97.586	-15.1480
197.500000	97.566	-14.7895
200.000000	97.550	-14.4327
203.000000	97.527	-14.0081
206.000000	97.509	-13.6100
209.000000	97.490	-13.2095
212.000000	97.475	-12.8315
214.000000	97.462	-12.5773
218.000000	97.440	-12.0661
220.000000	97.429	-11.8194
224.000000	97.409	-11.3177
227.000000	97.393	-10.9325
230.000000	97.376	-10.5329
233.000000	97.360	-10.1028
236.000000	97.349	-9.6411
240.000000	97.341	-8.9866
243.000000	97.364	-8.4615
247.000000	97.409	-7.8919
250.000000	97.451	-7.6141
254.000000	97.496	-7.4069
258.000000	97.519	-7.2618
262.000000	97.528	-7.1349
265.000000	97.529	-7.0117
269.000000	97.531	-6.8265
272.000000	97.530	-6.6765
276.000000	97.526	-6.4575
280.000000	97.526	-6.2473
285.000000	97.526	-5.9670
290.000000	97.526	-5.6977
295.000000	97.525	-5.4370
300.000000	97.524	-5.1760
304.000000	97.526	-4.9721
307.000000	97.526	-4.8251
311.000000	97.528	-4.6284
315.000000	97.528	-4.4411
320.000000	97.529	-4.2072
325.000000	97.531	-3.9814
330.000000	97.533	-3.7706
335.000000	97.535	-3.5546
340.000000	97.536	-3.3484
345.000000	97.538	-3.1541
350.000000	97.539	-2.9480
355.000000	97.540	-2.7635
360.000000	97.542	-2.5821
365.000000	97.542	-2.4013
370.000000	97.542	-2.2414
375.000000	97.544	-2.0698
382.000000	97.543	-1.8360
387.000000	97.542	-1.6689
395.000000	97.543	-1.4256
400.000000	97.542	-1.2849
406.000000	97.541	-1.1028
412.000000	97.538	-0.9179
418.000000	97.537	-0.7516
425.000000	97.534	-0.5498
431.000000	97.531	-0.3659
437.000000	97.530	-0.2097
444.000000	97.526	-0.0027
450.000000	97.526	0.1764
455.000000	97.524	0.3294
462.000000	97.527	0.5115
468.000000	97.528	0.6775
475.000000	97.534	0.8499
482.000000	97.537	0.9985
487.000000	97.542	1.0868
494.000000	97.543	1.1813
500.000000	97.541	1.2747
508.000000	97.538	1.3712
515.000000	97.533	1.4519
522.000000	97.524	1.5473
530.000000	97.509	1.6464
538.000000	97.496	1.7548
545.000000	97.483	1.8510
552.000000	97.467	1.9578
560.000000	97.449	2.0915
570.000000	97.426	2.2525
580.000000	97.404	2.4243
590.000000	97.378	2.5964
600.000000	97.350	2.7794
608.000000	97.326	2.9349
615.000000	97.309	3.0659
622.000000	97.288	3.2049
630.000000	97.264	3.3648
640.000000	97.234	3.5436
650.000000	97.202	3.7453
660.000000	97.168	3.9465
670.000000	97.131	4.1594
680.000000	97.093	4.3652
690.000000	97.050	4.6099
700.000000	97.007	4.8473
710.000000	96.958	5.0977
720.000000	96.911	5.3838
730.000000	96.859	5.6928
740.000000	96.807	6.0217
750.000000	96.753	6.3808
762.000000	96.687	6.8636
775.000000	96.619	7.4348
788.000000	96.551	8.0513
800.000000	96.490	8.6810
812.000000	96.433	9.3559
825.000000	96.376	10.1340
838.000000	96.323	10.9554
850.000000	96.281	11.7567
862.000000	96.245	12.5977
875.000000	96.213	13.5104
885.000000	96.195	14.2494
900.000000	96.177	15.3818
912.000000	96.170	16.2888
925.000000	96.171	17.2762
938.000000	96.184	18.2784
950.000000	96.200	19.1966
962.000000	96.228	20.1087
975.000000	96.264	21.0820
988.000000	96.309	22.0340
1000.000000	96.354	22.8974
1015.000000	96.423	23.9415
1030.000000	96.500	24.9467
1044.000000	96.578	25.8337
1060.000000	96.673	26.7901
1075.000000	96.773	27.6324
1090.000000	96.873	28.4144
1106.000000	96.985	29.1932
1120.000000	97.083	29.8147
1138.000000	97.217	30.5444
1150.000000	97.303	30.9987
1172.000000	97.462	31.7457
1180.000000	97.521	31.9718
1206.000000	97.703	32.6736
1220.000000	97.800	32.9901
1241.000000	97.939	33.4200
1250.000000	97.998	33.5786
1265.000000	98.090	33.8414
1280.000000	98.179	34.0774
1315.000000	98.377	34.5640
1320.000000	98.404	34.6218
1340.000000	98.506	34.8751
1360.000000	98.604	35.0885
1380.000000	98.699	35.3246
1400.000000	98.788	35.5337
1430.000000	98.917	35.8516
1450.000000	99.000	36.0831
1475.000000	99.101	36.3472
1500.000000	99.199	36.6185
1525.000000	99.296	36.9065
1550.000000	99.390	37.1841
1575.000000	99.485	37.4768
1600.000000	99.582	37.7617
1625.000000	99.675	38.0533
1650.000000	99.772	38.3375
1675.000000	99.869	38.6122
1700.000000	99.969	38.8880
1725.000000	100.067	39.1488
1750.000000	100.169	39.3979
1775.000000	100.270	39.6421
1800.000000	100.374	39.8720
1825.000000	100.477	40.0750
1850.000000	100.585	40.2756
1875.000000	100.693	40.4467
1900.000000	100.800	40.5968
1925.000000	100.911	40.7353
1950.000000	101.020	40.8385
1975.000000	101.132	40.9319
2000.000000	101.242	40.9872
2030.000000	101.378	41.0272
2060.000000	101.511	41.0239
2090.000000	101.644	40.9733
2120.000000	101.777	40.8954
2140.000000	101.865	40.8110
2180.000000	102.038	40.5964
2200.000000	102.125	40.4651
2240.000000	102.289	40.1335
2270.000000	102.410	39.8368
2300.000000	102.526	39.5027
2330.000000	102.637	39.1234
2360.000000	102.744	38.7062
2400.000000	102.876	38.1080
2430.000000	102.971	37.6309
2470.000000	103.085	36.9481
2500.000000	103.164	36.3947
2540.000000	103.255	35.6515
2580.000000	103.334	34.8848
2620.000000	103.400	34.1007
2650.000000	103.441	33.5169
2690.000000	103.485	32.7576
2720.000000	103.510	32.1944
2760.000000	103.534	31.4787
2800.000000	103.550	30.7973
2850.000000	103.565	29.9935
2900.000000	103.572	29.2106
2950.000000	103.569	28.4361
3000.000000	103.550	27.7093
3040.000000	103.529	27.1591
3070.000000	103.510	26.7870
3110.000000	103.482	26.3574
3150.000000	103.452	25.9663
3200.000000	103.416	25.5489
3250.000000	103.383	25.2036
3300.000000	103.356	24.9015
3350.000000	103.336	24.6389
3400.000000	103.322	24.4163
3450.000000	103.317	24.1945
3500.000000	103.320	23.9673
3550.000000	103.331	23.7139
3600.000000	103.350	23.4161
3650.000000	103.374	23.0473
3700.000000	103.400	22.6083
3750.000000	103.425	22.0753
3820.000000	103.450	21.1765
3870.000000	103.458	20.4649
3950.000000	103.447	19.2118
4000.000000	103.427	18.3519
4060.000000	103.378	17.2799
4120.000000	103.307	16.1840
4180.000000	103.207	15.1440
4250.000000	103.067	14.0523
4310.000000	102.939	13.2433
4370.000000	102.809	12.4785
4440.000000	102.654	11.6396
4500.000000	102.515	10.8865
4550.000000	102.393	10.2328
4620.000000	102.201	9.2975
4680.000000	102.015	8.4715
4750.000000	101.766	7.5593
4820.000000	101.475	6.7452
4870.000000	101.247	6.2794
4940.000000	100.895	5.8055
5000.000000	100.570	5.6415
5080.000000	100.109	5.7897
5150.000000	99.696	6.3331
5220.000000	99.278	7.2886
5300.000000	98.818	8.9146
5380.000000	98.394	11.0765
5450.000000	98.064	13.3946
5520.000000	97.794	16.0053
5600.000000	97.565	19.2597
5700.000000	97.407	23.5153
5800.000000	97.389	27.6871
5900.000000	97.492	31.6063
6000.000000	97.699	35.0298
6080.000000	97.906	37.3341
6150.000000	98.115	39.0389
6220.000000	98.335	40.4817
6300.000000	98.589	41.8138
6400.000000	98.904	43.0998
6500.000000	99.207	44.0040
6600.000000	99.496	44.6304
6700.000000	99.767	45.0796
6800.000000	100.043	45.2866
6900.000000	100.295	45.2551
7000.000000	100.530	45.1483
7100.000000	100.764	45.0249
7200.000000	101.018	44.8355
7300.000000	101.303	44.3954
7400.000000	101.603	43.6351
7500.000000	101.917	42.4983
7620.000000	102.305	40.4718
7750.000000	102.685	37.1561
7880.000000	102.926	32.8513
8000.000000	102.983	28.3702
8120.000000	102.861	23.9064
8250.000000	102.565	19.5848
8380.000000	102.172	16.1116
8500.000000	101.780	13.5430
8620.000000	101.390	11.5025
8750.000000	100.982	9.8188
8850.000000	100.702	8.7853
9000.000000	100.360	7.4623
9120.000000	100.160	6.2446
9250.000000	99.978	4.2474
9380.000000	99.744	1.5341
9500.000000	99.348	-1.3749
9620.000000	98.755	-3.4921
9750.000000	98.086	-3.6290
9880.000000	97.647	-2.6890
10000.000000	97.394	-1.8412
10150.000000	97.219	-1.2421
10300.000000	97.109	-1.1326
10440.000000	97.042	-1.4566
10600.000000	96.982	-2.1092
10750.000000	96.939	-2.9515
10900.000000	96.904	-3.9840
11060.000000	96.870	-5.1787
11200.000000	96.848	-6.3446
11380.000000	96.822	-7.8724
11500.000000	96.821	-8.8737
11720.000000	96.895	-10.6643
11800.000000	96.947	-11.3884
12060.000000	97.272	-14.3687
12200.000000	97.524	-16.7579
12410.000000	97.921	-22.0439
12500.000000	98.055	-24.9653
12650.000000	98.153	-30.6732
12800.000000	98.014	-36.8238
13150.000000	96.882	-47.4351
13200.000000	96.690	-48.1428
13400.000000	96.135	-48.8306
13600.000000	96.139	-47.4843
13800.000000	96.865	-46.4830
14000.000000	98.284	-48.3319
14300.000000	101.296	-60.9113
14500.000000	103.350	-78.7719
14750.000000	104.689	-110.3737
15000.000000	104.276	-142.0118
15250.000000	103.207	-168.5284
15500.000000	102.144	167.6509
15750.000000	101.116	144.2098
16000.000000	99.896	120.9933
16250.000000	98.617	100.6831
16500.000000	97.886	81.9752
16750.000000	97.752	61.5154
17000.000000	98.020	36.7372
17250.000000	98.354	6.2148
17500.000000	98.289	-30.3785
17750.000000	97.337	-69.7342
18000.000000	96.125	-109.0297
18250.000000	94.444	-151.4187
18500.000000	92.534	168.6901
18750.000000	91.577	125.4933
19000.000000	90.698	69.7992
19250.000000	88.793	4.3002
19500.000000	86.059	-67.8330
19750.000000	82.675	-148.7568
