* Measurement data measured by REW V5.31.3
* Source: USB-C to 3.5mm Headphone Jack Adapter, , 0, volume: 0.138
* Format: 256k Log Swept Sine, 1 sweep at -12.0 dBFS with no timing reference
* Dated: Nov 11, 2025 7:26:03 PM
* REW Settings:
*  C-weighting compensation: Off
*  Target level: 75.0 dB
* Note: ; 
* Measurement: L
* Smoothing: None
* Frequency Step: 1/48 octave
* Start Frequency: 20.000 Hz
*
* Freq(Hz)	SPL(dB)	Phase(degrees)
20.000000	104.590	12.4530
20.299999	104.593	11.9742
20.600000	104.593	11.5049
20.900000	104.592	11.0523
21.200001	104.590	10.6216
21.400000	104.589	10.3463
21.799999	104.590	9.8137
22.000000	104.591	9.5501
22.400000	104.597	9.0166
22.700001	104.601	8.6049
23.000000	104.604	8.1855
23.299999	104.604	7.7643
23.600000	104.603	7.3487
24.000000	104.599	6.8119
24.299999	104.595	6.4226
24.700001	104.590	5.9162
25.000000	104.586	5.5417
25.400000	104.580	5.0484
25.799999	104.572	4.5688
26.200001	104.564	4.1117
26.500000	104.558	3.7846
26.900000	104.553	3.3608
27.200001	104.551	3.0436
27.600000	104.548	2.6109
28.000000	104.545	2.1673
28.500000	104.536	1.6157
29.000000	104.524	1.0931
29.500000	104.511	0.6019
30.000000	104.501	0.1227
30.400000	104.492	-0.2601
30.700001	104.484	-0.5446
31.100000	104.473	-0.9145
31.500000	104.462	-1.2702
32.000000	104.449	-1.7021
32.500000	104.438	-2.1358
33.000000	104.426	-2.5792
33.500000	104.412	-3.0247
34.000000	104.395	-3.4579
34.500000	104.377	-3.8696
35.000000	104.360	-4.2625
35.500000	104.346	-4.6495
36.000000	104.333	-5.0459
36.500000	104.319	-5.4561
37.000000	104.302	-5.8663
37.500000	104.283	-6.2565
38.200001	104.255	-6.7589
38.700001	104.239	-7.1024
39.500000	104.214	-7.6564
40.000000	104.197	-8.0028
40.599998	104.177	-8.4127
41.200001	104.157	-8.8219
41.799999	104.135	-9.2335
42.500000	104.106	-9.7044
43.099998	104.080	-10.0918
43.700001	104.055	-10.4723
44.400002	104.026	-10.9184
45.000000	104.000	-11.2991
45.500000	103.978	-11.6095
46.200001	103.947	-12.0278
46.799999	103.922	-12.3715
47.500000	103.897	-12.7753
48.200001	103.871	-13.2059
48.700001	103.850	-13.5184
49.400002	103.815	-13.9206
50.000000	103.786	-14.2258
50.799999	103.753	-14.6213
51.500000	103.726	-14.9879
52.200001	103.693	-15.3629
53.000000	103.652	-15.7649
53.799999	103.613	-16.1457
54.500000	103.579	-16.4944
55.200001	103.541	-16.8337
56.000000	103.503	-17.2021
57.000000	103.455	-17.7276
58.000000	103.401	-18.1814
59.000000	103.367	-18.6948
60.000000	103.302	-19.2893
60.799999	103.246	-19.5286
61.500000	103.222	-19.7324
62.200001	103.198	-20.0473
63.000000	103.155	-20.3908
64.000000	103.104	-20.7433
65.000000	103.053	-21.1253
66.000000	102.998	-21.4830
67.000000	102.945	-21.8540
68.000000	102.889	-22.2263
69.000000	102.838	-22.5759
70.000000	102.789	-22.9761
71.000000	102.732	-23.3668
72.000000	102.676	-23.6940
73.000000	102.623	-24.0211
74.000000	102.569	-24.3136
75.000000	102.519	-24.6290
76.199997	102.448	-25.0142
77.500000	102.376	-25.3851
78.800003	102.295	-25.7979
80.000000	102.227	-26.0689
81.199997	102.167	-26.4193
82.500000	102.090	-26.7652
83.800003	102.019	-27.0628
85.000000	101.953	-27.3724
86.199997	101.878	-27.6615
87.500000	101.802	-27.9296
88.500000	101.747	-28.1522
90.000000	101.662	-28.5227
91.199997	101.587	-28.7690
92.500000	101.518	-29.0039
93.800003	101.441	-29.2756
95.000000	101.373	-29.4753
96.199997	101.299	-29.7081
97.500000	101.224	-29.8756
98.800003	101.146	-30.1187
100.000000	101.077	-30.2773
101.500000	100.984	-30.5173
103.000000	100.906	-30.7003
104.400002	100.822	-30.9015
106.000000	100.730	-31.0820
107.500000	100.648	-31.2318
109.000000	100.560	-31.3810
110.599998	100.463	-31.5157
112.000000	100.386	-31.6406
113.800003	100.282	-31.7740
115.000000	100.215	-31.9237
117.199997	100.095	-32.0541
118.000000	100.044	-32.1043
120.599998	99.918	-32.2051
122.000000	99.825	-32.2552
124.099998	99.704	-32.3146
125.000000	99.656	-32.2958
126.500000	99.576	-32.3803
128.000000	99.497	-32.3873
131.500000	99.307	-32.3688
132.000000	99.283	-32.3558
134.000000	99.172	-32.3406
136.000000	99.065	-32.3040
138.000000	98.964	-32.2764
140.000000	98.873	-32.1802
143.000000	98.712	-32.0440
145.000000	98.620	-31.8843
147.500000	98.497	-31.7124
150.000000	98.379	-31.5146
152.500000	98.263	-31.2720
155.000000	98.147	-31.0813
157.500000	98.032	-30.7881
160.000000	97.922	-30.6011
162.500000	97.816	-30.2270
165.000000	97.706	-29.9521
167.500000	97.601	-29.6861
170.000000	97.515	-29.3436
172.500000	97.415	-28.9084
175.000000	97.306	-28.5410
177.500000	97.223	-28.2000
180.000000	97.129	-27.7583
182.500000	97.036	-27.3480
185.000000	96.956	-26.9089
187.500000	96.862	-26.4667
190.000000	96.789	-25.9209
192.500000	96.698	-25.3095
195.000000	96.642	-24.7653
197.500000	96.583	-23.9727
200.000000	96.559	-23.3108
203.000000	96.529	-22.6765
206.000000	96.509	-22.1119
209.000000	96.510	-21.5940
212.000000	96.492	-21.3653
214.000000	96.458	-20.9753
218.000000	96.396	-20.6490
220.000000	96.373	-20.3085
224.000000	96.314	-19.7108
227.000000	96.272	-19.3276
230.000000	96.244	-18.8479
233.000000	96.212	-18.3368
236.000000	96.179	-17.8449
240.000000	96.153	-17.4013
243.000000	96.133	-16.9108
247.000000	96.112	-16.3354
250.000000	96.109	-15.8895
254.000000	96.099	-15.3756
258.000000	96.080	-14.7283
262.000000	96.066	-14.2966
265.000000	96.072	-13.9313
269.000000	96.060	-13.4569
272.000000	96.057	-13.1176
276.000000	96.060	-12.7229
280.000000	96.068	-12.3035
285.000000	96.073	-11.8073
290.000000	96.078	-11.3895
295.000000	96.090	-10.9173
300.000000	96.097	-10.5661
304.000000	96.102	-10.2164
307.000000	96.112	-10.0637
311.000000	96.115	-9.7649
315.000000	96.132	-9.4693
320.000000	96.138	-9.2495
325.000000	96.168	-8.9519
330.000000	96.174	-8.6509
335.000000	96.171	-8.4751
340.000000	96.192	-8.2410
345.000000	96.199	-8.0176
350.000000	96.213	-7.8373
355.000000	96.218	-7.7196
360.000000	96.220	-7.5809
365.000000	96.224	-7.4380
370.000000	96.228	-7.2845
375.000000	96.238	-7.1277
382.000000	96.228	-6.9217
387.000000	96.233	-6.7743
395.000000	96.231	-6.6760
400.000000	96.232	-6.5145
406.000000	96.224	-6.3889
412.000000	96.223	-6.2918
418.000000	96.214	-6.1604
425.000000	96.213	-6.0235
431.000000	96.208	-5.8692
437.000000	96.209	-5.8340
444.000000	96.213	-5.6816
450.000000	96.206	-5.6307
455.000000	96.207	-5.6551
462.000000	96.203	-5.6619
468.000000	96.189	-5.6549
475.000000	96.170	-5.6791
482.000000	96.157	-5.6789
487.000000	96.128	-5.6661
494.000000	96.098	-5.6714
500.000000	96.072	-5.6405
508.000000	96.034	-5.5804
515.000000	95.996	-5.5342
522.000000	95.958	-5.4860
530.000000	95.916	-5.3955
538.000000	95.866	-5.3107
545.000000	95.830	-5.1777
552.000000	95.787	-5.0718
560.000000	95.730	-4.9145
570.000000	95.671	-4.6948
580.000000	95.607	-4.4803
590.000000	95.539	-4.2382
600.000000	95.478	-3.9624
608.000000	95.421	-3.6901
615.000000	95.373	-3.4864
622.000000	95.330	-3.2399
630.000000	95.279	-2.9303
640.000000	95.213	-2.5618
650.000000	95.155	-2.1259
660.000000	95.090	-1.6753
670.000000	95.032	-1.1844
680.000000	94.970	-0.7214
690.000000	94.916	-0.2220
700.000000	94.872	0.2915
710.000000	94.815	0.8238
720.000000	94.764	1.3695
730.000000	94.719	1.9793
740.000000	94.679	2.5534
750.000000	94.646	3.1590
762.000000	94.601	3.8858
775.000000	94.568	4.7142
788.000000	94.537	5.5432
800.000000	94.512	6.2838
812.000000	94.488	7.0526
825.000000	94.472	7.8556
838.000000	94.459	8.6468
850.000000	94.445	9.4217
862.000000	94.439	10.2006
875.000000	94.432	11.0479
885.000000	94.436	11.6924
900.000000	94.442	12.6724
912.000000	94.456	13.4823
925.000000	94.477	14.3308
938.000000	94.502	15.1644
950.000000	94.530	15.9345
962.000000	94.566	16.6913
975.000000	94.609	17.4818
988.000000	94.656	18.2518
1000.000000	94.705	18.9492
1015.000000	94.773	19.7927
1030.000000	94.846	20.5831
1044.000000	94.917	21.2597
1060.000000	95.004	22.0044
1075.000000	95.087	22.6629
1090.000000	95.169	23.2626
1106.000000	95.264	23.8284
1120.000000	95.343	24.3003
1138.000000	95.446	24.8429
1150.000000	95.511	25.1549
1172.000000	95.634	25.6786
1180.000000	95.679	25.8696
1206.000000	95.808	26.3554
1220.000000	95.878	26.6094
1241.000000	95.971	26.9403
1250.000000	96.009	27.0751
1265.000000	96.072	27.2889
1280.000000	96.128	27.4754
1315.000000	96.249	27.9276
1320.000000	96.265	27.9725
1340.000000	96.327	28.2385
1360.000000	96.381	28.4820
1380.000000	96.435	28.7526
1400.000000	96.482	29.0320
1430.000000	96.550	29.4563
1450.000000	96.595	29.7907
1475.000000	96.648	30.2015
1500.000000	96.701	30.6604
1525.000000	96.753	31.1071
1550.000000	96.812	31.6080
1575.000000	96.868	32.1019
1600.000000	96.931	32.6458
1625.000000	96.992	33.1942
1650.000000	97.058	33.7257
1675.000000	97.129	34.2903
1700.000000	97.204	34.8326
1725.000000	97.283	35.3939
1750.000000	97.366	35.9598
1775.000000	97.455	36.5189
1800.000000	97.551	37.0741
1825.000000	97.648	37.6204
1850.000000	97.750	38.1491
1875.000000	97.861	38.6591
1900.000000	97.973	39.1482
1925.000000	98.092	39.6162
1950.000000	98.215	40.0551
1975.000000	98.343	40.4692
2000.000000	98.477	40.8486
2030.000000	98.642	41.2544
2060.000000	98.812	41.5920
2090.000000	98.989	41.8957
2120.000000	99.171	42.1245
2140.000000	99.293	42.2311
2180.000000	99.546	42.3502
2200.000000	99.672	42.3645
2240.000000	99.931	42.2486
2270.000000	100.123	42.0703
2300.000000	100.317	41.7828
2330.000000	100.507	41.3944
2360.000000	100.692	40.9179
2400.000000	100.926	40.1405
2430.000000	101.097	39.4583
2470.000000	101.307	38.3845
2500.000000	101.451	37.4939
2540.000000	101.621	36.1992
2580.000000	101.765	34.7919
2620.000000	101.879	33.3175
2650.000000	101.946	32.1881
2690.000000	102.015	30.6578
2720.000000	102.049	29.5002
2760.000000	102.068	27.9322
2800.000000	102.055	26.3984
2850.000000	101.997	24.5488
2900.000000	101.895	22.8959
2950.000000	101.758	21.4612
3000.000000	101.596	20.2864
3040.000000	101.458	19.5287
3070.000000	101.351	19.0739
3110.000000	101.210	18.6057
3150.000000	101.070	18.2845
3200.000000	100.904	18.0290
3250.000000	100.746	17.9334
3300.000000	100.600	17.9579
3350.000000	100.463	18.1126
3400.000000	100.337	18.3596
3450.000000	100.225	18.7348
3500.000000	100.132	19.1660
3550.000000	100.056	19.6064
3600.000000	99.989	20.0835
3650.000000	99.937	20.5431
3700.000000	99.892	21.0127
3750.000000	99.850	21.4730
3820.000000	99.802	22.1545
3870.000000	99.778	22.6611
3950.000000	99.744	23.3157
4000.000000	99.648	23.7407
4060.000000	99.615	25.5536
4120.000000	99.712	27.0120
4180.000000	99.852	27.8034
4250.000000	99.984	28.8301
4310.000000	100.160	29.8136
4370.000000	100.409	30.5414
4440.000000	100.766	30.7260
4500.000000	101.079	30.1898
4550.000000	101.319	29.3431
4620.000000	101.604	27.6344
4680.000000	101.793	25.8584
4750.000000	101.946	23.5100
4820.000000	102.030	20.9489
4870.000000	102.043	19.0332
4940.000000	101.993	16.2737
5000.000000	101.885	13.9218
5080.000000	101.649	10.9420
5150.000000	101.360	8.6038
5220.000000	101.002	6.6164
5300.000000	100.536	4.8731
5380.000000	100.023	3.7943
5450.000000	99.564	3.3577
5520.000000	99.101	3.4050
5600.000000	98.584	4.0082
5700.000000	97.980	5.5090
5800.000000	97.445	7.7493
5900.000000	96.991	10.5663
6000.000000	96.632	13.8890
6080.000000	96.427	16.7929
6150.000000	96.303	19.4825
6220.000000	96.244	22.2624
6300.000000	96.258	25.4359
6400.000000	96.404	29.2891
6500.000000	96.690	32.7526
6600.000000	97.120	35.6282
6700.000000	97.674	37.5315
6800.000000	98.325	38.1023
6900.000000	98.991	36.8815
7000.000000	99.529	33.7422
7100.000000	99.786	29.3168
7200.000000	99.718	24.8589
7300.000000	99.404	21.2313
7400.000000	98.938	18.9124
7500.000000	98.431	18.0000
7620.000000	97.889	18.4599
7750.000000	97.467	20.1413
7880.000000	97.233	22.4088
8000.000000	97.187	24.4812
8120.000000	97.281	26.3394
8250.000000	97.521	27.7198
8380.000000	97.870	28.2009
8500.000000	98.246	27.5927
8620.000000	98.616	25.8761
8750.000000	98.937	22.8264
8850.000000	99.087	19.8524
9000.000000	99.104	14.8453
9120.000000	98.939	10.9320
9250.000000	98.622	7.2355
9380.000000	98.226	4.3296
9500.000000	97.840	2.3022
9620.000000	97.478	0.8686
9750.000000	97.141	-0.4184
9880.000000	96.854	-1.6667
10000.000000	96.602	-3.0666
10150.000000	96.198	-4.8860
10300.000000	95.670	-5.9020
10440.000000	95.232	-5.3726
10600.000000	94.973	-3.7683
10750.000000	94.978	-2.6098
10900.000000	95.151	-2.3291
11060.000000	95.406	-3.2918
11200.000000	95.634	-5.1324
11380.000000	95.862	-8.6830
11500.000000	95.909	-11.4263
11720.000000	95.957	-15.9445
11800.000000	96.007	-17.7111
12060.000000	96.186	-24.8167
12200.000000	96.227	-29.6277
12410.000000	96.109	-37.8042
12500.000000	95.972	-41.4288
12650.000000	95.639	-47.2615
12800.000000	95.224	-52.5422
13150.000000	94.244	-62.2898
13200.000000	94.128	-63.3986
13400.000000	93.793	-67.7079
13600.000000	93.671	-71.9261
13800.000000	93.815	-76.3851
14000.000000	94.223	-81.8071
14300.000000	95.433	-92.3617
14500.000000	96.708	-102.7109
14750.000000	98.699	-122.7449
15000.000000	100.217	-154.7098
15250.000000	99.580	167.6814
15500.000000	97.474	138.4245
15750.000000	95.543	116.6097
16000.000000	94.081	95.6630
16250.000000	92.467	74.4773
16500.000000	90.974	56.4562
16750.000000	90.094	38.9982
17000.000000	89.782	19.3036
17250.000000	89.966	-4.2391
17500.000000	90.602	-33.4492
17750.000000	91.607	-71.5076
18000.000000	92.240	-122.6733
18250.000000	91.078	176.3327
18500.000000	88.331	117.5642
18750.000000	85.511	61.9163
19000.000000	83.225	4.0055
19250.000000	81.525	-60.8080
19500.000000	79.948	-135.7488
19750.000000	78.165	136.7083
