* Measurement data measured by REW V5.31.3
* Source: USB-C to 3.5mm Headphone Jack Adapter, USB-C to 3.5mm Headphone Jack Adapter, 0, volume: 0.138
* Format: 256k Log Swept Sine, 1 sweep at -12.0 dBFS with no timing reference
* Dated: Mar 28, 2025 12:34:06 PM
* REW Settings:
*  C-weighting compensation: Off
*  Target level: 75.0 dB
* Note: sm orange
* Measurement: L
* Smoothing: None
* Frequency Step: 1/48 octave
* Start Frequency: 20.300 Hz
*
* Freq(Hz)	SPL(dB)	Phase(degrees)
20.299999	104.322	31.4103
20.600000	104.342	30.7189
20.900000	104.356	30.0882
21.200001	104.371	29.4461
21.400000	104.381	29.0081
21.799999	104.400	28.1203
22.000000	104.410	27.6807
22.400000	104.427	26.8330
22.700001	104.440	26.2381
23.000000	104.453	25.6756
23.299999	104.468	25.1333
23.600000	104.482	24.5952
24.000000	104.499	23.8655
24.299999	104.509	23.3088
24.700001	104.516	22.5700
25.000000	104.520	22.0333
25.400000	104.524	21.3526
25.799999	104.532	20.7078
26.200001	104.543	20.0828
26.500000	104.553	19.6181
26.900000	104.564	18.9995
27.200001	104.571	18.5375
27.600000	104.578	17.9283
28.000000	104.584	17.3284
28.500000	104.590	16.5908
29.000000	104.595	15.8673
29.500000	104.599	15.1656
30.000000	104.600	14.4948
30.400000	104.599	13.9801
30.700001	104.597	13.6034
31.100000	104.594	13.1077
31.500000	104.590	12.6142
32.000000	104.584	11.9974
32.500000	104.578	11.3839
33.000000	104.572	10.7823
33.500000	104.565	10.2003
34.000000	104.558	9.6404
34.500000	104.551	9.0967
35.000000	104.543	8.5596
35.500000	104.533	8.0249
36.000000	104.521	7.4973
36.500000	104.508	6.9831
37.000000	104.497	6.4819
37.500000	104.486	5.9879
38.200001	104.470	5.3032
38.700001	104.456	4.8256
39.500000	104.429	4.1009
40.000000	104.413	3.6682
40.599998	104.396	3.1492
41.200001	104.379	2.6261
41.799999	104.361	2.1197
42.500000	104.339	1.5573
43.099998	104.320	1.0681
43.700001	104.296	0.5688
44.400002	104.268	0.0207
45.000000	104.248	-0.4190
45.500000	104.233	-0.7831
46.200001	104.207	-1.2824
46.799999	104.184	-1.7039
47.500000	104.158	-2.2399
48.200001	104.130	-2.7842
48.700001	104.115	-3.1258
49.400002	104.103	-3.5877
50.000000	104.083	-4.0056
50.799999	104.026	-4.4622
51.500000	103.979	-4.8049
52.200001	103.936	-5.2606
53.000000	103.887	-5.7484
53.799999	103.864	-6.1413
54.500000	103.843	-6.5601
55.200001	103.803	-6.9222
56.000000	103.765	-7.3060
57.000000	103.708	-7.8846
58.000000	103.672	-8.2761
59.000000	103.624	-8.9158
60.000000	103.557	-9.1573
60.799999	103.555	-9.5936
61.500000	103.499	-10.1431
62.200001	103.435	-10.2827
63.000000	103.434	-10.5123
64.000000	103.369	-11.2414
65.000000	103.296	-11.3351
66.000000	103.281	-11.8595
67.000000	103.194	-12.3484
68.000000	103.151	-12.5136
69.000000	103.116	-12.9398
70.000000	103.041	-13.3479
71.000000	102.986	-13.5405
72.000000	102.962	-13.9191
73.000000	102.891	-14.3535
74.000000	102.819	-14.4859
75.000000	102.789	-14.7149
76.199997	102.721	-15.2548
77.500000	102.633	-15.4136
78.800003	102.595	-15.8144
80.000000	102.511	-16.1728
81.199997	102.438	-16.3722
82.500000	102.382	-16.6264
83.800003	102.315	-16.9540
85.000000	102.237	-17.1418
86.199997	102.173	-17.3471
87.500000	102.110	-17.5533
88.500000	102.061	-17.7332
90.000000	101.977	-17.9848
91.199997	101.912	-18.1604
92.500000	101.844	-18.3117
93.800003	101.779	-18.4505
95.000000	101.722	-18.5852
96.199997	101.660	-18.7543
97.500000	101.588	-18.9140
98.800003	101.517	-19.0077
100.000000	101.458	-19.0713
101.500000	101.388	-19.1703
103.000000	101.318	-19.2713
104.400002	101.252	-19.3679
106.000000	101.176	-19.4442
107.500000	101.102	-19.4966
109.000000	101.031	-19.5754
110.599998	100.953	-19.5912
112.000000	100.887	-19.6151
113.800003	100.808	-19.6041
115.000000	100.753	-19.6110
117.199997	100.659	-19.5751
118.000000	100.623	-19.5566
120.599998	100.517	-19.5556
122.000000	100.465	-19.4595
124.099998	100.377	-19.4039
125.000000	100.342	-19.3707
126.500000	100.283	-19.2988
128.000000	100.224	-19.2256
131.500000	100.096	-19.0447
132.000000	100.077	-19.0163
134.000000	100.009	-18.8730
136.000000	99.937	-18.7291
138.000000	99.876	-18.5792
140.000000	99.809	-18.4230
143.000000	99.714	-18.1532
145.000000	99.652	-17.9830
147.500000	99.585	-17.7951
150.000000	99.518	-17.4969
152.500000	99.442	-17.2538
155.000000	99.385	-17.0387
157.500000	99.324	-16.7275
160.000000	99.259	-16.5199
162.500000	99.214	-16.1962
165.000000	99.150	-15.9466
167.500000	99.112	-15.6627
170.000000	99.055	-15.3775
172.500000	99.017	-15.0984
175.000000	98.967	-14.8395
177.500000	98.927	-14.5146
180.000000	98.889	-14.2609
182.500000	98.849	-13.9767
185.000000	98.818	-13.6703
187.500000	98.788	-13.4413
190.000000	98.748	-13.1415
192.500000	98.721	-12.8617
195.000000	98.695	-12.5973
197.500000	98.667	-12.3383
200.000000	98.643	-12.0720
203.000000	98.613	-11.7620
206.000000	98.588	-11.4527
209.000000	98.566	-11.1545
212.000000	98.543	-10.8536
214.000000	98.527	-10.6736
218.000000	98.501	-10.3047
220.000000	98.489	-10.1011
224.000000	98.465	-9.7366
227.000000	98.449	-9.4920
230.000000	98.435	-9.2257
233.000000	98.421	-8.9688
236.000000	98.409	-8.7226
240.000000	98.403	-8.4281
243.000000	98.382	-8.1705
247.000000	98.372	-7.8688
250.000000	98.362	-7.6447
254.000000	98.351	-7.3525
258.000000	98.343	-7.0723
262.000000	98.331	-6.7927
265.000000	98.326	-6.5983
269.000000	98.318	-6.3364
272.000000	98.313	-6.1377
276.000000	98.308	-5.8842
280.000000	98.304	-5.6365
285.000000	98.303	-5.3416
290.000000	98.301	-5.0781
295.000000	98.301	-4.8168
300.000000	98.303	-4.5771
304.000000	98.297	-4.4047
307.000000	98.297	-4.2848
311.000000	98.294	-4.1132
315.000000	98.291	-3.9499
320.000000	98.289	-3.7574
325.000000	98.285	-3.5620
330.000000	98.283	-3.3634
335.000000	98.276	-3.1886
340.000000	98.273	-3.0063
345.000000	98.271	-2.8310
350.000000	98.268	-2.6510
355.000000	98.263	-2.4947
360.000000	98.258	-2.3384
365.000000	98.254	-2.1677
370.000000	98.250	-2.0175
375.000000	98.246	-1.8576
382.000000	98.238	-1.6368
387.000000	98.235	-1.4849
395.000000	98.225	-1.2646
400.000000	98.222	-1.1225
406.000000	98.215	-0.9459
412.000000	98.207	-0.7871
418.000000	98.204	-0.6098
425.000000	98.194	-0.4146
431.000000	98.188	-0.2669
437.000000	98.180	-0.0959
444.000000	98.171	0.0853
450.000000	98.166	0.2480
455.000000	98.157	0.3832
462.000000	98.150	0.5748
468.000000	98.145	0.7475
475.000000	98.140	0.9160
482.000000	98.132	1.1011
487.000000	98.127	1.2266
494.000000	98.119	1.3869
500.000000	98.112	1.5256
508.000000	98.102	1.7260
515.000000	98.095	1.8900
522.000000	98.086	2.0674
530.000000	98.077	2.2801
538.000000	98.068	2.4726
545.000000	98.059	2.6328
552.000000	98.048	2.8199
560.000000	98.042	3.0288
570.000000	98.029	3.2565
580.000000	98.019	3.4952
590.000000	98.005	3.7408
600.000000	97.993	3.9862
608.000000	97.986	4.1606
615.000000	97.976	4.3142
622.000000	97.966	4.4743
630.000000	97.954	4.6582
640.000000	97.937	4.8886
650.000000	97.921	5.1411
660.000000	97.904	5.4232
670.000000	97.885	5.6925
680.000000	97.875	5.9984
690.000000	97.869	6.2994
700.000000	97.861	6.5627
710.000000	97.856	6.8145
720.000000	97.847	7.0448
730.000000	97.837	7.2619
740.000000	97.826	7.4779
750.000000	97.813	7.7161
762.000000	97.795	8.0001
775.000000	97.774	8.3210
788.000000	97.751	8.6306
800.000000	97.729	8.9392
812.000000	97.703	9.2680
825.000000	97.675	9.6482
838.000000	97.647	10.0618
850.000000	97.622	10.4369
862.000000	97.598	10.8636
875.000000	97.575	11.3364
885.000000	97.555	11.7127
900.000000	97.532	12.3045
912.000000	97.516	12.8033
925.000000	97.502	13.3474
938.000000	97.493	13.9470
950.000000	97.489	14.4752
962.000000	97.486	15.0180
975.000000	97.491	15.6220
988.000000	97.500	16.2097
1000.000000	97.509	16.7701
1015.000000	97.529	17.4498
1030.000000	97.555	18.1263
1044.000000	97.585	18.7418
1060.000000	97.625	19.4105
1075.000000	97.668	20.0012
1090.000000	97.715	20.5963
1106.000000	97.767	21.1501
1120.000000	97.814	21.6377
1138.000000	97.880	22.1947
1150.000000	97.925	22.5398
1172.000000	98.005	23.1153
1180.000000	98.033	23.3130
1206.000000	98.126	23.8833
1220.000000	98.171	24.1526
1241.000000	98.241	24.5280
1250.000000	98.271	24.6799
1265.000000	98.315	24.9036
1280.000000	98.357	25.1101
1315.000000	98.441	25.5992
1320.000000	98.449	25.6808
1340.000000	98.491	25.9328
1360.000000	98.526	26.2051
1380.000000	98.561	26.4846
1400.000000	98.590	26.7650
1430.000000	98.631	27.2273
1450.000000	98.659	27.5557
1475.000000	98.690	27.9884
1500.000000	98.724	28.4237
1525.000000	98.756	28.8829
1550.000000	98.786	29.3637
1575.000000	98.820	29.8642
1600.000000	98.857	30.3877
1625.000000	98.895	30.9164
1650.000000	98.937	31.4497
1675.000000	98.984	32.0046
1700.000000	99.032	32.5587
1725.000000	99.085	33.1213
1750.000000	99.143	33.6666
1775.000000	99.206	34.2134
1800.000000	99.270	34.7661
1825.000000	99.337	35.3098
1850.000000	99.410	35.8276
1875.000000	99.486	36.3530
1900.000000	99.566	36.8397
1925.000000	99.652	37.3114
1950.000000	99.740	37.7820
1975.000000	99.833	38.2008
2000.000000	99.926	38.6092
2030.000000	100.042	39.0629
2060.000000	100.161	39.4660
2090.000000	100.286	39.8413
2120.000000	100.413	40.1775
2140.000000	100.500	40.3691
2180.000000	100.677	40.6818
2200.000000	100.766	40.7996
2240.000000	100.946	40.9673
2270.000000	101.081	41.0135
2300.000000	101.213	41.0135
2330.000000	101.348	40.9575
2360.000000	101.480	40.8366
2400.000000	101.651	40.5879
2430.000000	101.775	40.3167
2470.000000	101.929	39.8723
2500.000000	102.040	39.4846
2540.000000	102.175	38.8888
2580.000000	102.294	38.2031
2620.000000	102.401	37.4546
2650.000000	102.468	36.8705
2690.000000	102.543	36.0456
2720.000000	102.587	35.4263
2760.000000	102.632	34.5943
2800.000000	102.661	33.7659
2850.000000	102.674	32.7678
2900.000000	102.664	31.7955
2950.000000	102.634	30.8994
3000.000000	102.584	30.1121
3040.000000	102.536	29.5451
3070.000000	102.493	29.1774
3110.000000	102.434	28.7461
3150.000000	102.369	28.4021
3200.000000	102.287	28.0798
3250.000000	102.206	27.8708
3300.000000	102.131	27.7607
3350.000000	102.066	27.7436
3400.000000	102.005	27.7757
3450.000000	101.961	27.8316
3500.000000	101.922	27.9026
3550.000000	101.892	27.9613
3600.000000	101.869	27.9950
3650.000000	101.848	28.0043
3700.000000	101.832	27.9490
3750.000000	101.810	27.8626
3820.000000	101.768	27.6520
3870.000000	101.726	27.5075
3950.000000	101.636	27.3202
4000.000000	101.562	27.2977
4060.000000	101.464	27.5511
4120.000000	101.400	27.8875
4180.000000	101.341	28.2991
4250.000000	101.298	28.8934
4310.000000	101.287	29.4529
4370.000000	101.298	30.0025
4440.000000	101.348	30.5518
4500.000000	101.407	30.8977
4550.000000	101.469	31.0949
4620.000000	101.564	31.2172
4680.000000	101.655	31.1616
4750.000000	101.764	30.9332
4820.000000	101.870	30.4896
4870.000000	101.944	30.0588
4940.000000	102.037	29.3005
5000.000000	102.106	28.4824
5080.000000	102.177	27.2367
5150.000000	102.216	25.9774
5220.000000	102.231	24.5856
5300.000000	102.212	22.8398
5380.000000	102.149	20.9841
5450.000000	102.053	19.2775
5520.000000	101.911	17.5619
5600.000000	101.700	15.6944
5700.000000	101.350	13.5694
5800.000000	100.925	11.8639
5900.000000	100.447	10.7566
6000.000000	99.945	10.2413
6080.000000	99.546	10.2967
6150.000000	99.210	10.6081
6220.000000	98.891	11.2026
6300.000000	98.555	12.0756
6400.000000	98.175	13.4780
6500.000000	97.848	15.1410
6600.000000	97.569	17.0389
6700.000000	97.342	19.1211
6800.000000	97.177	21.4070
6900.000000	97.080	23.8262
7000.000000	97.056	26.3487
7100.000000	97.119	28.9888
7200.000000	97.320	31.6680
7300.000000	97.662	33.5801
7400.000000	98.028	35.1550
7500.000000	98.562	36.4882
7620.000000	99.441	36.0460
7750.000000	100.331	32.1945
7880.000000	100.958	26.1750
8000.000000	101.294	19.2096
8120.000000	101.291	11.1377
8250.000000	100.803	2.3797
8380.000000	99.862	-4.7579
8500.000000	98.742	-8.9576
8620.000000	97.524	-10.5202
8750.000000	96.269	-9.0682
8850.000000	95.461	-5.7688
9000.000000	94.813	2.3738
9120.000000	95.109	9.9967
9250.000000	96.370	14.8785
9380.000000	97.994	11.4599
9500.000000	98.785	1.8048
9620.000000	98.601	-7.9745
9750.000000	97.873	-14.8940
9880.000000	97.124	-18.5213
10000.000000	96.558	-20.2715
10150.000000	96.066	-21.4949
10300.000000	95.795	-22.5272
10440.000000	95.666	-23.7643
10600.000000	95.691	-25.8640
10750.000000	95.766	-28.7145
10900.000000	95.858	-32.4493
11060.000000	95.911	-37.3539
11200.000000	95.888	-42.3210
11380.000000	95.700	-49.0537
11500.000000	95.488	-53.3571
11720.000000	95.046	-60.4094
11800.000000	94.890	-62.7750
12060.000000	94.550	-70.0728
12200.000000	94.468	-74.3415
12410.000000	94.400	-81.4149
12500.000000	94.386	-84.7479
12650.000000	94.375	-90.6114
12800.000000	94.402	-96.8233
13150.000000	94.699	-113.9131
13200.000000	94.767	-116.8447
13400.000000	95.012	-130.1658
13600.000000	95.043	-146.4706
13800.000000	94.591	-164.8011
14000.000000	93.589	177.3873
14300.000000	91.565	154.9187
14500.000000	90.194	142.6866
14750.000000	88.690	129.6186
15000.000000	87.438	117.6553
15250.000000	86.674	106.5818
15500.000000	86.201	95.2753
15750.000000	86.071	82.9499
16000.000000	86.276	69.4544
16250.000000	86.881	53.8079
16500.000000	87.840	35.4335
16750.000000	89.207	12.7360
17000.000000	90.815	-16.6003
17250.000000	92.147	-55.1779
17500.000000	92.010	-99.3295
17750.000000	91.065	-136.5660
18000.000000	91.698	-173.6060
18250.000000	92.347	136.3293
18500.000000	92.199	82.7800
18750.000000	92.188	27.5472
19000.000000	92.707	-35.1044
19250.000000	93.437	-109.5586
19500.000000	93.666	159.6786
19750.000000	92.183	52.9420
