* Measurement data measured by REW V5.31.3
* Source: USB-C to 3.5mm Headphone Jack Adapter, USB-C to 3.5mm Headphone Jack Adapter, 0, volume: 0.138
* Format: 256k Log Swept Sine, 1 sweep at -12.0 dBFS with no timing reference
* Dated: Mar 28, 2025 7:34:29 AM
* REW Settings:
*  C-weighting compensation: Off
*  Target level: 75.0 dB
* Note: M orange
* Measurement: L
* Smoothing: None
* Frequency Step: 1/48 octave
* Start Frequency: 20.300 Hz
*
* Freq(Hz)	SPL(dB)	Phase(degrees)
20.299999	105.493	-164.0837
20.600000	105.499	-164.6822
20.900000	105.504	-165.2625
21.200001	105.507	-165.8880
21.400000	105.506	-166.3242
21.799999	105.495	-167.1922
22.000000	105.485	-167.6006
22.400000	105.464	-168.3353
22.700001	105.451	-168.8141
23.000000	105.445	-169.2570
23.299999	105.445	-169.6971
23.600000	105.450	-170.1619
24.000000	105.455	-170.8354
24.299999	105.455	-171.3664
24.700001	105.448	-172.0720
25.000000	105.439	-172.5783
25.400000	105.426	-173.2124
25.799999	105.414	-173.8090
26.200001	105.402	-174.3832
26.500000	105.393	-174.8048
26.900000	105.379	-175.3593
27.200001	105.368	-175.7737
27.600000	105.354	-176.3327
28.000000	105.339	-176.9035
28.500000	105.318	-177.6193
29.000000	105.294	-178.3013
29.500000	105.272	-178.9331
30.000000	105.255	-179.5420
30.400000	105.240	179.9639
30.700001	105.227	179.5875
31.100000	105.206	179.0891
31.500000	105.181	178.6111
32.000000	105.150	178.0488
32.500000	105.122	177.5067
33.000000	105.097	176.9651
33.500000	105.070	176.4309
34.000000	105.043	175.9188
34.500000	105.015	175.4231
35.000000	104.988	174.9252
35.500000	104.958	174.4228
36.000000	104.925	173.9331
36.500000	104.893	173.4632
37.000000	104.864	172.9964
37.500000	104.835	172.5172
38.200001	104.790	171.8525
38.700001	104.757	171.4147
39.500000	104.709	170.7626
40.000000	104.680	170.3485
40.599998	104.642	169.8411
41.200001	104.597	169.3511
41.799999	104.551	168.8927
42.500000	104.498	168.3864
43.099998	104.455	167.9653
43.700001	104.416	167.5456
44.400002	104.370	167.0454
45.000000	104.329	166.6131
45.500000	104.292	166.2621
46.200001	104.240	165.8022
46.799999	104.196	165.4462
47.500000	104.150	165.0529
48.200001	104.107	164.6198
48.700001	104.070	164.2801
49.400002	104.009	163.8419
50.000000	103.959	163.5438
50.799999	103.904	163.1672
51.500000	103.852	162.8087
52.200001	103.790	162.5137
53.000000	103.732	162.2048
53.799999	103.682	161.7115
54.500000	103.620	161.2299
55.200001	103.555	160.8980
56.000000	103.506	160.6034
57.000000	103.444	160.1005
58.000000	103.348	159.7103
59.000000	103.273	159.4355
60.000000	103.209	158.9888
60.799999	103.146	158.6181
61.500000	103.089	158.3585
62.200001	103.033	158.1370
63.000000	102.970	157.9021
64.000000	102.894	157.5923
65.000000	102.820	157.2700
66.000000	102.746	156.9366
67.000000	102.664	156.6301
68.000000	102.589	156.4225
69.000000	102.518	156.1535
70.000000	102.438	155.9046
71.000000	102.370	155.6805
72.000000	102.301	155.4552
73.000000	102.227	155.2666
74.000000	102.146	155.0899
75.000000	102.077	154.9509
76.199997	101.997	154.6879
77.500000	101.888	154.5219
78.800003	101.801	154.3625
80.000000	101.722	154.1829
81.199997	101.635	154.0034
82.500000	101.547	153.8837
83.800003	101.462	153.7020
85.000000	101.375	153.6481
86.199997	101.293	153.5500
87.500000	101.207	153.4684
88.500000	101.143	153.4099
90.000000	101.041	153.3749
91.199997	100.964	153.3036
92.500000	100.882	153.2215
93.800003	100.801	153.2603
95.000000	100.729	153.1935
96.199997	100.654	153.1895
97.500000	100.585	153.2176
98.800003	100.505	153.2459
100.000000	100.432	153.2522
101.500000	100.348	153.2805
103.000000	100.260	153.3506
104.400002	100.189	153.3923
106.000000	100.099	153.4651
107.500000	100.021	153.5183
109.000000	99.943	153.6774
110.599998	99.857	153.7659
112.000000	99.798	153.8071
113.800003	99.705	154.0319
115.000000	99.648	154.0627
117.199997	99.543	154.2842
118.000000	99.513	154.3438
120.599998	99.384	154.6515
122.000000	99.329	154.6990
124.099998	99.243	154.9343
125.000000	99.205	155.0355
126.500000	99.141	155.1882
128.000000	99.084	155.3694
131.500000	98.951	155.7791
132.000000	98.933	155.8387
134.000000	98.855	156.0729
136.000000	98.788	156.3248
138.000000	98.715	156.6074
140.000000	98.651	156.8219
143.000000	98.554	157.2136
145.000000	98.490	157.4907
147.500000	98.416	157.8444
150.000000	98.342	158.1636
152.500000	98.271	158.5203
155.000000	98.202	158.8477
157.500000	98.135	159.1968
160.000000	98.068	159.5170
162.500000	98.006	159.8987
165.000000	97.934	160.2887
167.500000	97.869	160.6519
170.000000	97.806	161.1169
172.500000	97.733	161.6248
175.000000	97.676	162.2081
177.500000	97.639	162.8738
180.000000	97.628	163.6436
182.500000	97.646	164.0865
185.000000	97.669	164.3967
187.500000	97.674	164.5846
190.000000	97.668	164.7160
192.500000	97.644	164.8611
195.000000	97.618	165.0026
197.500000	97.589	165.1816
200.000000	97.565	165.3640
203.000000	97.522	165.7134
206.000000	97.489	165.8964
209.000000	97.453	166.2231
212.000000	97.425	166.5317
214.000000	97.399	166.7331
218.000000	97.359	167.1409
220.000000	97.339	167.3676
224.000000	97.306	167.7871
227.000000	97.284	168.0719
230.000000	97.253	168.4695
233.000000	97.234	168.7687
236.000000	97.216	169.0594
240.000000	97.202	169.4687
243.000000	97.175	169.8348
247.000000	97.174	170.1602
250.000000	97.147	170.4967
254.000000	97.143	170.8271
258.000000	97.124	171.1123
262.000000	97.111	171.4117
265.000000	97.095	171.6478
269.000000	97.077	171.9654
272.000000	97.067	172.2000
276.000000	97.049	172.5001
280.000000	97.033	172.8134
285.000000	97.011	173.2049
290.000000	96.990	173.5867
295.000000	96.976	173.9368
300.000000	96.955	174.3105
304.000000	96.942	174.5703
307.000000	96.930	174.8719
311.000000	96.922	175.1395
315.000000	96.902	175.4455
320.000000	96.892	175.8054
325.000000	96.880	176.2046
330.000000	96.867	176.5958
335.000000	96.866	176.9705
340.000000	96.860	177.3388
345.000000	96.862	177.6834
350.000000	96.862	178.0038
355.000000	96.866	178.3074
360.000000	96.861	178.5717
365.000000	96.861	178.8537
370.000000	96.854	179.1043
375.000000	96.847	179.3890
382.000000	96.836	179.7699
387.000000	96.829	-179.9386
395.000000	96.822	-179.4621
400.000000	96.810	-179.1813
406.000000	96.802	-178.8198
412.000000	96.795	-178.4378
418.000000	96.792	-178.0728
425.000000	96.789	-177.6099
431.000000	96.792	-177.2172
437.000000	96.802	-176.7841
444.000000	96.818	-176.3851
450.000000	96.837	-176.0758
455.000000	96.853	-175.8684
462.000000	96.864	-175.6062
468.000000	96.867	-175.4040
475.000000	96.868	-175.1382
482.000000	96.868	-174.8514
487.000000	96.868	-174.6288
494.000000	96.864	-174.3158
500.000000	96.862	-174.0635
508.000000	96.862	-173.6926
515.000000	96.863	-173.3661
522.000000	96.864	-173.0389
530.000000	96.867	-172.6647
538.000000	96.870	-172.3053
545.000000	96.874	-171.9959
552.000000	96.881	-171.6791
560.000000	96.883	-171.3414
570.000000	96.884	-170.8955
580.000000	96.886	-170.4469
590.000000	96.890	-169.9868
600.000000	96.901	-169.5283
608.000000	96.905	-169.1509
615.000000	96.910	-168.8318
622.000000	96.919	-168.5028
630.000000	96.928	-168.1451
640.000000	96.939	-167.7145
650.000000	96.949	-167.2624
660.000000	96.957	-166.8123
670.000000	96.968	-166.3712
680.000000	96.975	-165.9010
690.000000	96.988	-165.4493
700.000000	96.998	-164.9571
710.000000	97.012	-164.4913
720.000000	97.027	-163.9829
730.000000	97.041	-163.4761
740.000000	97.062	-162.9499
750.000000	97.086	-162.4335
762.000000	97.115	-161.8104
775.000000	97.153	-161.1301
788.000000	97.199	-160.4720
800.000000	97.238	-159.8847
812.000000	97.284	-159.3072
825.000000	97.336	-158.6803
838.000000	97.390	-158.0787
850.000000	97.443	-157.5149
862.000000	97.494	-156.9512
875.000000	97.556	-156.3585
885.000000	97.606	-155.8941
900.000000	97.684	-155.2211
912.000000	97.752	-154.6966
925.000000	97.828	-154.1273
938.000000	97.910	-153.5938
950.000000	97.987	-153.1165
962.000000	98.068	-152.6452
975.000000	98.160	-152.1683
988.000000	98.255	-151.7085
1000.000000	98.344	-151.3209
1015.000000	98.460	-150.8608
1030.000000	98.581	-150.4657
1044.000000	98.694	-150.1344
1060.000000	98.827	-149.7981
1075.000000	98.952	-149.5504
1090.000000	99.077	-149.3347
1106.000000	99.211	-149.1734
1120.000000	99.326	-149.0777
1138.000000	99.472	-149.0233
1150.000000	99.565	-149.0104
1172.000000	99.732	-149.0953
1180.000000	99.791	-149.1344
1206.000000	99.974	-149.3554
1220.000000	100.065	-149.5142
1241.000000	100.196	-149.7889
1250.000000	100.247	-149.9201
1265.000000	100.330	-150.1476
1280.000000	100.408	-150.3913
1315.000000	100.567	-151.0056
1320.000000	100.589	-151.0894
1340.000000	100.667	-151.4529
1360.000000	100.734	-151.8151
1380.000000	100.794	-152.1611
1400.000000	100.850	-152.5182
1430.000000	100.921	-153.0020
1450.000000	100.958	-153.3211
1475.000000	101.001	-153.6807
1500.000000	101.036	-154.0054
1525.000000	101.065	-154.3067
1550.000000	101.091	-154.5483
1575.000000	101.112	-154.7786
1600.000000	101.128	-154.9591
1625.000000	101.141	-155.1064
1650.000000	101.154	-155.2203
1675.000000	101.164	-155.2939
1700.000000	101.177	-155.3353
1725.000000	101.187	-155.3362
1750.000000	101.200	-155.3233
1775.000000	101.214	-155.2594
1800.000000	101.231	-155.1781
1825.000000	101.250	-155.0547
1850.000000	101.271	-154.9333
1875.000000	101.299	-154.7812
1900.000000	101.329	-154.6113
1925.000000	101.365	-154.4393
1950.000000	101.403	-154.2627
1975.000000	101.446	-154.0807
2000.000000	101.496	-153.8905
2030.000000	101.563	-153.6821
2060.000000	101.637	-153.5022
2090.000000	101.718	-153.3552
2120.000000	101.806	-153.2381
2140.000000	101.868	-153.1948
2180.000000	101.997	-153.1642
2200.000000	102.065	-153.1867
2240.000000	102.204	-153.3199
2270.000000	102.310	-153.4999
2300.000000	102.417	-153.7709
2330.000000	102.517	-154.1237
2360.000000	102.614	-154.5461
2400.000000	102.735	-155.2095
2430.000000	102.818	-155.7804
2470.000000	102.912	-156.6238
2500.000000	102.970	-157.3114
2540.000000	103.028	-158.2791
2580.000000	103.068	-159.2855
2620.000000	103.085	-160.3080
2650.000000	103.083	-161.0769
2690.000000	103.063	-162.0598
2720.000000	103.036	-162.7694
2760.000000	102.983	-163.6544
2800.000000	102.919	-164.4796
2850.000000	102.819	-165.3703
2900.000000	102.704	-166.1100
2950.000000	102.582	-166.7144
3000.000000	102.452	-167.1490
3040.000000	102.348	-167.3768
3070.000000	102.272	-167.4923
3110.000000	102.171	-167.5284
3150.000000	102.083	-167.4652
3200.000000	101.992	-167.2801
3250.000000	101.930	-167.0751
3300.000000	101.884	-166.9282
3350.000000	101.849	-166.8586
3400.000000	101.816	-166.8438
3450.000000	101.783	-166.8667
3500.000000	101.754	-166.9373
3550.000000	101.728	-167.0363
3600.000000	101.699	-167.1688
3650.000000	101.669	-167.4089
3700.000000	101.635	-167.6959
3750.000000	101.589	-168.0571
3820.000000	101.500	-168.6669
3870.000000	101.411	-169.1277
3950.000000	101.216	-169.6773
4000.000000	101.074	-169.8778
4060.000000	100.901	-169.8150
4120.000000	100.751	-169.7999
4180.000000	100.573	-169.7156
4250.000000	100.339	-169.3211
4310.000000	100.144	-168.5885
4370.000000	99.979	-167.5072
4440.000000	99.869	-165.9465
4500.000000	99.864	-164.6244
4550.000000	99.918	-163.7548
4620.000000	100.036	-163.0924
4680.000000	100.147	-163.1052
4750.000000	100.243	-163.7013
4820.000000	100.272	-164.7379
4870.000000	100.243	-165.6367
4940.000000	100.131	-166.9215
5000.000000	99.975	-167.9633
5080.000000	99.694	-169.0801
5150.000000	99.393	-169.7345
5220.000000	99.067	-170.0154
5300.000000	98.664	-169.8909
5380.000000	98.263	-169.2709
5450.000000	97.916	-168.3524
5520.000000	97.588	-167.1040
5600.000000	97.242	-165.3014
5700.000000	96.870	-162.6120
5800.000000	96.570	-159.5234
5900.000000	96.362	-156.0871
6000.000000	96.243	-152.4835
6080.000000	96.215	-149.5585
6150.000000	96.255	-146.9881
6220.000000	96.329	-144.5046
6300.000000	96.492	-141.7448
6400.000000	96.762	-138.6138
6500.000000	97.118	-135.8648
6600.000000	97.552	-133.4783
6700.000000	98.093	-131.5202
6800.000000	98.769	-130.4048
6900.000000	99.544	-131.0894
7000.000000	100.214	-133.6429
7100.000000	100.705	-137.4659
7200.000000	100.952	-142.0829
7300.000000	100.922	-146.7780
7400.000000	100.654	-150.6378
7500.000000	100.253	-153.1956
7620.000000	99.755	-154.6122
7750.000000	99.287	-154.6738
7880.000000	98.949	-153.7730
8000.000000	98.771	-152.4890
8120.000000	98.717	-151.1222
8250.000000	98.788	-149.8396
8380.000000	98.972	-149.0223
8500.000000	99.211	-148.9142
8620.000000	99.487	-149.5153
8750.000000	99.771	-151.0036
8850.000000	99.955	-152.6648
9000.000000	100.148	-155.8711
9120.000000	100.208	-158.8049
9250.000000	100.167	-162.1373
9380.000000	100.017	-165.3787
9500.000000	99.809	-168.0199
9620.000000	99.560	-170.3562
9750.000000	99.281	-172.4688
9880.000000	99.012	-174.1668
10000.000000	98.794	-175.7904
10150.000000	98.548	-177.5550
10300.000000	98.325	-179.3989
10440.000000	98.122	178.7949
10600.000000	97.913	176.8934
10750.000000	97.770	175.1437
10900.000000	97.697	173.2680
11060.000000	97.692	170.7968
11200.000000	97.715	168.2634
11380.000000	97.859	164.2305
11500.000000	97.950	160.4415
11720.000000	97.920	152.5229
11800.000000	97.856	149.5359
12060.000000	97.507	139.9672
12200.000000	97.279	134.9690
12410.000000	96.907	127.7348
12500.000000	96.746	124.6789
12650.000000	96.479	119.6538
12800.000000	96.225	114.8116
13150.000000	95.754	103.7201
13200.000000	95.708	102.1862
13400.000000	95.577	95.8174
13600.000000	95.580	89.3564
13800.000000	95.805	81.9766
14000.000000	96.185	72.8567
14300.000000	96.876	54.3409
14500.000000	97.164	37.8691
14750.000000	96.841	13.5474
15000.000000	95.607	-11.0811
15250.000000	93.765	-32.7100
15500.000000	91.859	-51.4322
15750.000000	90.069	-68.5679
16000.000000	88.564	-83.8264
16250.000000	87.673	-99.5782
16500.000000	87.404	-116.9272
16750.000000	87.998	-137.4468
17000.000000	89.677	-166.2812
17250.000000	91.489	148.2128
17500.000000	90.736	89.8278
17750.000000	87.751	40.4506
18000.000000	84.753	-0.3375
18250.000000	82.132	-38.8621
18500.000000	79.713	-77.5159
18750.000000	77.775	-116.4288
19000.000000	76.067	-160.7683
19250.000000	74.691	147.4131
19500.000000	73.075	85.7990
19750.000000	70.773	12.0708
