* Measurement data measured by REW V5.20
* Source: USB-C to 3.5mm Headphone Jack Adapter, USB-C to 3.5mm Headphone Jack Adapter, 0, volume: 0.138
* Format: 256k Log Swept Sine, 1 sweep at -12.0 dBFS with no timing reference
* Dated: Aug 29, 2024 6:48:16 PM
* REW Settings:
*  C-weighting compensation: Off
*  Target level: 75.0 dB
* Note: 
* Measurement: R
* Smoothing: None
* Frequency Step: 1/48 octave
* Start Frequency: 20.300 Hz
*
* Freq(Hz)	SPL(dB)	Phase(degrees)
20.299999	110.646988	12.1604
20.600000	110.642563	11.5427
20.900000	110.633789	11.0026
21.200001	110.627441	10.4605
21.400000	110.625351	10.0852
21.799999	110.623756	9.2915
22.000000	110.622620	8.8777
22.400000	110.617035	8.0441
22.700001	110.609528	7.4445
23.000000	110.600822	6.8839
23.299999	110.593140	6.3634
23.600000	110.588081	5.8706
24.000000	110.585274	5.2234
24.299999	110.583855	4.7276
24.700001	110.578911	4.0484
25.000000	110.571388	3.5372
25.400000	110.556961	2.8737
25.799999	110.540657	2.2420
26.200001	110.525291	1.6348
26.500000	110.514626	1.1863
26.900000	110.500275	0.5915
27.200001	110.488594	0.1498
27.600000	110.471817	-0.4255
28.000000	110.454880	-0.9818
28.500000	110.435234	-1.6596
29.000000	110.416351	-2.3347
29.500000	110.395401	-3.0074
30.000000	110.371544	-3.6626
30.400000	110.351631	-4.1699
30.700001	110.336853	-4.5438
31.100000	110.317383	-5.0394
31.500000	110.297501	-5.5338
32.000000	110.271210	-6.1448
32.500000	110.243744	-6.7398
33.000000	110.215996	-7.3190
33.500000	110.187851	-7.8866
34.000000	110.159027	-8.4405
34.500000	110.130341	-8.9765
35.000000	110.102875	-9.4976
35.500000	110.076233	-10.0099
36.000000	110.049362	-10.5126
36.500000	110.022476	-11.0048
37.000000	109.996323	-11.4997
37.500000	109.969307	-12.0182
38.200001	109.922882	-12.7714
38.700001	109.883209	-13.2794
39.500000	109.823082	-13.9900
40.000000	109.792122	-14.4155
40.599998	109.754845	-14.9517
41.200001	109.711281	-15.4896
41.799999	109.665443	-15.9950
42.500000	109.617752	-16.5644
43.099998	109.580460	-17.0626
43.700001	109.542084	-17.5533
44.400002	109.496147	-18.0889
45.000000	109.456932	-18.5338
45.500000	109.422577	-18.9143
46.200001	109.368362	-19.4612
46.799999	109.317001	-19.9195
47.500000	109.258148	-20.4238
48.200001	109.206017	-20.9140
48.700001	109.171906	-21.2665
49.400002	109.124908	-21.7521
50.000000	109.084015	-22.1544
50.799999	109.025154	-22.6902
51.500000	108.966553	-23.1487
52.200001	108.909065	-23.5723
53.000000	108.854080	-24.0654
53.799999	108.797562	-24.5925
54.500000	108.740601	-25.0057
55.200001	108.684456	-25.3807
56.000000	108.619263	-25.8308
57.000000	108.537132	-26.3342
58.000000	108.472046	-26.8373
59.000000	108.390030	-27.3982
60.000000	108.307869	-27.8516
60.799999	108.252808	-28.2777
61.500000	108.195206	-28.6604
62.200001	108.134926	-28.9703
63.000000	108.072510	-29.3149
64.000000	107.990181	-29.7836
65.000000	107.909233	-30.1945
66.000000	107.831512	-30.6118
67.000000	107.750259	-31.0090
68.000000	107.674095	-31.4047
69.000000	107.593842	-31.7874
70.000000	107.513115	-32.1244
71.000000	107.433228	-32.4879
72.000000	107.354225	-32.8440
73.000000	107.278633	-33.1952
74.000000	107.197487	-33.5227
75.000000	107.120140	-33.8101
76.199997	107.030060	-34.2013
77.500000	106.920090	-34.5807
78.800003	106.816673	-34.9116
80.000000	106.722221	-35.2337
81.199997	106.629333	-35.5219
82.500000	106.527283	-35.8441
83.800003	106.429276	-36.1287
85.000000	106.337387	-36.3843
86.199997	106.244232	-36.6265
87.500000	106.144852	-36.8864
88.500000	106.069489	-37.0753
90.000000	105.956100	-37.3364
91.199997	105.866150	-37.5376
92.500000	105.770706	-37.7401
93.800003	105.673813	-37.9241
95.000000	105.586632	-38.0902
96.199997	105.497490	-38.2501
97.500000	105.402664	-38.3988
98.800003	105.311371	-38.5347
100.000000	105.225807	-38.6699
101.500000	105.116730	-38.7996
103.000000	105.011871	-38.9381
104.400002	104.914658	-39.0281
106.000000	104.802719	-39.1524
107.500000	104.701859	-39.2321
109.000000	104.602745	-39.2982
110.599998	104.492462	-39.3616
112.000000	104.400970	-39.4028
113.800003	104.283218	-39.4589
115.000000	104.207062	-39.4853
117.199997	104.066742	-39.4983
118.000000	104.012016	-39.5314
120.599998	103.866455	-39.6181
122.000000	103.773766	-39.4567
124.099998	103.644539	-39.4723
125.000000	103.594101	-39.4581
126.500000	103.503242	-39.4096
128.000000	103.416580	-39.3629
131.500000	103.215652	-39.2369
132.000000	103.187592	-39.2173
134.000000	103.073654	-39.1142
136.000000	102.966019	-39.0158
138.000000	102.857506	-38.8841
140.000000	102.748947	-38.7674
143.000000	102.593300	-38.5469
145.000000	102.489777	-38.4009
147.500000	102.363998	-38.1807
150.000000	102.239548	-37.9504
152.500000	102.117386	-37.6993
155.000000	101.996468	-37.4518
157.500000	101.877846	-37.1572
160.000000	101.761520	-36.8633
162.500000	101.650482	-36.5336
165.000000	101.537788	-36.2158
167.500000	101.433876	-35.8681
170.000000	101.327713	-35.4881
172.500000	101.228806	-35.1046
175.000000	101.127174	-34.7033
177.500000	101.026123	-34.2338
180.000000	100.974487	-33.9975
182.500000	100.871864	-33.2635
185.000000	100.794724	-32.8471
187.500000	100.719452	-32.3680
190.000000	100.653015	-31.8729
192.500000	100.597343	-31.3828
195.000000	100.551117	-30.9032
197.500000	100.511337	-30.4901
200.000000	100.476929	-30.0997
203.000000	100.428688	-29.7352
206.000000	100.383148	-29.3785
209.000000	100.339783	-29.0397
212.000000	100.297997	-28.7643
214.000000	100.263474	-28.6090
218.000000	100.187958	-28.3324
220.000000	100.146370	-28.1560
224.000000	100.057312	-27.8184
227.000000	99.990845	-27.5283
230.000000	99.925674	-27.2051
233.000000	99.863495	-26.8865
236.000000	99.800476	-26.5329
240.000000	99.739151	-26.1300
243.000000	99.660141	-25.7222
247.000000	99.588089	-25.2406
250.000000	99.536858	-24.8780
254.000000	99.468987	-24.3950
258.000000	99.404747	-23.8934
262.000000	99.341347	-23.4091
265.000000	99.298584	-23.0503
269.000000	99.240997	-22.5733
272.000000	99.200150	-22.2190
276.000000	99.145050	-21.7391
280.000000	99.095375	-21.2630
285.000000	99.032089	-20.6803
290.000000	98.975624	-20.1096
295.000000	98.919289	-19.5170
300.000000	98.861916	-18.8266
304.000000	98.828529	-18.5122
307.000000	98.796730	-18.1588
311.000000	98.761559	-17.7256
315.000000	98.724365	-17.2928
320.000000	98.681244	-16.7477
325.000000	98.639153	-16.2200
330.000000	98.600563	-15.7055
335.000000	98.561852	-15.1943
340.000000	98.525085	-14.6824
345.000000	98.490959	-14.1811
350.000000	98.454819	-13.6916
355.000000	98.422310	-13.1983
360.000000	98.385345	-12.6367
365.000000	98.358292	-12.2318
370.000000	98.328140	-11.7607
375.000000	98.298920	-11.2736
382.000000	98.258942	-10.6232
387.000000	98.232689	-10.1631
395.000000	98.191086	-9.4064
400.000000	98.166359	-8.9254
406.000000	98.139015	-8.3804
412.000000	98.120850	-7.8172
418.000000	98.098694	-7.3290
425.000000	98.073822	-6.6511
431.000000	98.057335	-6.1392
437.000000	98.041595	-5.6527
444.000000	98.023125	-5.1048
450.000000	98.005722	-4.6359
455.000000	97.991219	-4.2456
462.000000	97.970825	-3.6937
468.000000	97.952850	-3.2510
475.000000	97.936920	-2.7047
482.000000	97.907547	-2.1734
487.000000	97.899864	-1.7955
494.000000	97.884438	-1.2704
500.000000	97.866638	-0.8173
508.000000	97.845474	-0.2181
515.000000	97.828995	0.2998
522.000000	97.812103	0.8202
530.000000	97.793312	1.4217
538.000000	97.772682	2.0396
545.000000	97.763771	2.5380
552.000000	97.747765	3.0720
560.000000	97.732513	3.6838
570.000000	97.713531	4.4507
580.000000	97.697746	5.2710
590.000000	97.707138	6.1367
600.000000	97.699989	6.7007
608.000000	97.694740	7.1735
615.000000	97.680328	7.7264
622.000000	97.677963	8.3338
630.000000	97.689789	8.9964
640.000000	97.717072	9.6520
650.000000	97.727493	10.1654
660.000000	97.683411	10.6677
670.000000	97.697075	11.3539
680.000000	97.687149	12.0506
690.000000	97.678963	12.7459
700.000000	97.675674	13.4709
710.000000	97.670845	14.1945
720.000000	97.694298	15.0623
730.000000	97.675507	15.6498
740.000000	97.683289	16.3766
750.000000	97.690056	17.1115
762.000000	97.704338	17.9911
775.000000	97.717804	18.9398
788.000000	97.740547	19.8853
800.000000	97.763931	20.7720
812.000000	97.788940	21.6609
825.000000	97.822449	22.5937
838.000000	97.852257	23.5485
850.000000	97.894463	24.4219
862.000000	97.937653	25.3006
875.000000	97.984192	26.2117
885.000000	98.026398	26.9355
900.000000	98.077606	27.8373
912.000000	98.147385	28.8189
925.000000	98.213181	29.7095
938.000000	98.285423	30.5831
950.000000	98.357849	31.3687
962.000000	98.433395	32.1636
975.000000	98.513184	32.9569
988.000000	98.603210	33.7351
1000.000000	98.687119	34.4450
1015.000000	98.797134	35.2731
1030.000000	98.913467	36.0719
1044.000000	99.023834	36.7647
1060.000000	99.152451	37.5128
1075.000000	99.278679	38.1508
1090.000000	99.401489	38.7672
1106.000000	99.535873	39.3516
1120.000000	99.653801	39.8028
1138.000000	99.806053	40.3626
1150.000000	99.901070	40.6558
1172.000000	100.077560	41.1750
1180.000000	100.141205	41.3340
1206.000000	100.338989	41.8133
1220.000000	100.442902	42.0308
1241.000000	100.591278	42.3094
1250.000000	100.653717	42.4093
1265.000000	100.748863	42.5782
1280.000000	100.847267	42.7219
1315.000000	101.057648	43.0050
1320.000000	101.075211	43.0612
1340.000000	101.196236	43.1897
1360.000000	101.300331	43.3136
1380.000000	101.416023	43.5155
1400.000000	101.496391	43.5695
1430.000000	101.633156	43.7536
1450.000000	101.717361	43.8828
1475.000000	101.824944	44.0499
1500.000000	101.940689	44.2441
1525.000000	102.026337	44.4029
1550.000000	102.124512	44.5908
1575.000000	102.219597	44.7964
1600.000000	102.315948	45.0295
1625.000000	102.409309	45.2715
1650.000000	102.510040	45.5616
1675.000000	102.617416	45.8749
1700.000000	102.745499	46.1462
1725.000000	102.882553	46.3146
1750.000000	103.018173	46.3436
1775.000000	103.142197	46.2716
1800.000000	103.257484	46.1949
1825.000000	103.357193	46.0583
1850.000000	103.454712	45.9558
1875.000000	103.548615	45.8626
1900.000000	103.641495	45.7694
1925.000000	103.730171	45.6561
1950.000000	103.819992	45.5409
1975.000000	103.906631	45.4072
2000.000000	103.991051	45.2670
2030.000000	104.089279	45.0660
2060.000000	104.182770	44.8578
2090.000000	104.274231	44.6343
2120.000000	104.360962	44.3850
2140.000000	104.419373	44.2185
2180.000000	104.528168	43.8380
2200.000000	104.579880	43.6355
2240.000000	104.674538	43.1968
2270.000000	104.739021	42.8640
2300.000000	104.796791	42.5135
2330.000000	104.851105	42.1866
2360.000000	104.899185	41.8595
2400.000000	104.954575	41.4476
2430.000000	104.997185	41.1283
2470.000000	105.049408	40.7412
2500.000000	105.088852	40.4853
2540.000000	105.152016	40.1277
2580.000000	105.224915	39.6489
2620.000000	105.294029	38.9741
2650.000000	105.328041	38.3241
2690.000000	105.329002	37.3754
2720.000000	105.297691	36.7211
2760.000000	105.225288	36.0095
2800.000000	105.115623	35.5466
2850.000000	104.978516	35.4052
2900.000000	104.860741	35.6629
2950.000000	104.784729	36.1554
3000.000000	104.743195	36.6454
3040.000000	104.722870	37.0816
3070.000000	104.709824	37.3883
3110.000000	104.695610	37.8300
3150.000000	104.684647	38.3402
3200.000000	104.684288	39.0760
3250.000000	104.703674	39.9451
3300.000000	104.763168	40.9058
3350.000000	104.855026	41.8577
3400.000000	104.980713	42.7070
3450.000000	105.136078	43.4511
3500.000000	105.315475	44.0608
3550.000000	105.519218	44.4788
3600.000000	105.732559	44.6318
3650.000000	105.952675	44.6223
3700.000000	106.167236	44.4178
3750.000000	106.380058	44.0553
3820.000000	106.672745	43.2700
3870.000000	106.873199	42.5005
3950.000000	107.163132	40.9332
4000.000000	107.321709	39.7614
4060.000000	107.479675	38.1891
4120.000000	107.597847	36.4594
4180.000000	107.661026	34.7534
4250.000000	107.740112	32.9206
4310.000000	107.759247	31.1431
4370.000000	107.748962	29.4559
4440.000000	107.706985	27.5308
4500.000000	107.655853	25.9502
4550.000000	107.587616	24.6315
4620.000000	107.474480	22.8720
4680.000000	107.339874	21.3993
4750.000000	107.165573	19.7969
4820.000000	106.953430	18.3456
4870.000000	106.779984	17.4224
4940.000000	106.510025	16.3608
5000.000000	106.262733	15.6899
5080.000000	105.923683	15.1968
5150.000000	105.631035	15.1120
5220.000000	105.356735	15.3325
5300.000000	105.064377	15.8372
5380.000000	104.805397	16.6168
5450.000000	104.608917	17.4641
5520.000000	104.443268	18.4637
5600.000000	104.297424	19.6954
5700.000000	104.183853	21.2805
5800.000000	104.141769	22.7710
5900.000000	104.163803	24.0747
6000.000000	104.235367	25.0556
6080.000000	104.327477	25.5534
6150.000000	104.413750	25.7502
6220.000000	104.507568	25.7216
6300.000000	104.612343	25.3579
6400.000000	104.711067	24.5247
6500.000000	104.756325	23.2553
6600.000000	104.717636	21.7083
6700.000000	104.600159	20.3100
6800.000000	104.409180	19.1852
6900.000000	104.185860	18.4642
7000.000000	103.968994	18.2674
7100.000000	103.788857	18.4635
7200.000000	103.674820	18.8554
7300.000000	103.650253	19.2165
7400.000000	103.677002	19.2355
7500.000000	103.739922	18.8825
7620.000000	103.838470	17.9679
7750.000000	103.945534	16.0491
7880.000000	103.979279	13.2781
8000.000000	103.899208	10.2000
8120.000000	103.686676	6.9784
8250.000000	103.317703	3.7811
8380.000000	102.846451	1.1762
8500.000000	102.354919	-0.6161
8620.000000	101.837883	-1.8130
8750.000000	101.268265	-2.3512
8850.000000	100.845779	-2.2095
9000.000000	100.282791	-1.2024
9120.000000	99.917068	0.2773
9250.000000	99.611946	2.2663
9380.000000	99.445381	4.4196
9500.000000	99.391815	6.6172
9620.000000	99.456161	8.7713
9750.000000	99.656250	10.9707
9880.000000	99.999786	12.8625
10000.000000	100.450409	14.1011
10150.000000	101.191879	14.7220
10300.000000	102.128212	13.6063
10440.000000	103.125381	10.2836
10600.000000	104.230835	2.6820
10750.000000	104.850410	-8.3765
10900.000000	104.681000	-20.8930
11060.000000	103.716446	-31.5494
11200.000000	102.635422	-36.9220
11380.000000	101.453926	-39.5972
11500.000000	100.936058	-39.9401
11720.000000	100.578384	-40.7199
11800.000000	100.582375	-41.6895
12060.000000	100.641747	-48.4238
12200.000000	100.468872	-53.4638
12410.000000	99.952660	-60.3262
12500.000000	99.707275	-62.8247
12650.000000	99.336205	-66.3138
12800.000000	99.078186	-69.3050
13150.000000	99.134827	-76.1405
13200.000000	99.235115	-77.3324
13400.000000	99.828552	-83.1579
13600.000000	100.768677	-91.7493
13800.000000	101.928116	-104.8283
14000.000000	102.889893	-123.8718
14300.000000	102.561646	-158.9111
14500.000000	101.204056	-178.7470
14750.000000	99.356377	163.6655
15000.000000	98.039307	150.8303
15250.000000	97.433540	137.7834
15500.000000	97.033401	123.5554
15750.000000	97.275070	110.3159
16000.000000	98.639977	88.7230
16250.000000	98.425339	50.2377
16500.000000	98.602646	40.8109
16750.000000	102.261429	3.8906
17000.000000	104.971970	-71.5208
17250.000000	100.523071	-157.4280
17500.000000	94.102005	141.3300
17750.000000	88.589531	91.3842
18000.000000	84.197861	45.3444
18250.000000	80.697083	1.5161
18500.000000	77.901451	-40.4843
18750.000000	75.673317	-80.3548
19000.000000	73.670128	-123.5029
19250.000000	71.861076	-169.3331
19500.000000	70.588837	138.3921
19750.000000	69.467308	72.4290
