* Measurement data measured by REW V5.31.3
* Source: USB-C to 3.5mm Headphone Jack Adapter, , 0, volume: 0.138
* Format: 256k Log Swept Sine, 1 sweep at -12.0 dBFS with no timing reference
* Dated: Sep 29, 2025 4:15:18 PM
* REW Settings:
*  C-weighting compensation: Off
*  Target level: 75.0 dB
* Note: ; 
* Measurement: L
* Smoothing: None
* Frequency Step: 1/48 octave
* Start Frequency: 20.000 Hz
*
* Freq(Hz)	SPL(dB)	Phase(degrees)
20.000000	106.570	13.5048
20.299999	106.566	12.8425
20.600000	106.561	12.1978
20.900000	106.555	11.5721
21.200001	106.548	10.9641
21.400000	106.544	10.5665
21.799999	106.535	9.7841
22.000000	106.531	9.3978
22.400000	106.520	8.6355
22.700001	106.511	8.0759
23.000000	106.501	7.5294
23.299999	106.491	6.9965
23.600000	106.481	6.4742
24.000000	106.469	5.7849
24.299999	106.460	5.2673
24.700001	106.445	4.5751
25.000000	106.432	4.0606
25.400000	106.411	3.3948
25.799999	106.387	2.7654
26.200001	106.364	2.1737
26.500000	106.348	1.7474
26.900000	106.330	1.1879
27.200001	106.317	0.7670
27.600000	106.300	0.2007
28.000000	106.281	-0.3671
28.500000	106.255	-1.0657
29.000000	106.226	-1.7410
29.500000	106.196	-2.3938
30.000000	106.166	-3.0323
30.400000	106.141	-3.5357
30.700001	106.122	-3.9077
31.100000	106.095	-4.3928
31.500000	106.068	-4.8621
32.000000	106.036	-5.4301
32.500000	106.004	-5.9922
33.000000	105.972	-6.5602
33.500000	105.936	-7.1215
34.000000	105.898	-7.6469
34.500000	105.861	-8.1289
35.000000	105.829	-8.5995
35.500000	105.800	-9.0928
36.000000	105.766	-9.6003
36.500000	105.727	-10.0833
37.000000	105.688	-10.5294
37.500000	105.652	-10.9682
38.200001	105.600	-11.6052
38.700001	105.557	-12.0415
39.500000	105.492	-12.6741
40.000000	105.456	-13.0821
40.599998	105.410	-13.5979
41.200001	105.361	-14.0954
41.799999	105.318	-14.6095
42.500000	105.257	-15.3081
43.099998	105.179	-15.8455
43.700001	105.099	-16.1411
44.400002	105.053	-16.3633
45.000000	105.037	-16.7456
45.500000	105.010	-17.1799
46.200001	104.947	-17.7118
46.799999	104.897	-18.0454
47.500000	104.850	-18.4552
48.200001	104.796	-18.9006
48.700001	104.755	-19.1903
49.400002	104.700	-19.5899
50.000000	104.648	-19.9497
50.799999	104.573	-20.3787
51.500000	104.512	-20.7141
52.200001	104.454	-21.0690
53.000000	104.386	-21.4623
53.799999	104.321	-21.8532
54.500000	104.261	-22.2097
55.200001	104.198	-22.5208
56.000000	104.133	-22.8420
57.000000	104.052	-23.2771
58.000000	103.966	-23.6914
59.000000	103.875	-24.0873
60.000000	103.790	-24.3734
60.799999	103.737	-24.6908
61.500000	103.676	-25.0465
62.200001	103.602	-25.3015
63.000000	103.533	-25.4871
64.000000	103.458	-25.8093
65.000000	103.368	-26.1088
66.000000	103.289	-26.2838
67.000000	103.222	-26.5778
68.000000	103.123	-26.8799
69.000000	103.041	-26.9793
70.000000	102.960	-27.3106
71.000000	102.849	-27.3710
72.000000	102.810	-27.4429
73.000000	102.733	-27.9329
74.000000	102.629	-28.0702
75.000000	102.560	-28.2497
76.199997	102.458	-28.4385
77.500000	102.371	-28.6257
78.800003	102.271	-28.8330
80.000000	102.179	-29.0002
81.199997	102.088	-29.0976
82.500000	101.995	-29.2538
83.800003	101.888	-29.3400
85.000000	101.805	-29.3368
86.199997	101.721	-29.4427
87.500000	101.623	-29.4102
88.500000	101.565	-29.4919
90.000000	101.443	-29.5440
91.199997	101.368	-29.5819
92.500000	101.272	-29.6313
93.800003	101.180	-29.6214
95.000000	101.104	-29.5552
96.199997	101.030	-29.5598
97.500000	100.941	-29.4954
98.800003	100.865	-29.4461
100.000000	100.783	-29.4492
101.500000	100.684	-29.4005
103.000000	100.597	-29.2602
104.400002	100.505	-29.3223
106.000000	100.417	-28.9768
107.500000	100.334	-28.9560
109.000000	100.260	-28.7876
110.599998	100.155	-28.7607
112.000000	100.087	-28.5063
113.800003	100.007	-28.3789
115.000000	99.962	-28.2774
117.199997	99.859	-28.0660
118.000000	99.813	-28.0482
120.599998	99.673	-27.5521
122.000000	99.583	-27.3520
124.099998	99.505	-27.0496
125.000000	99.466	-26.9007
126.500000	99.400	-26.6998
128.000000	99.347	-26.4188
131.500000	99.201	-25.9156
132.000000	99.182	-25.8340
134.000000	99.105	-25.5502
136.000000	99.037	-25.2259
138.000000	98.966	-24.8482
140.000000	98.897	-24.5893
143.000000	98.803	-24.1035
145.000000	98.742	-23.7588
147.500000	98.664	-23.3390
150.000000	98.600	-22.8976
152.500000	98.531	-22.4718
155.000000	98.468	-21.9636
157.500000	98.425	-21.6492
160.000000	98.344	-21.1561
162.500000	98.292	-20.8154
165.000000	98.234	-20.4119
167.500000	98.198	-19.9756
170.000000	98.153	-19.5622
172.500000	98.101	-19.1322
175.000000	98.050	-18.7991
177.500000	98.015	-18.3306
180.000000	97.980	-17.9875
182.500000	97.946	-17.5876
185.000000	97.913	-17.1725
187.500000	97.870	-16.8565
190.000000	97.850	-16.3554
192.500000	97.838	-16.0044
195.000000	97.784	-15.5697
197.500000	97.764	-15.1511
200.000000	97.743	-14.7153
203.000000	97.725	-14.2466
206.000000	97.705	-13.7049
209.000000	97.695	-13.1612
212.000000	97.705	-12.6595
214.000000	97.716	-12.3748
218.000000	97.740	-11.9165
220.000000	97.753	-11.7799
224.000000	97.757	-11.4914
227.000000	97.753	-11.2774
230.000000	97.747	-11.0805
233.000000	97.739	-10.8646
236.000000	97.729	-10.6458
240.000000	97.716	-10.4092
243.000000	97.709	-10.1413
247.000000	97.693	-9.8222
250.000000	97.683	-9.5983
254.000000	97.671	-9.2898
258.000000	97.662	-8.9882
262.000000	97.652	-8.6953
265.000000	97.648	-8.4730
269.000000	97.639	-8.1799
272.000000	97.633	-7.9797
276.000000	97.628	-7.6994
280.000000	97.622	-7.4571
285.000000	97.618	-7.1217
290.000000	97.610	-6.7900
295.000000	97.604	-6.5002
300.000000	97.601	-6.1989
304.000000	97.597	-5.9605
307.000000	97.593	-5.7999
311.000000	97.591	-5.5642
315.000000	97.588	-5.3461
320.000000	97.584	-5.0737
325.000000	97.582	-4.8144
330.000000	97.584	-4.5403
335.000000	97.579	-4.2782
340.000000	97.583	-4.0300
345.000000	97.588	-3.8009
350.000000	97.589	-3.5878
355.000000	97.591	-3.3888
360.000000	97.590	-3.2092
365.000000	97.587	-3.0230
370.000000	97.584	-2.8283
375.000000	97.583	-2.6513
382.000000	97.578	-2.3812
387.000000	97.577	-2.2088
395.000000	97.570	-1.9228
400.000000	97.566	-1.7461
406.000000	97.563	-1.5298
412.000000	97.560	-1.3241
418.000000	97.558	-1.1118
425.000000	97.553	-0.8562
431.000000	97.550	-0.6500
437.000000	97.548	-0.4446
444.000000	97.545	-0.2037
450.000000	97.547	-0.0033
455.000000	97.547	0.1559
462.000000	97.548	0.3637
468.000000	97.548	0.5329
475.000000	97.549	0.6997
482.000000	97.548	0.8906
487.000000	97.544	1.0061
494.000000	97.540	1.1809
500.000000	97.536	1.3535
508.000000	97.530	1.5595
515.000000	97.525	1.7413
522.000000	97.520	1.9329
530.000000	97.517	2.1463
538.000000	97.512	2.3569
545.000000	97.509	2.5504
552.000000	97.507	2.7265
560.000000	97.505	2.9359
570.000000	97.504	3.1670
580.000000	97.504	3.3982
590.000000	97.506	3.6108
600.000000	97.504	3.7900
608.000000	97.505	3.9106
615.000000	97.504	4.0249
622.000000	97.502	4.1131
630.000000	97.498	4.2026
640.000000	97.486	4.3057
650.000000	97.472	4.3911
660.000000	97.454	4.4768
670.000000	97.431	4.5607
680.000000	97.403	4.6565
690.000000	97.371	4.7507
700.000000	97.333	4.8610
710.000000	97.294	4.9978
720.000000	97.250	5.1549
730.000000	97.203	5.3355
740.000000	97.151	5.5393
750.000000	97.100	5.7622
762.000000	97.036	6.0807
775.000000	96.960	6.4919
788.000000	96.889	6.9362
800.000000	96.818	7.4192
812.000000	96.754	7.9439
825.000000	96.684	8.5729
838.000000	96.619	9.2598
850.000000	96.561	9.9315
862.000000	96.511	10.6522
875.000000	96.460	11.4684
885.000000	96.428	12.1439
900.000000	96.386	13.1546
912.000000	96.361	13.9881
925.000000	96.342	14.9356
938.000000	96.332	15.8837
950.000000	96.335	16.7747
962.000000	96.339	17.6471
975.000000	96.356	18.5961
988.000000	96.379	19.5400
1000.000000	96.409	20.4227
1015.000000	96.454	21.4624
1030.000000	96.510	22.4803
1044.000000	96.570	23.3963
1060.000000	96.647	24.3841
1075.000000	96.723	25.2832
1090.000000	96.809	26.1147
1106.000000	96.904	26.9430
1120.000000	96.991	27.6248
1138.000000	97.108	28.4201
1150.000000	97.187	28.9190
1172.000000	97.330	29.7359
1180.000000	97.383	29.9929
1206.000000	97.550	30.8088
1220.000000	97.637	31.1840
1241.000000	97.766	31.7129
1250.000000	97.821	31.9137
1265.000000	97.909	32.2243
1280.000000	97.991	32.5046
1315.000000	98.178	33.1339
1320.000000	98.203	33.2163
1340.000000	98.302	33.5282
1360.000000	98.398	33.8379
1380.000000	98.489	34.1119
1400.000000	98.577	34.3986
1430.000000	98.703	34.8020
1450.000000	98.785	35.0824
1475.000000	98.883	35.4131
1500.000000	98.980	35.7464
1525.000000	99.075	36.0702
1550.000000	99.171	36.4024
1575.000000	99.266	36.7326
1600.000000	99.361	37.0653
1625.000000	99.457	37.3902
1650.000000	99.553	37.6994
1675.000000	99.650	38.0219
1700.000000	99.749	38.3135
1725.000000	99.848	38.5961
1750.000000	99.950	38.8769
1775.000000	100.052	39.1385
1800.000000	100.156	39.3789
1825.000000	100.260	39.6027
1850.000000	100.366	39.8015
1875.000000	100.473	39.9940
1900.000000	100.581	40.1561
1925.000000	100.689	40.2941
1950.000000	100.799	40.4116
1975.000000	100.908	40.4892
2000.000000	101.017	40.5389
2030.000000	101.150	40.5840
2060.000000	101.280	40.5846
2090.000000	101.410	40.5386
2120.000000	101.540	40.4476
2140.000000	101.624	40.3608
2180.000000	101.790	40.1437
2200.000000	101.872	40.0099
2240.000000	102.029	39.6887
2270.000000	102.142	39.3854
2300.000000	102.251	39.0644
2330.000000	102.355	38.6913
2360.000000	102.453	38.2953
2400.000000	102.575	37.7162
2430.000000	102.658	37.2602
2470.000000	102.757	36.6206
2500.000000	102.825	36.1248
2540.000000	102.903	35.4474
2580.000000	102.967	34.7734
2620.000000	103.021	34.1144
2650.000000	103.055	33.6319
2690.000000	103.092	33.0108
2720.000000	103.115	32.5669
2760.000000	103.143	32.0012
2800.000000	103.167	31.4390
2850.000000	103.191	30.7382
2900.000000	103.202	30.0196
2950.000000	103.200	29.3372
3000.000000	103.185	28.7267
3040.000000	103.166	28.2921
3070.000000	103.151	28.0140
3110.000000	103.130	27.6703
3150.000000	103.109	27.3807
3200.000000	103.086	27.0776
3250.000000	103.069	26.8190
3300.000000	103.055	26.6136
3350.000000	103.047	26.4311
3400.000000	103.048	26.2832
3450.000000	103.058	26.1253
3500.000000	103.078	25.9474
3550.000000	103.104	25.7335
3600.000000	103.136	25.4738
3650.000000	103.172	25.1432
3700.000000	103.210	24.7387
3750.000000	103.246	24.2591
3820.000000	103.291	23.4497
3870.000000	103.310	22.8106
3950.000000	103.324	21.6866
4000.000000	103.326	20.9448
4060.000000	103.316	19.9625
4120.000000	103.286	18.8865
4180.000000	103.228	17.7642
4250.000000	103.123	16.5049
4310.000000	103.009	15.5498
4370.000000	102.885	14.7145
4440.000000	102.736	13.8306
4500.000000	102.604	13.1278
4550.000000	102.494	12.5579
4620.000000	102.328	11.7410
4680.000000	102.177	11.0349
4750.000000	101.980	10.2307
4820.000000	101.755	9.4671
4870.000000	101.579	8.9682
4940.000000	101.311	8.3737
5000.000000	101.060	8.0051
5080.000000	100.697	7.7393
5150.000000	100.361	7.7722
5220.000000	100.016	8.0831
5300.000000	99.614	8.8438
5380.000000	99.220	9.9947
5450.000000	98.896	11.3800
5520.000000	98.602	13.0267
5600.000000	98.311	15.2382
5700.000000	98.025	18.3273
5800.000000	97.847	21.6472
5900.000000	97.772	24.9788
6000.000000	97.791	28.1216
6080.000000	97.861	30.4245
6150.000000	97.959	32.2678
6220.000000	98.080	33.8771
6300.000000	98.238	35.4831
6400.000000	98.451	37.0797
6500.000000	98.666	38.3233
6600.000000	98.870	39.2029
6700.000000	99.026	39.9440
6800.000000	99.203	41.0403
6900.000000	99.431	41.7125
7000.000000	99.650	42.2082
7100.000000	99.880	42.5904
7200.000000	100.139	42.8340
7300.000000	100.421	42.7591
7400.000000	100.720	42.3837
7500.000000	101.047	41.6668
7620.000000	101.446	39.9852
7750.000000	101.830	37.1963
7880.000000	102.113	33.5156
8000.000000	102.240	29.5357
8120.000000	102.213	25.3862
8250.000000	102.028	21.1644
8380.000000	101.738	17.4976
8500.000000	101.418	14.6339
8620.000000	101.074	12.2196
8750.000000	100.699	10.0956
8850.000000	100.425	8.7504
9000.000000	100.090	7.0183
9120.000000	99.887	5.5202
9250.000000	99.713	3.1702
9380.000000	99.429	-0.2399
9500.000000	98.905	-3.4666
9620.000000	98.186	-5.0107
9750.000000	97.493	-4.4165
9880.000000	97.101	-2.6826
10000.000000	96.885	-1.3245
10150.000000	96.824	-0.3636
10300.000000	96.857	-0.3098
10440.000000	96.919	-0.9959
10600.000000	96.984	-2.6004
10750.000000	96.967	-4.6831
10900.000000	96.881	-6.8073
11060.000000	96.770	-8.7915
11200.000000	96.707	-10.5365
11380.000000	96.627	-13.2037
11500.000000	96.549	-15.1708
11720.000000	96.346	-19.0863
11800.000000	96.237	-20.5602
12060.000000	95.754	-24.9968
12200.000000	95.416	-26.7876
12410.000000	94.882	-28.0937
12500.000000	94.679	-28.0778
12650.000000	94.469	-27.3535
12800.000000	94.444	-26.1168
13150.000000	95.252	-23.8085
13200.000000	95.461	-23.7421
13400.000000	96.526	-24.8055
13600.000000	97.911	-28.3534
13800.000000	99.556	-35.3693
14000.000000	101.343	-46.8423
14300.000000	103.681	-74.2218
14500.000000	104.347	-98.2500
14750.000000	103.880	-127.8097
15000.000000	102.772	-152.8021
15250.000000	101.692	-174.6704
15500.000000	100.796	164.2590
15750.000000	100.031	142.3791
16000.000000	99.181	119.0135
16250.000000	98.090	95.9677
16500.000000	97.105	74.1959
16750.000000	96.343	51.9017
17000.000000	95.761	28.3308
17250.000000	95.347	3.0410
17500.000000	95.174	-24.5282
17750.000000	95.405	-57.0997
18000.000000	95.196	-99.3708
18250.000000	93.622	-143.1354
18500.000000	92.106	176.9871
18750.000000	91.555	131.0429
19000.000000	90.600	72.6558
19250.000000	88.612	6.8527
19500.000000	86.015	-65.0145
19750.000000	82.910	-147.5387
