* Measurement data measured by REW V5.31.3
* Source: USB-C to 3.5mm Headphone Jack Adapter, USB-C to 3.5mm Headphone Jack Adapter, 0, volume: 0.138
* Format: 256k Log Swept Sine, 1 sweep at -12.0 dBFS with no timing reference
* Dated: Mar 28, 2025 7:33:31 AM
* REW Settings:
*  C-weighting compensation: Off
*  Target level: 75.0 dB
* Note: 
* Measurement: R
* Smoothing: None
* Frequency Step: 1/48 octave
* Start Frequency: 20.300 Hz
*
* Freq(Hz)	SPL(dB)	Phase(degrees)
20.299999	105.770	-167.5239
20.600000	105.759	-168.1575
20.900000	105.741	-168.6927
21.200001	105.725	-169.1878
21.400000	105.718	-169.5037
21.799999	105.715	-170.1319
22.000000	105.717	-170.4559
22.400000	105.727	-171.1345
22.700001	105.732	-171.6652
23.000000	105.733	-172.1975
23.299999	105.728	-172.7122
23.600000	105.718	-173.1938
24.000000	105.700	-173.7747
24.299999	105.687	-174.1745
24.700001	105.673	-174.6893
25.000000	105.666	-175.0843
25.400000	105.657	-175.6421
25.799999	105.647	-176.2335
26.200001	105.632	-176.8353
26.500000	105.617	-177.2758
26.900000	105.597	-177.8343
27.200001	105.582	-178.2301
27.600000	105.565	-178.7376
28.000000	105.551	-179.2366
28.500000	105.533	-179.8628
29.000000	105.512	179.5142
29.500000	105.488	178.9103
30.000000	105.461	178.3334
30.400000	105.440	177.8877
30.700001	105.424	177.5591
31.100000	105.404	177.1256
31.500000	105.384	176.6970
32.000000	105.358	176.1721
32.500000	105.330	175.6650
33.000000	105.303	175.1771
33.500000	105.274	174.7013
34.000000	105.245	174.2274
34.500000	105.214	173.7535
35.000000	105.181	173.2870
35.500000	105.150	172.8331
36.000000	105.120	172.3880
36.500000	105.090	171.9494
37.000000	105.060	171.5232
37.500000	105.029	171.1145
38.200001	104.984	170.5511
38.700001	104.951	170.1382
39.500000	104.893	169.4934
40.000000	104.858	169.1278
40.599998	104.823	168.7038
41.200001	104.788	168.2588
41.799999	104.744	167.8171
42.500000	104.688	167.3678
43.099998	104.647	167.0051
43.700001	104.612	166.5977
44.400002	104.566	166.1094
45.000000	104.523	165.7526
45.500000	104.492	165.4730
46.200001	104.445	165.0319
46.799999	104.392	164.6514
47.500000	104.331	164.3079
48.200001	104.288	163.9786
48.700001	104.259	163.6821
49.400002	104.205	163.2604
50.000000	104.158	162.9428
50.799999	104.102	162.4514
51.500000	104.040	162.0248
52.200001	103.983	161.8247
53.000000	103.959	161.6330
53.799999	103.922	161.1558
54.500000	103.850	160.7671
55.200001	103.783	160.5296
56.000000	103.729	160.2124
57.000000	103.653	159.8045
58.000000	103.573	159.5045
59.000000	103.488	159.2030
60.000000	103.423	158.8918
60.799999	103.376	158.5286
61.500000	103.323	158.2458
62.200001	103.272	158.0503
63.000000	103.218	157.8247
64.000000	103.143	157.5167
65.000000	103.073	157.2465
66.000000	103.003	156.9754
67.000000	102.929	156.7449
68.000000	102.855	156.5079
69.000000	102.782	156.2869
70.000000	102.717	156.0790
71.000000	102.644	155.8616
72.000000	102.567	155.6942
73.000000	102.500	155.5048
74.000000	102.439	155.3168
75.000000	102.375	155.1575
76.199997	102.289	155.0148
77.500000	102.200	154.7643
78.800003	102.107	154.6053
80.000000	102.036	154.4964
81.199997	101.953	154.3621
82.500000	101.874	154.2433
83.800003	101.789	154.1435
85.000000	101.713	154.0568
86.199997	101.638	153.9617
87.500000	101.559	153.8943
88.500000	101.499	153.8350
90.000000	101.409	153.7613
91.199997	101.337	153.7342
92.500000	101.261	153.7037
93.800003	101.187	153.6614
95.000000	101.117	153.6434
96.199997	101.050	153.6389
97.500000	100.979	153.6364
98.800003	100.909	153.6366
100.000000	100.842	153.6697
101.500000	100.763	153.7005
103.000000	100.687	153.7234
104.400002	100.616	153.7747
106.000000	100.531	153.8156
107.500000	100.466	153.8889
109.000000	100.388	153.9375
110.599998	100.317	154.0207
112.000000	100.250	154.0911
113.800003	100.168	154.2239
115.000000	100.116	154.3123
117.199997	100.019	154.4706
118.000000	99.988	154.5345
120.599998	99.872	154.7449
122.000000	99.821	154.8228
124.099998	99.736	155.0236
125.000000	99.702	155.1087
126.500000	99.647	155.2307
128.000000	99.592	155.3757
131.500000	99.465	155.7144
132.000000	99.446	155.7567
134.000000	99.381	155.9548
136.000000	99.308	156.1867
138.000000	99.247	156.3700
140.000000	99.185	156.5947
143.000000	99.095	156.9026
145.000000	99.035	157.1381
147.500000	98.963	157.4033
150.000000	98.895	157.6609
152.500000	98.829	157.9673
155.000000	98.762	158.2188
157.500000	98.697	158.5109
160.000000	98.638	158.7652
162.500000	98.579	159.0822
165.000000	98.522	159.3654
167.500000	98.463	159.6569
170.000000	98.412	159.9376
172.500000	98.356	160.2424
175.000000	98.302	160.5444
177.500000	98.254	160.8314
180.000000	98.198	161.1472
182.500000	98.155	161.4391
185.000000	98.106	161.7717
187.500000	98.064	162.0920
190.000000	98.018	162.4235
192.500000	97.975	162.7584
195.000000	97.934	163.1496
197.500000	97.897	163.5596
200.000000	97.865	163.9550
203.000000	97.840	164.5175
206.000000	97.838	165.0005
209.000000	97.847	165.3521
212.000000	97.856	165.5590
214.000000	97.850	165.6672
218.000000	97.825	165.8317
220.000000	97.805	165.9095
224.000000	97.766	166.1537
227.000000	97.732	166.3704
230.000000	97.701	166.5975
233.000000	97.672	166.8087
236.000000	97.637	167.0563
240.000000	97.610	167.3755
243.000000	97.577	167.5918
247.000000	97.539	167.9382
250.000000	97.508	168.1865
254.000000	97.475	168.5020
258.000000	97.444	168.8595
262.000000	97.413	169.1843
265.000000	97.389	169.4482
269.000000	97.357	169.7797
272.000000	97.337	170.0187
276.000000	97.310	170.4020
280.000000	97.283	170.7405
285.000000	97.251	171.2003
290.000000	97.228	171.6785
295.000000	97.214	172.1225
300.000000	97.205	172.4987
304.000000	97.195	172.7790
307.000000	97.187	173.0047
311.000000	97.174	173.2635
315.000000	97.158	173.5262
320.000000	97.136	173.8935
325.000000	97.121	174.2737
330.000000	97.111	174.6545
335.000000	97.106	175.0005
340.000000	97.106	175.2902
345.000000	97.099	175.5435
350.000000	97.085	175.7739
355.000000	97.067	176.0285
360.000000	97.050	176.3074
365.000000	97.031	176.5970
370.000000	97.013	176.8962
375.000000	96.997	177.1788
382.000000	96.973	177.6229
387.000000	96.958	177.9208
395.000000	96.936	178.4226
400.000000	96.922	178.7333
406.000000	96.913	179.1298
412.000000	96.900	179.5127
418.000000	96.894	179.9316
425.000000	96.892	-179.6336
431.000000	96.890	-179.2921
437.000000	96.892	-178.9903
444.000000	96.889	-178.6375
450.000000	96.881	-178.3604
455.000000	96.875	-178.1080
462.000000	96.866	-177.7533
468.000000	96.857	-177.4516
475.000000	96.850	-177.0732
482.000000	96.840	-176.7233
487.000000	96.833	-176.4539
494.000000	96.828	-176.0749
500.000000	96.821	-175.7533
508.000000	96.815	-175.3253
515.000000	96.813	-174.9644
522.000000	96.807	-174.5776
530.000000	96.804	-174.1656
538.000000	96.804	-173.7283
545.000000	96.801	-173.3529
552.000000	96.800	-172.9838
560.000000	96.800	-172.5782
570.000000	96.803	-172.0522
580.000000	96.803	-171.5332
590.000000	96.811	-171.0175
600.000000	96.816	-170.4790
608.000000	96.819	-170.0664
615.000000	96.825	-169.6941
622.000000	96.834	-169.3262
630.000000	96.842	-168.9249
640.000000	96.859	-168.4153
650.000000	96.874	-167.9325
660.000000	96.890	-167.4819
670.000000	96.907	-167.0034
680.000000	96.924	-166.5622
690.000000	96.937	-166.0978
700.000000	96.952	-165.6509
710.000000	96.966	-165.1902
720.000000	96.984	-164.7299
730.000000	96.999	-164.2951
740.000000	97.013	-163.8365
750.000000	97.027	-163.3901
762.000000	97.047	-162.8359
775.000000	97.066	-162.2285
788.000000	97.082	-161.5920
800.000000	97.101	-160.9754
812.000000	97.124	-160.3398
825.000000	97.149	-159.6186
838.000000	97.186	-158.8777
850.000000	97.225	-158.1758
862.000000	97.273	-157.4566
875.000000	97.333	-156.7219
885.000000	97.383	-156.1488
900.000000	97.467	-155.3316
912.000000	97.541	-154.7130
925.000000	97.625	-154.0814
938.000000	97.712	-153.4902
950.000000	97.798	-152.9553
962.000000	97.884	-152.4662
975.000000	97.979	-151.9661
988.000000	98.077	-151.4966
1000.000000	98.171	-151.0903
1015.000000	98.290	-150.6266
1030.000000	98.409	-150.1968
1044.000000	98.524	-149.8434
1060.000000	98.655	-149.5084
1075.000000	98.780	-149.2322
1090.000000	98.902	-149.0176
1106.000000	99.034	-148.8471
1120.000000	99.148	-148.7353
1138.000000	99.289	-148.6467
1150.000000	99.380	-148.6362
1172.000000	99.546	-148.6716
1180.000000	99.602	-148.6969
1206.000000	99.780	-148.8707
1220.000000	99.870	-149.0130
1241.000000	99.995	-149.2397
1250.000000	100.046	-149.3572
1265.000000	100.125	-149.5558
1280.000000	100.201	-149.7812
1315.000000	100.356	-150.3102
1320.000000	100.376	-150.4023
1340.000000	100.451	-150.7189
1360.000000	100.519	-151.0226
1380.000000	100.578	-151.3476
1400.000000	100.630	-151.6439
1430.000000	100.697	-152.0694
1450.000000	100.734	-152.3377
1475.000000	100.776	-152.6438
1500.000000	100.809	-152.9120
1525.000000	100.838	-153.1413
1550.000000	100.862	-153.3455
1575.000000	100.880	-153.5136
1600.000000	100.899	-153.6375
1625.000000	100.914	-153.7294
1650.000000	100.926	-153.7846
1675.000000	100.940	-153.8072
1700.000000	100.952	-153.7882
1725.000000	100.965	-153.7426
1750.000000	100.981	-153.6634
1775.000000	100.998	-153.5696
1800.000000	101.018	-153.4342
1825.000000	101.042	-153.2876
1850.000000	101.067	-153.1184
1875.000000	101.098	-152.9105
1900.000000	101.133	-152.7153
1925.000000	101.172	-152.5008
1950.000000	101.217	-152.2859
1975.000000	101.267	-152.0790
2000.000000	101.322	-151.8605
2030.000000	101.395	-151.6272
2060.000000	101.477	-151.4219
2090.000000	101.566	-151.2448
2120.000000	101.661	-151.1337
2140.000000	101.726	-151.0626
2180.000000	101.866	-151.0407
2200.000000	101.939	-151.0697
2240.000000	102.085	-151.2218
2270.000000	102.195	-151.4249
2300.000000	102.304	-151.7062
2330.000000	102.410	-152.0600
2360.000000	102.514	-152.4886
2400.000000	102.637	-153.1894
2430.000000	102.719	-153.7801
2470.000000	102.815	-154.6411
2500.000000	102.874	-155.3444
2540.000000	102.932	-156.3342
2580.000000	102.971	-157.3633
2620.000000	102.985	-158.3929
2650.000000	102.983	-159.1437
2690.000000	102.960	-160.1108
2720.000000	102.931	-160.8036
2760.000000	102.879	-161.6768
2800.000000	102.814	-162.4490
2850.000000	102.717	-163.3042
2900.000000	102.609	-164.0172
2950.000000	102.491	-164.5843
3000.000000	102.371	-165.0000
3040.000000	102.272	-165.2384
3070.000000	102.197	-165.3510
3110.000000	102.103	-165.4060
3150.000000	102.015	-165.3617
3200.000000	101.922	-165.1768
3250.000000	101.856	-164.9209
3300.000000	101.815	-164.7008
3350.000000	101.788	-164.5706
3400.000000	101.766	-164.5065
3450.000000	101.746	-164.4776
3500.000000	101.730	-164.4863
3550.000000	101.717	-164.5496
3600.000000	101.709	-164.6618
3650.000000	101.702	-164.8234
3700.000000	101.695	-165.0605
3750.000000	101.686	-165.4034
3820.000000	101.663	-166.0411
3870.000000	101.630	-166.6558
3950.000000	101.507	-167.9347
4000.000000	101.327	-168.4666
4060.000000	101.186	-168.3932
4120.000000	101.070	-168.7689
4180.000000	100.897	-168.9916
4250.000000	100.695	-168.9013
4310.000000	100.534	-168.6376
4370.000000	100.399	-168.1903
4440.000000	100.285	-167.5779
4500.000000	100.231	-167.1159
4550.000000	100.214	-166.8528
4620.000000	100.211	-166.8537
4680.000000	100.204	-167.1953
4750.000000	100.160	-168.0090
4820.000000	100.057	-169.0413
4870.000000	99.943	-169.8513
4940.000000	99.718	-170.9243
5000.000000	99.481	-171.6881
5080.000000	99.108	-172.3831
5150.000000	98.739	-172.6444
5220.000000	98.351	-172.5130
5300.000000	97.901	-171.8679
5380.000000	97.460	-170.7890
5450.000000	97.089	-169.3997
5520.000000	96.749	-167.7536
5600.000000	96.391	-165.4835
5700.000000	96.014	-162.3035
5800.000000	95.714	-158.6979
5900.000000	95.511	-154.8158
6000.000000	95.405	-150.7603
6080.000000	95.401	-147.4302
6150.000000	95.455	-144.5371
6220.000000	95.569	-141.7056
6300.000000	95.765	-138.6097
6400.000000	96.121	-135.1075
6500.000000	96.581	-132.1391
6600.000000	97.127	-129.8788
6700.000000	97.747	-128.5099
6800.000000	98.411	-128.2366
6900.000000	99.018	-128.8961
7000.000000	99.758	-130.4265
7100.000000	100.298	-134.2514
7200.000000	100.598	-138.6814
7300.000000	100.646	-143.3004
7400.000000	100.455	-147.3493
7500.000000	100.110	-150.2341
7620.000000	99.640	-152.0687
7750.000000	99.187	-152.4267
7880.000000	98.867	-151.7338
8000.000000	98.703	-150.5864
8120.000000	98.668	-149.3536
8250.000000	98.763	-148.2282
8380.000000	98.982	-147.5320
8500.000000	99.252	-147.5652
8620.000000	99.560	-148.3161
8750.000000	99.889	-150.0515
8850.000000	100.122	-151.9189
9000.000000	100.382	-155.6597
9120.000000	100.454	-159.2990
9250.000000	100.398	-163.1268
9380.000000	100.241	-166.8640
9500.000000	100.014	-170.0279
9620.000000	99.729	-172.7635
9750.000000	99.405	-175.2798
9880.000000	99.084	-177.4043
10000.000000	98.809	-179.0937
10150.000000	98.497	178.9959
10300.000000	98.228	176.9997
10440.000000	97.999	175.1181
10600.000000	97.744	172.9605
10750.000000	97.534	171.0412
10900.000000	97.387	169.1306
11060.000000	97.308	166.8628
11200.000000	97.297	164.4730
11380.000000	97.342	160.5303
11500.000000	97.371	157.3655
11720.000000	97.360	150.6014
11800.000000	97.331	148.0133
12060.000000	97.153	139.0166
12200.000000	97.021	134.0805
12410.000000	96.776	126.5022
12500.000000	96.662	123.2742
12650.000000	96.446	117.9015
12800.000000	96.237	112.7756
13150.000000	95.856	101.4233
13200.000000	95.811	99.7857
13400.000000	95.791	93.2789
13600.000000	95.924	86.2277
13800.000000	96.222	78.0594
14000.000000	96.670	68.1637
14300.000000	97.459	48.0696
14500.000000	97.733	29.9585
14750.000000	97.189	3.6813
15000.000000	95.563	-21.2677
15250.000000	93.446	-41.5985
15500.000000	91.466	-58.3243
15750.000000	89.877	-73.1492
16000.000000	88.802	-88.2996
16250.000000	88.246	-105.3896
16500.000000	88.252	-124.9219
16750.000000	88.895	-148.6125
17000.000000	90.223	-179.4163
17250.000000	91.915	136.0963
17500.000000	91.422	76.4121
17750.000000	88.103	24.6893
18000.000000	84.713	-15.3525
18250.000000	81.986	-51.7007
18500.000000	79.746	-88.7487
18750.000000	78.093	-128.3647
19000.000000	76.266	-172.0400
19250.000000	74.785	134.7795
19500.000000	72.756	71.8373
19750.000000	69.870	-1.0505
